# energy(MeV) dYield(atoms/MeV/s) photonFlux(photons/MeV/uA/s) crossSection(mb)
# 501 4
# 501 4
 0.00000000e+00  0.00000000e+00  4.09740000e+13  0.00000000e+00
 1.00000000e-01  0.00000000e+00  4.17165000e+13  0.00000000e+00
 2.00000000e-01  0.00000000e+00  4.24590000e+13  0.00000000e+00
 3.00000000e-01  0.00000000e+00  4.32015000e+13  0.00000000e+00
 4.00000000e-01  0.00000000e+00  4.39440000e+13  0.00000000e+00
 5.00000000e-01  0.00000000e+00  4.46865000e+13  0.00000000e+00
 6.00000000e-01  0.00000000e+00  4.35502200e+13  0.00000000e+00
 7.00000000e-01  0.00000000e+00  4.24139400e+13  0.00000000e+00
 8.00000000e-01  0.00000000e+00  4.12776600e+13  0.00000000e+00
 9.00000000e-01  0.00000000e+00  4.01413800e+13  0.00000000e+00
 1.00000000e+00  0.00000000e+00  3.90051000e+13  0.00000000e+00
 1.10000000e+00  0.00000000e+00  3.62999700e+13  0.00000000e+00
 1.20000000e+00  0.00000000e+00  3.35948400e+13  0.00000000e+00
 1.30000000e+00  0.00000000e+00  3.08897100e+13  0.00000000e+00
 1.40000000e+00  0.00000000e+00  2.81845800e+13  0.00000000e+00
 1.50000000e+00  0.00000000e+00  2.54794500e+13  0.00000000e+00
 1.60000000e+00  0.00000000e+00  2.41599000e+13  0.00000000e+00
 1.70000000e+00  0.00000000e+00  2.28403500e+13  0.00000000e+00
 1.80000000e+00  0.00000000e+00  2.15208000e+13  0.00000000e+00
 1.90000000e+00  0.00000000e+00  2.02012500e+13  0.00000000e+00
 2.00000000e+00  0.00000000e+00  1.88817000e+13  0.00000000e+00
 2.10000000e+00  0.00000000e+00  1.80562800e+13  0.00000000e+00
 2.20000000e+00  0.00000000e+00  1.72308600e+13  0.00000000e+00
 2.30000000e+00  0.00000000e+00  1.64054400e+13  0.00000000e+00
 2.40000000e+00  0.00000000e+00  1.55800200e+13  0.00000000e+00
 2.50000000e+00  0.00000000e+00  1.47546000e+13  0.00000000e+00
 2.60000000e+00  0.00000000e+00  1.41992100e+13  0.00000000e+00
 2.70000000e+00  0.00000000e+00  1.36438200e+13  0.00000000e+00
 2.80000000e+00  0.00000000e+00  1.30884300e+13  0.00000000e+00
 2.90000000e+00  0.00000000e+00  1.25330400e+13  0.00000000e+00
 3.00000000e+00  0.00000000e+00  1.19776500e+13  0.00000000e+00
 3.10000000e+00  0.00000000e+00  1.15844700e+13  0.00000000e+00
 3.20000000e+00  0.00000000e+00  1.11912900e+13  0.00000000e+00
 3.30000000e+00  0.00000000e+00  1.07981100e+13  0.00000000e+00
 3.40000000e+00  0.00000000e+00  1.04049300e+13  0.00000000e+00
 3.50000000e+00  0.00000000e+00  1.00117500e+13  0.00000000e+00
 3.60000000e+00  0.00000000e+00  9.71415000e+12  0.00000000e+00
 3.70000000e+00  0.00000000e+00  9.41655000e+12  0.00000000e+00
 3.80000000e+00  0.00000000e+00  9.11895000e+12  0.00000000e+00
 3.90000000e+00  0.00000000e+00  8.82135000e+12  0.00000000e+00
 4.00000000e+00  0.00000000e+00  8.52375000e+12  0.00000000e+00
 4.10000000e+00  0.00000000e+00  8.29482000e+12  0.00000000e+00
 4.20000000e+00  0.00000000e+00  8.06589000e+12  0.00000000e+00
 4.30000000e+00  0.00000000e+00  7.83696000e+12  0.00000000e+00
 4.40000000e+00  0.00000000e+00  7.60803000e+12  0.00000000e+00
 4.50000000e+00  0.00000000e+00  7.37910000e+12  0.00000000e+00
 4.60000000e+00  0.00000000e+00  7.19379000e+12  0.00000000e+00
 4.70000000e+00  0.00000000e+00  7.00848000e+12  0.00000000e+00
 4.80000000e+00  0.00000000e+00  6.82317000e+12  0.00000000e+00
 4.90000000e+00  0.00000000e+00  6.63786000e+12  0.00000000e+00
 5.00000000e+00  0.00000000e+00  6.45255000e+12  0.00000000e+00
 5.10000000e+00  0.00000000e+00  6.30432000e+12  0.00000000e+00
 5.20000000e+00  0.00000000e+00  6.15609000e+12  0.00000000e+00
 5.30000000e+00  0.00000000e+00  6.00786000e+12  0.00000000e+00
 5.40000000e+00  0.00000000e+00  5.85963000e+12  0.00000000e+00
 5.50000000e+00  0.00000000e+00  5.71140000e+12  0.00000000e+00
 5.60000000e+00  0.00000000e+00  5.59029000e+12  0.00000000e+00
 5.70000000e+00  0.00000000e+00  5.46918000e+12  0.00000000e+00
 5.80000000e+00  0.00000000e+00  5.34807000e+12  0.00000000e+00
 5.90000000e+00  0.00000000e+00  5.22696000e+12  0.00000000e+00
 6.00000000e+00  0.00000000e+00  5.10585000e+12  0.00000000e+00
 6.10000000e+00  0.00000000e+00  5.00358000e+12  0.00000000e+00
 6.20000000e+00  0.00000000e+00  4.90131000e+12  0.00000000e+00
 6.30000000e+00  0.00000000e+00  4.79904000e+12  0.00000000e+00
 6.40000000e+00  0.00000000e+00  4.69677000e+12  0.00000000e+00
 6.50000000e+00  0.00000000e+00  4.59450000e+12  0.00000000e+00
 6.60000000e+00  5.69900229e+08  4.50942000e+12  1.27245380e-26
 6.70000000e+00  6.03432094e+08  4.42434000e+12  1.37323160e-26
 6.80000000e+00  6.35260787e+08  4.33926000e+12  1.47400940e-26
 6.90000000e+00  6.65386308e+08  4.25418000e+12  1.57478720e-26
 7.00000000e+00  6.93808657e+08  4.16910000e+12  1.67556500e-26
 7.10000000e+00  7.25330292e+08  4.09428000e+12  1.78370140e-26
 7.20000000e+00  7.55244779e+08  4.01946000e+12  1.89183780e-26
 7.30000000e+00  7.83552119e+08  3.94464000e+12  1.99997420e-26
 7.40000000e+00  8.10252312e+08  3.86982000e+12  2.10811060e-26
 7.50000000e+00  8.35345357e+08  3.79500000e+12  2.21624700e-26
 7.60000000e+00  8.76955381e+08  3.72930000e+12  2.36763120e-26
 7.70000000e+00  9.16589747e+08  3.66360000e+12  2.51901540e-26
 7.80000000e+00  9.54248453e+08  3.59790000e+12  2.67039960e-26
 7.90000000e+00  9.89931500e+08  3.53220000e+12  2.82178380e-26
 8.00000000e+00  1.02363889e+09  3.46650000e+12  2.97316800e-26
 8.10000000e+00  1.08077383e+09  3.40911000e+12  3.19196180e-26
 8.20000000e+00  1.13541455e+09  3.35172000e+12  3.41075560e-26
 8.30000000e+00  1.18756102e+09  3.29433000e+12  3.62954940e-26
 8.40000000e+00  1.23721326e+09  3.23694000e+12  3.84834320e-26
 8.50000000e+00  1.28437127e+09  3.17955000e+12  4.06713700e-26
 8.60000000e+00  1.36441532e+09  3.13095600e+12  4.38766540e-26
 8.70000000e+00  1.44136541e+09  3.08236200e+12  4.70819380e-26
 8.80000000e+00  1.51522153e+09  3.03376800e+12  5.02872220e-26
 8.90000000e+00  1.58598369e+09  2.98517400e+12  5.34925060e-26
 9.00000000e+00  1.65365188e+09  2.93658000e+12  5.66977900e-26
 9.10000000e+00  1.76413603e+09  2.89175100e+12  6.14235700e-26
 9.20000000e+00  1.87041196e+09  2.84692200e+12  6.61493500e-26
 9.30000000e+00  1.97247967e+09  2.80209300e+12  7.08751300e-26
 9.40000000e+00  2.07033915e+09  2.75726400e+12  7.56009100e-26
 9.50000000e+00  2.16399042e+09  2.71243500e+12  8.03266900e-26
 9.60000000e+00  2.31695858e+09  2.67194400e+12  8.73081520e-26
 9.70000000e+00  2.46431146e+09  2.63145300e+12  9.42896140e-26
 9.80000000e+00  2.60604908e+09  2.59096200e+12  1.01271076e-25
 9.90000000e+00  2.74217141e+09  2.55047100e+12  1.08252538e-25
 1.00000000e+01  2.87267848e+09  2.50998000e+12  1.15234000e-25
 1.01000000e+01  3.08609549e+09  2.47537500e+12  1.25525580e-25
 1.02000000e+01  3.29243814e+09  2.44077000e+12  1.35817160e-25
 1.03000000e+01  3.49170643e+09  2.40616500e+12  1.46108740e-25
 1.04000000e+01  3.68390037e+09  2.37156000e+12  1.56400320e-25
 1.05000000e+01  3.86901995e+09  2.33695500e+12  1.66691900e-25
 1.06000000e+01  4.14819064e+09  2.30422800e+12  1.81257980e-25
 1.07000000e+01  4.41789210e+09  2.27150100e+12  1.95824060e-25
 1.08000000e+01  4.67812432e+09  2.23877400e+12  2.10390140e-25
 1.09000000e+01  4.92888731e+09  2.20604700e+12  2.24956220e-25
 1.10000000e+01  5.17018105e+09  2.17332000e+12  2.39522300e-25
 1.11000000e+01  5.44267079e+09  2.14439700e+12  2.55546980e-25
 1.12000000e+01  5.70595393e+09  2.11547400e+12  2.71571660e-25
 1.13000000e+01  5.96003048e+09  2.08655100e+12  2.87596340e-25
 1.14000000e+01  6.20490045e+09  2.05762800e+12  3.03621020e-25
 1.15000000e+01  6.44056382e+09  2.02870500e+12  3.19645700e-25
 1.16000000e+01  6.19521837e+09  2.00379900e+12  3.11290840e-25
 1.17000000e+01  5.95400633e+09  1.97889300e+12  3.02935980e-25
 1.18000000e+01  5.71692771e+09  1.95398700e+12  2.94581120e-25
 1.19000000e+01  5.48398251e+09  1.92908100e+12  2.86226260e-25
 1.20000000e+01  5.25517073e+09  1.90417500e+12  2.77871400e-25
 1.21000000e+01  4.89774966e+09  1.88090100e+12  2.62176960e-25
 1.22000000e+01  4.54758434e+09  1.85762700e+12  2.46482520e-25
 1.23000000e+01  4.20467478e+09  1.83435300e+12  2.30788080e-25
 1.24000000e+01  3.86902099e+09  1.81107900e+12  2.15093640e-25
 1.25000000e+01  3.54062296e+09  1.78780500e+12  1.99399200e-25
 1.26000000e+01  3.28644205e+09  1.76661900e+12  1.87303960e-25
 1.27000000e+01  3.03735127e+09  1.74543300e+12  1.75208720e-25
 1.28000000e+01  2.79335064e+09  1.72424700e+12  1.63113480e-25
 1.29000000e+01  2.55444014e+09  1.70306100e+12  1.51018240e-25
 1.30000000e+01  2.32061978e+09  1.68187500e+12  1.38923000e-25
 1.31000000e+01  2.15997087e+09  1.66318200e+12  1.30759122e-25
 1.32000000e+01  2.00235334e+09  1.64448900e+12  1.22595244e-25
 1.33000000e+01  1.84776721e+09  1.62579600e+12  1.14431366e-25
 1.34000000e+01  1.69621246e+09  1.60710300e+12  1.06267488e-25
 1.35000000e+01  1.54768910e+09  1.58841000e+12  9.81036100e-26
 1.36000000e+01  1.45859214e+09  1.56982800e+12  9.35504060e-26
 1.37000000e+01  1.37117583e+09  1.55124600e+12  8.89972020e-26
 1.38000000e+01  1.28544016e+09  1.53266400e+12  8.44439980e-26
 1.39000000e+01  1.20138514e+09  1.51408200e+12  7.98907940e-26
 1.40000000e+01  1.11901076e+09  1.49550000e+12  7.53375900e-26
 1.41000000e+01  1.06268020e+09  1.47758400e+12  7.24126240e-26
 1.42000000e+01  1.00739058e+09  1.45966800e+12  6.94876580e-26
 1.43000000e+01  9.53141902e+08  1.44175200e+12  6.65626920e-26
 1.44000000e+01  8.99934173e+08  1.42383600e+12  6.36377260e-26
 1.45000000e+01  8.47767391e+08  1.40592000e+12  6.07127600e-26
 1.46000000e+01  8.02824347e+08  1.39007400e+12  5.81495680e-26
 1.47000000e+01  7.58688106e+08  1.37422800e+12  5.55863760e-26
 1.48000000e+01  7.15358667e+08  1.35838200e+12  5.30231840e-26
 1.49000000e+01  6.72836030e+08  1.34253600e+12  5.04599920e-26
 1.50000000e+01  6.31120194e+08  1.32669000e+12  4.78968000e-26
 1.51000000e+01  5.94457079e+08  1.31242200e+12  4.56048340e-26
 1.52000000e+01  5.58443551e+08  1.29815400e+12  4.33128680e-26
 1.53000000e+01  5.23079610e+08  1.28388600e+12  4.10209020e-26
 1.54000000e+01  4.88365256e+08  1.26961800e+12  3.87289360e-26
 1.55000000e+01  4.54300489e+08  1.25535000e+12  3.64369700e-26
 1.56000000e+01  4.25888827e+08  1.24232100e+12  3.45164640e-26
 1.57000000e+01  3.97974208e+08  1.22929200e+12  3.25959580e-26
 1.58000000e+01  3.70556630e+08  1.21626300e+12  3.06754520e-26
 1.59000000e+01  3.43636094e+08  1.20323400e+12  2.87549460e-26
 1.60000000e+01  3.17212599e+08  1.19020500e+12  2.68344400e-26
 1.61000000e+01  2.97812891e+08  1.17893400e+12  2.54341880e-26
 1.62000000e+01  2.78726680e+08  1.16766300e+12  2.40339360e-26
 1.63000000e+01  2.59953967e+08  1.15639200e+12  2.26336840e-26
 1.64000000e+01  2.41494752e+08  1.14512100e+12  2.12334320e-26
 1.65000000e+01  2.23349035e+08  1.13385000e+12  1.98331800e-26
 1.66000000e+01  2.10019330e+08  1.12226700e+12  1.88419980e-26
 1.67000000e+01  1.96917680e+08  1.11068400e+12  1.78508160e-26
 1.68000000e+01  1.84044086e+08  1.09910100e+12  1.68596340e-26
 1.69000000e+01  1.71398548e+08  1.08751800e+12  1.58684520e-26
 1.70000000e+01  1.58981065e+08  1.07593500e+12  1.48772700e-26
 1.71000000e+01  1.50419786e+08  1.06533300e+12  1.42161980e-26
 1.72000000e+01  1.41997727e+08  1.05473100e+12  1.35551260e-26
 1.73000000e+01  1.33714888e+08  1.04412900e+12  1.28940540e-26
 1.74000000e+01  1.25571270e+08  1.03352700e+12  1.22329820e-26
 1.75000000e+01  1.17566872e+08  1.02292500e+12  1.15719100e-26
 1.76000000e+01  1.11741088e+08  1.01361000e+12  1.10995632e-26
 1.77000000e+01  1.06002705e+08  1.00429500e+12  1.06272164e-26
 1.78000000e+01  1.00351721e+08  9.94980000e+11  1.01548696e-26
 1.79000000e+01  9.47881366e+07  9.85665000e+11  9.68252280e-27
 1.80000000e+01  8.93119521e+07  9.76350000e+11  9.21017600e-27
 1.81000000e+01  8.51478963e+07  9.66876000e+11  8.86680220e-27
 1.82000000e+01  8.10484604e+07  9.57402000e+11  8.52342840e-27
 1.83000000e+01  7.70136445e+07  9.47928000e+11  8.18005460e-27
 1.84000000e+01  7.30434486e+07  9.38454000e+11  7.83668080e-27
 1.85000000e+01  6.91378726e+07  9.28980000e+11  7.49330700e-27
 1.86000000e+01  6.61949636e+07  9.20328000e+11  7.24179440e-27
 1.87000000e+01  6.32952804e+07  9.11676000e+11  6.99028180e-27
 1.88000000e+01  6.04388228e+07  9.03024000e+11  6.73876920e-27
 1.89000000e+01  5.76255911e+07  8.94372000e+11  6.48725660e-27
 1.90000000e+01  5.48555850e+07  8.85720000e+11  6.23574400e-27
 1.91000000e+01  5.26435055e+07  8.77206000e+11  6.04236680e-27
 1.92000000e+01  5.04641303e+07  8.68692000e+11  5.84898960e-27
 1.93000000e+01  4.83174594e+07  8.60178000e+11  5.65561240e-27
 1.94000000e+01  4.62034929e+07  8.51664000e+11  5.46223520e-27
 1.95000000e+01  4.41222306e+07  8.43150000e+11  5.26885800e-27
 1.96000000e+01  4.24155841e+07  8.34966000e+11  5.11470440e-27
 1.97000000e+01  4.07339979e+07  8.26782000e+11  4.96055080e-27
 1.98000000e+01  3.90774719e+07  8.18598000e+11  4.80639720e-27
 1.99000000e+01  3.74460061e+07  8.10414000e+11  4.65224360e-27
 2.00000000e+01  3.58396006e+07  8.02230000e+11  4.49809000e-27
 2.01000000e+01  3.46329605e+07  7.94892000e+11  4.38677510e-27
 2.02000000e+01  3.34425459e+07  7.87554000e+11  4.27546020e-27
 2.03000000e+01  3.22683567e+07  7.80216000e+11  4.16414530e-27
 2.04000000e+01  3.11103930e+07  7.72878000e+11  4.05283040e-27
 2.05000000e+01  2.99686548e+07  7.65540000e+11  3.94151550e-27
 2.06000000e+01  2.88695047e+07  7.58895000e+11  3.83020060e-27
 2.07000000e+01  2.77850478e+07  7.52250000e+11  3.71888570e-27
 2.08000000e+01  2.67152841e+07  7.45605000e+11  3.60757080e-27
 2.09000000e+01  2.56602135e+07  7.38960000e+11  3.49625590e-27
 2.10000000e+01  2.46198360e+07  7.32315000e+11  3.38494100e-27
 2.11000000e+01  2.38749658e+07  7.26195000e+11  3.31019350e-27
 2.12000000e+01  2.31391825e+07  7.20075000e+11  3.23544600e-27
 2.13000000e+01  2.24124860e+07  7.13955000e+11  3.16069850e-27
 2.14000000e+01  2.16948764e+07  7.07835000e+11  3.08595100e-27
 2.15000000e+01  2.09863537e+07  7.01715000e+11  3.01120350e-27
 2.16000000e+01  2.02875303e+07  6.95616000e+11  2.93645600e-27
 2.17000000e+01  1.95977627e+07  6.89517000e+11  2.86170850e-27
 2.18000000e+01  1.89170506e+07  6.83418000e+11  2.78696100e-27
 2.19000000e+01  1.82453943e+07  6.77319000e+11  2.71221350e-27
 2.20000000e+01  1.75827937e+07  6.71220000e+11  2.63746600e-27
 2.21000000e+01  1.70641111e+07  6.65076000e+11  2.58330850e-27
 2.22000000e+01  1.65520382e+07  6.58932000e+11  2.52915100e-27
 2.23000000e+01  1.60465749e+07  6.52788000e+11  2.47499350e-27
 2.24000000e+01  1.55477212e+07  6.46644000e+11  2.42083600e-27
 2.25000000e+01  1.50554771e+07  6.40500000e+11  2.36667850e-27
 2.26000000e+01  1.45768708e+07  6.34662000e+11  2.31252100e-27
 2.27000000e+01  1.41045449e+07  6.28824000e+11  2.25836350e-27
 2.28000000e+01  1.36384994e+07  6.22986000e+11  2.20420600e-27
 2.29000000e+01  1.31787344e+07  6.17148000e+11  2.15004850e-27
 2.30000000e+01  1.27252498e+07  6.11310000e+11  2.09589100e-27
 2.31000000e+01  1.23790560e+07  6.05931000e+11  2.05697130e-27
 2.32000000e+01  1.20370207e+07  6.00552000e+11  2.01805160e-27
 2.33000000e+01  1.16991439e+07  5.95173000e+11  1.97913190e-27
 2.34000000e+01  1.13654256e+07  5.89794000e+11  1.94021220e-27
 2.35000000e+01  1.10358658e+07  5.84415000e+11  1.90129250e-27
 2.36000000e+01  1.07107975e+07  5.79054000e+11  1.86237280e-27
 2.37000000e+01  1.03898737e+07  5.73693000e+11  1.82345310e-27
 2.38000000e+01  1.00730946e+07  5.68332000e+11  1.78453340e-27
 2.39000000e+01  9.76046004e+06  5.62971000e+11  1.74561370e-27
 2.40000000e+01  9.45197006e+06  5.57610000e+11  1.70669400e-27
 2.41000000e+01  9.18727956e+06  5.52276000e+11  1.67492220e-27
 2.42000000e+01  8.92595542e+06  5.46942000e+11  1.64315040e-27
 2.43000000e+01  8.66799764e+06  5.41608000e+11  1.61137860e-27
 2.44000000e+01  8.41340622e+06  5.36274000e+11  1.57960680e-27
 2.45000000e+01  8.16218117e+06  5.30940000e+11  1.54783500e-27
 2.46000000e+01  7.92466700e+06  5.26293000e+11  1.51606320e-27
 2.47000000e+01  7.69008561e+06  5.21646000e+11  1.48429140e-27
 2.48000000e+01  7.45843701e+06  5.16999000e+11  1.45251960e-27
 2.49000000e+01  7.22972120e+06  5.12352000e+11  1.42074780e-27
 2.50000000e+01  7.00393818e+06  5.07705000e+11  1.38897600e-27
 2.51000000e+01  6.81872952e+06  5.02932000e+11  1.36507990e-27
 2.52000000e+01  6.63578646e+06  4.98159000e+11  1.34118380e-27
 2.53000000e+01  6.45510901e+06  4.93386000e+11  1.31728770e-27
 2.54000000e+01  6.27669717e+06  4.88613000e+11  1.29339160e-27
 2.55000000e+01  6.10055093e+06  4.83840000e+11  1.26949550e-27
 2.56000000e+01  5.92900847e+06  4.79256000e+11  1.24559940e-27
 2.57000000e+01  5.75964191e+06  4.74672000e+11  1.22170330e-27
 2.58000000e+01  5.59245124e+06  4.70088000e+11  1.19780720e-27
 2.59000000e+01  5.42743647e+06  4.65504000e+11  1.17391110e-27
 2.60000000e+01  5.26459758e+06  4.60920000e+11  1.15001500e-27
 2.61000000e+01  5.13397539e+06  4.56675000e+11  1.13190616e-27
 2.62000000e+01  5.00488019e+06  4.52430000e+11  1.11379732e-27
 2.63000000e+01  4.87731196e+06  4.48185000e+11  1.09568848e-27
 2.64000000e+01  4.75127072e+06  4.43940000e+11  1.07757964e-27
 2.65000000e+01  4.62675647e+06  4.39695000e+11  1.05947080e-27
 2.66000000e+01  4.50522753e+06  4.35591000e+11  1.04136196e-27
 2.67000000e+01  4.38517486e+06  4.31487000e+11  1.02325312e-27
 2.68000000e+01  4.26659845e+06  4.27383000e+11  1.00514428e-27
 2.69000000e+01  4.14949830e+06  4.23279000e+11  9.87035440e-28
 2.70000000e+01  4.03387442e+06  4.19175000e+11  9.68926600e-28
 2.71000000e+01  3.94139325e+06  4.15620000e+11  9.54810550e-28
 2.72000000e+01  3.84990892e+06  4.12065000e+11  9.40694500e-28
 2.73000000e+01  3.75942140e+06  4.08510000e+11  9.26578450e-28
 2.74000000e+01  3.66993071e+06  4.04955000e+11  9.12462400e-28
 2.75000000e+01  3.58143685e+06  4.01400000e+11  8.98346350e-28
 2.76000000e+01  3.49488828e+06  3.97953000e+11  8.84230300e-28
 2.77000000e+01  3.40930626e+06  3.94506000e+11  8.70114250e-28
 2.78000000e+01  3.32469078e+06  3.91059000e+11  8.55998200e-28
 2.79000000e+01  3.24104184e+06  3.87612000e+11  8.41882150e-28
 2.80000000e+01  3.15835944e+06  3.84165000e+11  8.27766100e-28
 2.81000000e+01  3.07757147e+06  3.80076000e+11  8.15270220e-28
 2.82000000e+01  2.99779847e+06  3.75987000e+11  8.02774340e-28
 2.83000000e+01  2.91904043e+06  3.71898000e+11  7.90278460e-28
 2.84000000e+01  2.84129735e+06  3.67809000e+11  7.77782580e-28
 2.85000000e+01  2.76456923e+06  3.63720000e+11  7.65286700e-28
 2.86000000e+01  2.69435146e+06  3.60366000e+11  7.52790820e-28
 2.87000000e+01  2.62496621e+06  3.57012000e+11  7.40294940e-28
 2.88000000e+01  2.55641348e+06  3.53658000e+11  7.27799060e-28
 2.89000000e+01  2.48869327e+06  3.50304000e+11  7.15303180e-28
 2.90000000e+01  2.42180559e+06  3.46950000e+11  7.02807300e-28
 2.91000000e+01  2.37015713e+06  3.43998000e+11  6.93721410e-28
 2.92000000e+01  2.31904144e+06  3.41046000e+11  6.84635520e-28
 2.93000000e+01  2.26845854e+06  3.38094000e+11  6.75549630e-28
 2.94000000e+01  2.21840842e+06  3.35142000e+11  6.66463740e-28
 2.95000000e+01  2.16889108e+06  3.32190000e+11  6.57377850e-28
 2.96000000e+01  2.11378320e+06  3.28287000e+11  6.48291960e-28
 2.97000000e+01  2.05937975e+06  3.24384000e+11  6.39206070e-28
 2.98000000e+01  2.00568071e+06  3.20481000e+11  6.30120180e-28
 2.99000000e+01  1.95268609e+06  3.16578000e+11  6.21034290e-28
 3.00000000e+01  1.90039590e+06  3.12675000e+11  6.11948400e-28
 3.01000000e+01  1.85770291e+06  3.08999700e+11  6.05315900e-28
 3.02000000e+01  1.81549414e+06  3.05324400e+11  5.98683400e-28
 3.03000000e+01  1.77376958e+06  3.01649100e+11  5.92050900e-28
 3.04000000e+01  1.73252923e+06  2.97973800e+11  5.85418400e-28
 3.05000000e+01  1.69177309e+06  2.94298500e+11  5.78785900e-28
 3.06000000e+01  1.65486812e+06  2.91215700e+11  5.72153400e-28
 3.07000000e+01  1.61836930e+06  2.88132900e+11  5.65520900e-28
 3.08000000e+01  1.58227664e+06  2.85050100e+11  5.58888400e-28
 3.09000000e+01  1.54659012e+06  2.81967300e+11  5.52255900e-28
 3.10000000e+01  1.51130976e+06  2.78884500e+11  5.45623400e-28
 3.11000000e+01  1.47505762e+06  2.75544300e+11  5.38990900e-28
 3.12000000e+01  1.43924555e+06  2.72204100e+11  5.32358400e-28
 3.13000000e+01  1.40387354e+06  2.68863900e+11  5.25725900e-28
 3.14000000e+01  1.36894160e+06  2.65523700e+11  5.19093400e-28
 3.15000000e+01  1.33444972e+06  2.62183500e+11  5.12460900e-28
 3.16000000e+01  1.29886964e+06  2.58539100e+11  5.05828400e-28
 3.17000000e+01  1.26376970e+06  2.54894700e+11  4.99195900e-28
 3.18000000e+01  1.22914990e+06  2.51250300e+11  4.92563400e-28
 3.19000000e+01  1.19501024e+06  2.47605900e+11  4.85930900e-28
 3.20000000e+01  1.16135073e+06  2.43961500e+11  4.79298400e-28
 3.21000000e+01  1.13549924e+06  2.41065300e+11  4.74259485e-28
 3.22000000e+01  1.10993764e+06  2.38169100e+11  4.69220570e-28
 3.23000000e+01  1.08466593e+06  2.35272900e+11  4.64181655e-28
 3.24000000e+01  1.05968411e+06  2.32376700e+11  4.59142740e-28
 3.25000000e+01  1.03499218e+06  2.29480500e+11  4.54103825e-28
 3.26000000e+01  1.01113873e+06  2.26707300e+11  4.49064910e-28
 3.27000000e+01  9.87562862e+05  2.23934100e+11  4.44025995e-28
 3.28000000e+01  9.64264569e+05  2.21160900e+11  4.38987080e-28
 3.29000000e+01  9.41243852e+05  2.18387700e+11  4.33948165e-28
 3.30000000e+01  9.18500714e+05  2.15614500e+11  4.28909250e-28
 3.31000000e+01  8.94541068e+05  2.12486400e+11  4.23870335e-28
 3.32000000e+01  8.70894523e+05  2.09358300e+11  4.18831420e-28
 3.33000000e+01  8.47561079e+05  2.06230200e+11  4.13792505e-28
 3.34000000e+01  8.24540735e+05  2.03102100e+11  4.08753590e-28
 3.35000000e+01  8.01833491e+05  1.99974000e+11  4.03714675e-28
 3.36000000e+01  7.78379748e+05  1.96578300e+11  3.98675760e-28
 3.37000000e+01  7.55265890e+05  1.93182600e+11  3.93636845e-28
 3.38000000e+01  7.32491917e+05  1.89786900e+11  3.88597930e-28
 3.39000000e+01  7.10057830e+05  1.86391200e+11  3.83559015e-28
 3.40000000e+01  6.87963628e+05  1.82995500e+11  3.78520100e-28
 3.41000000e+01  6.69022711e+05  1.79550900e+11  3.75160540e-28
 3.42000000e+01  6.50311666e+05  1.76106300e+11  3.71800980e-28
 3.43000000e+01  6.31830493e+05  1.72661700e+11  3.68441420e-28
 3.44000000e+01  6.13579194e+05  1.69217100e+11  3.65081860e-28
 3.45000000e+01  5.95557767e+05  1.65772500e+11  3.61722300e-28
 3.46000000e+01  5.77354051e+05  1.62212100e+11  3.58362740e-28
 3.47000000e+01  5.59387935e+05  1.58651700e+11  3.55003180e-28
 3.48000000e+01  5.41659420e+05  1.55091300e+11  3.51643620e-28
 3.49000000e+01  5.24168506e+05  1.51530900e+11  3.48284060e-28
 3.50000000e+01  5.06915192e+05  1.47970500e+11  3.44924500e-28
 3.51000000e+01  4.91341595e+05  1.44835200e+11  3.41564940e-28
 3.52000000e+01  4.75977230e+05  1.41699900e+11  3.38205380e-28
 3.53000000e+01  4.60822097e+05  1.38564600e+11  3.34845820e-28
 3.54000000e+01  4.45876196e+05  1.35429300e+11  3.31486260e-28
 3.55000000e+01  4.31139527e+05  1.32294000e+11  3.28126700e-28
 3.56000000e+01  4.16765949e+05  1.29206400e+11  3.24767140e-28
 3.57000000e+01  4.02598420e+05  1.26118800e+11  3.21407580e-28
 3.58000000e+01  3.88636940e+05  1.23031200e+11  3.18048020e-28
 3.59000000e+01  3.74881508e+05  1.19943600e+11  3.14688460e-28
 3.60000000e+01  3.61332125e+05  1.16856000e+11  3.11328900e-28
 3.61000000e+01  3.48131067e+05  1.13555100e+11  3.08673975e-28
 3.62000000e+01  3.35104089e+05  1.10254200e+11  3.06019050e-28
 3.63000000e+01  3.22251192e+05  1.06953300e+11  3.03364125e-28
 3.64000000e+01  3.09572375e+05  1.03652400e+11  3.00709200e-28
 3.65000000e+01  2.97067640e+05  1.00351500e+11  2.98054275e-28
 3.66000000e+01  2.84470293e+05  9.69597000e+10  2.95399350e-28
 3.67000000e+01  2.72051821e+05  9.35679000e+10  2.92744425e-28
 3.68000000e+01  2.59812224e+05  9.01761000e+10  2.90089500e-28
 3.69000000e+01  2.47751501e+05  8.67843000e+10  2.87434575e-28
 3.70000000e+01  2.35869653e+05  8.33925000e+10  2.84779650e-28
 3.71000000e+01  2.23326902e+05  7.97010000e+10  2.82124725e-28
 3.72000000e+01  2.10978831e+05  7.60095000e+10  2.79469800e-28
 3.73000000e+01  1.98825440e+05  7.23180000e+10  2.76814875e-28
 3.74000000e+01  1.86866729e+05  6.86265000e+10  2.74159950e-28
 3.75000000e+01  1.75102698e+05  6.49350000e+10  2.71505025e-28
 3.76000000e+01  1.63623868e+05  6.12774000e+10  2.68850100e-28
 3.77000000e+01  1.52337929e+05  5.76198000e+10  2.66195175e-28
 3.78000000e+01  1.41244883e+05  5.39622000e+10  2.63540250e-28
 3.79000000e+01  1.30344729e+05  5.03046000e+10  2.60885325e-28
 3.80000000e+01  1.19637467e+05  4.66470000e+10  2.58230400e-28
 3.81000000e+01  1.09600919e+05  4.30100100e+10  2.56571570e-28
 3.82000000e+01  9.96842144e+04  3.93730200e+10  2.54912740e-28
 3.83000000e+01  8.98873517e+04  3.57360300e+10  2.53253910e-28
 3.84000000e+01  8.02103313e+04  3.20990400e+10  2.51595080e-28
 3.85000000e+01  7.06531532e+04  2.84620500e+10  2.49936250e-28
 3.86000000e+01  6.29383634e+04  2.55236100e+10  2.48277420e-28
 3.87000000e+01  5.53203980e+04  2.25851700e+10  2.46618590e-28
 3.88000000e+01  4.77992571e+04  1.96467300e+10  2.44959760e-28
 3.89000000e+01  4.03749405e+04  1.67082900e+10  2.43300930e-28
 3.90000000e+01  3.30474484e+04  1.37698500e+10  2.41642100e-28
 3.91000000e+01  2.85317160e+04  1.19704590e+10  2.39983270e-28
 3.92000000e+01  2.40752752e+04  1.01710680e+10  2.38324440e-28
 3.93000000e+01  1.96781262e+04  8.37167700e+09  2.36665610e-28
 3.94000000e+01  1.53402687e+04  6.57228600e+09  2.35006780e-28
 3.95000000e+01  1.10617030e+04  4.77289500e+09  2.33347950e-28
 3.96000000e+01  9.20875546e+03  4.00183500e+09  2.31689120e-28
 3.97000000e+01  7.38121512e+03  3.23077500e+09  2.30030290e-28
 3.98000000e+01  5.57908194e+03  2.45971500e+09  2.28371460e-28
 3.99000000e+01  3.80235593e+03  1.68865500e+09  2.26712630e-28
 4.00000000e+01  2.05103707e+03  9.17595000e+08  2.25053800e-28
 4.01000000e+01  1.63004400e+03  7.34076000e+08  2.23574455e-28
 4.02000000e+01  1.21444376e+03  5.50557000e+08  2.22095110e-28
 4.03000000e+01  8.04236344e+02  3.67038000e+08  2.20615765e-28
 4.04000000e+01  3.99421758e+02  1.83519000e+08  2.19136420e-28
 4.05000000e+01  0.00000000e+00  0.00000000e+00  2.17657075e-28
 4.06000000e+01  0.00000000e+00  0.00000000e+00  2.16177730e-28
 4.07000000e+01  0.00000000e+00  0.00000000e+00  2.14698385e-28
 4.08000000e+01  0.00000000e+00  0.00000000e+00  2.13219040e-28
 4.09000000e+01  0.00000000e+00  0.00000000e+00  2.11739695e-28
 4.10000000e+01  0.00000000e+00  0.00000000e+00  2.10260350e-28
 4.11000000e+01  0.00000000e+00  0.00000000e+00  2.08781005e-28
 4.12000000e+01  0.00000000e+00  0.00000000e+00  2.07301660e-28
 4.13000000e+01  0.00000000e+00  0.00000000e+00  2.05822315e-28
 4.14000000e+01  0.00000000e+00  0.00000000e+00  2.04342970e-28
 4.15000000e+01  0.00000000e+00  0.00000000e+00  2.02863625e-28
 4.16000000e+01  0.00000000e+00  0.00000000e+00  2.01384280e-28
 4.17000000e+01  0.00000000e+00  0.00000000e+00  1.99904935e-28
 4.18000000e+01  0.00000000e+00  0.00000000e+00  1.98425590e-28
 4.19000000e+01  0.00000000e+00  0.00000000e+00  1.96946245e-28
 4.20000000e+01  0.00000000e+00  0.00000000e+00  1.95466900e-28
 4.21000000e+01  0.00000000e+00  0.00000000e+00  1.94360320e-28
 4.22000000e+01  0.00000000e+00  0.00000000e+00  1.93253740e-28
 4.23000000e+01  0.00000000e+00  0.00000000e+00  1.92147160e-28
 4.24000000e+01  0.00000000e+00  0.00000000e+00  1.91040580e-28
 4.25000000e+01  0.00000000e+00  0.00000000e+00  1.89934000e-28
 4.26000000e+01  0.00000000e+00  0.00000000e+00  1.88827420e-28
 4.27000000e+01  0.00000000e+00  0.00000000e+00  1.87720840e-28
 4.28000000e+01  0.00000000e+00  0.00000000e+00  1.86614260e-28
 4.29000000e+01  0.00000000e+00  0.00000000e+00  1.85507680e-28
 4.30000000e+01  0.00000000e+00  0.00000000e+00  1.84401100e-28
 4.31000000e+01  0.00000000e+00  0.00000000e+00  1.83294520e-28
 4.32000000e+01  0.00000000e+00  0.00000000e+00  1.82187940e-28
 4.33000000e+01  0.00000000e+00  0.00000000e+00  1.81081360e-28
 4.34000000e+01  0.00000000e+00  0.00000000e+00  1.79974780e-28
 4.35000000e+01  0.00000000e+00  0.00000000e+00  1.78868200e-28
 4.36000000e+01  0.00000000e+00  0.00000000e+00  1.77761620e-28
 4.37000000e+01  0.00000000e+00  0.00000000e+00  1.76655040e-28
 4.38000000e+01  0.00000000e+00  0.00000000e+00  1.75548460e-28
 4.39000000e+01  0.00000000e+00  0.00000000e+00  1.74441880e-28
 4.40000000e+01  0.00000000e+00  0.00000000e+00  1.73335300e-28
 4.41000000e+01  0.00000000e+00  0.00000000e+00  1.72441315e-28
 4.42000000e+01  0.00000000e+00  0.00000000e+00  1.71547330e-28
 4.43000000e+01  0.00000000e+00  0.00000000e+00  1.70653345e-28
 4.44000000e+01  0.00000000e+00  0.00000000e+00  1.69759360e-28
 4.45000000e+01  0.00000000e+00  0.00000000e+00  1.68865375e-28
 4.46000000e+01  0.00000000e+00  0.00000000e+00  1.67971390e-28
 4.47000000e+01  0.00000000e+00  0.00000000e+00  1.67077405e-28
 4.48000000e+01  0.00000000e+00  0.00000000e+00  1.66183420e-28
 4.49000000e+01  0.00000000e+00  0.00000000e+00  1.65289435e-28
 4.50000000e+01  0.00000000e+00  0.00000000e+00  1.64395450e-28
 4.51000000e+01  0.00000000e+00  0.00000000e+00  1.63501465e-28
 4.52000000e+01  0.00000000e+00  0.00000000e+00  1.62607480e-28
 4.53000000e+01  0.00000000e+00  0.00000000e+00  1.61713495e-28
 4.54000000e+01  0.00000000e+00  0.00000000e+00  1.60819510e-28
 4.55000000e+01  0.00000000e+00  0.00000000e+00  1.59925525e-28
 4.56000000e+01  0.00000000e+00  0.00000000e+00  1.59031540e-28
 4.57000000e+01  0.00000000e+00  0.00000000e+00  1.58137555e-28
 4.58000000e+01  0.00000000e+00  0.00000000e+00  1.57243570e-28
 4.59000000e+01  0.00000000e+00  0.00000000e+00  1.56349585e-28
 4.60000000e+01  0.00000000e+00  0.00000000e+00  1.55455600e-28
 4.61000000e+01  0.00000000e+00  0.00000000e+00  1.54835485e-28
 4.62000000e+01  0.00000000e+00  0.00000000e+00  1.54215370e-28
 4.63000000e+01  0.00000000e+00  0.00000000e+00  1.53595255e-28
 4.64000000e+01  0.00000000e+00  0.00000000e+00  1.52975140e-28
 4.65000000e+01  0.00000000e+00  0.00000000e+00  1.52355025e-28
 4.66000000e+01  0.00000000e+00  0.00000000e+00  1.51734910e-28
 4.67000000e+01  0.00000000e+00  0.00000000e+00  1.51114795e-28
 4.68000000e+01  0.00000000e+00  0.00000000e+00  1.50494680e-28
 4.69000000e+01  0.00000000e+00  0.00000000e+00  1.49874565e-28
 4.70000000e+01  0.00000000e+00  0.00000000e+00  1.49254450e-28
 4.71000000e+01  0.00000000e+00  0.00000000e+00  1.48634335e-28
 4.72000000e+01  0.00000000e+00  0.00000000e+00  1.48014220e-28
 4.73000000e+01  0.00000000e+00  0.00000000e+00  1.47394105e-28
 4.74000000e+01  0.00000000e+00  0.00000000e+00  1.46773990e-28
 4.75000000e+01  0.00000000e+00  0.00000000e+00  1.46153875e-28
 4.76000000e+01  0.00000000e+00  0.00000000e+00  1.45533760e-28
 4.77000000e+01  0.00000000e+00  0.00000000e+00  1.44913645e-28
 4.78000000e+01  0.00000000e+00  0.00000000e+00  1.44293530e-28
 4.79000000e+01  0.00000000e+00  0.00000000e+00  1.43673415e-28
 4.80000000e+01  0.00000000e+00  0.00000000e+00  1.43053300e-28
 4.81000000e+01  0.00000000e+00  0.00000000e+00  1.42414940e-28
 4.82000000e+01  0.00000000e+00  0.00000000e+00  1.41776580e-28
 4.83000000e+01  0.00000000e+00  0.00000000e+00  1.41138220e-28
 4.84000000e+01  0.00000000e+00  0.00000000e+00  1.40499860e-28
 4.85000000e+01  0.00000000e+00  0.00000000e+00  1.39861500e-28
 4.86000000e+01  0.00000000e+00  0.00000000e+00  1.39223140e-28
 4.87000000e+01  0.00000000e+00  0.00000000e+00  1.38584780e-28
 4.88000000e+01  0.00000000e+00  0.00000000e+00  1.37946420e-28
 4.89000000e+01  0.00000000e+00  0.00000000e+00  1.37308060e-28
 4.90000000e+01  0.00000000e+00  0.00000000e+00  1.36669700e-28
 4.91000000e+01  0.00000000e+00  0.00000000e+00  1.36031340e-28
 4.92000000e+01  0.00000000e+00  0.00000000e+00  1.35392980e-28
 4.93000000e+01  0.00000000e+00  0.00000000e+00  1.34754620e-28
 4.94000000e+01  0.00000000e+00  0.00000000e+00  1.34116260e-28
 4.95000000e+01  0.00000000e+00  0.00000000e+00  1.33477900e-28
 4.96000000e+01  0.00000000e+00  0.00000000e+00  1.32839540e-28
 4.97000000e+01  0.00000000e+00  0.00000000e+00  1.32201180e-28
 4.98000000e+01  0.00000000e+00  0.00000000e+00  1.31562820e-28
 4.99000000e+01  0.00000000e+00  0.00000000e+00  1.30924460e-28
 5.00000000e+01  0.00000000e+00  0.00000000e+00  1.30286100e-28
