# energy(MeV) dYield(atoms/MeV/s) photonFlux(photons/MeV/uA/s) crossSection(mb)
# 501 4
# 501 4
 0.00000000e+00  0.00000000e+00  5.43300000e+13  0.00000000e+00
 1.00000000e-01  0.00000000e+00  5.47275000e+13  0.00000000e+00
 2.00000000e-01  0.00000000e+00  5.51250000e+13  0.00000000e+00
 3.00000000e-01  0.00000000e+00  5.55225000e+13  0.00000000e+00
 4.00000000e-01  0.00000000e+00  5.59200000e+13  0.00000000e+00
 5.00000000e-01  0.00000000e+00  5.63175000e+13  0.00000000e+00
 6.00000000e-01  0.00000000e+00  5.43708000e+13  0.00000000e+00
 7.00000000e-01  0.00000000e+00  5.24241000e+13  0.00000000e+00
 8.00000000e-01  0.00000000e+00  5.04774000e+13  0.00000000e+00
 9.00000000e-01  0.00000000e+00  4.85307000e+13  0.00000000e+00
 1.00000000e+00  0.00000000e+00  4.65840000e+13  0.00000000e+00
 1.10000000e+00  0.00000000e+00  4.32489900e+13  0.00000000e+00
 1.20000000e+00  0.00000000e+00  3.99139800e+13  0.00000000e+00
 1.30000000e+00  0.00000000e+00  3.65789700e+13  0.00000000e+00
 1.40000000e+00  0.00000000e+00  3.32439600e+13  0.00000000e+00
 1.50000000e+00  0.00000000e+00  2.99089500e+13  0.00000000e+00
 1.60000000e+00  0.00000000e+00  2.83270200e+13  0.00000000e+00
 1.70000000e+00  0.00000000e+00  2.67450900e+13  0.00000000e+00
 1.80000000e+00  0.00000000e+00  2.51631600e+13  0.00000000e+00
 1.90000000e+00  0.00000000e+00  2.35812300e+13  0.00000000e+00
 2.00000000e+00  0.00000000e+00  2.19993000e+13  0.00000000e+00
 2.10000000e+00  0.00000000e+00  2.10246600e+13  0.00000000e+00
 2.20000000e+00  0.00000000e+00  2.00500200e+13  0.00000000e+00
 2.30000000e+00  0.00000000e+00  1.90753800e+13  0.00000000e+00
 2.40000000e+00  0.00000000e+00  1.81007400e+13  0.00000000e+00
 2.50000000e+00  0.00000000e+00  1.71261000e+13  0.00000000e+00
 2.60000000e+00  0.00000000e+00  1.64714700e+13  0.00000000e+00
 2.70000000e+00  0.00000000e+00  1.58168400e+13  0.00000000e+00
 2.80000000e+00  0.00000000e+00  1.51622100e+13  0.00000000e+00
 2.90000000e+00  0.00000000e+00  1.45075800e+13  0.00000000e+00
 3.00000000e+00  0.00000000e+00  1.38529500e+13  0.00000000e+00
 3.10000000e+00  0.00000000e+00  1.33887600e+13  0.00000000e+00
 3.20000000e+00  0.00000000e+00  1.29245700e+13  0.00000000e+00
 3.30000000e+00  0.00000000e+00  1.24603800e+13  0.00000000e+00
 3.40000000e+00  0.00000000e+00  1.19961900e+13  0.00000000e+00
 3.50000000e+00  0.00000000e+00  1.15320000e+13  0.00000000e+00
 3.60000000e+00  0.00000000e+00  1.11892200e+13  0.00000000e+00
 3.70000000e+00  0.00000000e+00  1.08464400e+13  0.00000000e+00
 3.80000000e+00  0.00000000e+00  1.05036600e+13  0.00000000e+00
 3.90000000e+00  0.00000000e+00  1.01608800e+13  0.00000000e+00
 4.00000000e+00  0.00000000e+00  9.81810000e+12  0.00000000e+00
 4.10000000e+00  0.00000000e+00  9.55059000e+12  0.00000000e+00
 4.20000000e+00  0.00000000e+00  9.28308000e+12  0.00000000e+00
 4.30000000e+00  0.00000000e+00  9.01557000e+12  0.00000000e+00
 4.40000000e+00  0.00000000e+00  8.74806000e+12  0.00000000e+00
 4.50000000e+00  0.00000000e+00  8.48055000e+12  0.00000000e+00
 4.60000000e+00  0.00000000e+00  8.26608000e+12  0.00000000e+00
 4.70000000e+00  0.00000000e+00  8.05161000e+12  0.00000000e+00
 4.80000000e+00  0.00000000e+00  7.83714000e+12  0.00000000e+00
 4.90000000e+00  0.00000000e+00  7.62267000e+12  0.00000000e+00
 5.00000000e+00  0.00000000e+00  7.40820000e+12  0.00000000e+00
 5.10000000e+00  0.00000000e+00  7.23567000e+12  0.00000000e+00
 5.20000000e+00  0.00000000e+00  7.06314000e+12  0.00000000e+00
 5.30000000e+00  0.00000000e+00  6.89061000e+12  0.00000000e+00
 5.40000000e+00  0.00000000e+00  6.71808000e+12  0.00000000e+00
 5.50000000e+00  0.00000000e+00  6.54555000e+12  0.00000000e+00
 5.60000000e+00  0.00000000e+00  6.40557000e+12  0.00000000e+00
 5.70000000e+00  0.00000000e+00  6.26559000e+12  0.00000000e+00
 5.80000000e+00  0.00000000e+00  6.12561000e+12  0.00000000e+00
 5.90000000e+00  0.00000000e+00  5.98563000e+12  0.00000000e+00
 6.00000000e+00  0.00000000e+00  5.84565000e+12  0.00000000e+00
 6.10000000e+00  0.00000000e+00  5.72910000e+12  0.00000000e+00
 6.20000000e+00  0.00000000e+00  5.61255000e+12  0.00000000e+00
 6.30000000e+00  0.00000000e+00  5.49600000e+12  0.00000000e+00
 6.40000000e+00  0.00000000e+00  5.37945000e+12  0.00000000e+00
 6.50000000e+00  0.00000000e+00  5.26290000e+12  0.00000000e+00
 6.60000000e+00  6.52617164e+08  5.16393000e+12  1.27245380e-26
 6.70000000e+00  6.90805729e+08  5.06496000e+12  1.37323160e-26
 6.80000000e+00  7.27013065e+08  4.96599000e+12  1.47400940e-26
 6.90000000e+00  7.61239173e+08  4.86702000e+12  1.57478720e-26
 7.00000000e+00  7.93484053e+08  4.76805000e+12  1.67556500e-26
 7.10000000e+00  8.29206288e+08  4.68063000e+12  1.78370140e-26
 7.20000000e+00  8.63050726e+08  4.59321000e+12  1.89183780e-26
 7.30000000e+00  8.95017366e+08  4.50579000e+12  1.99997420e-26
 7.40000000e+00  9.25106208e+08  4.41837000e+12  2.10811060e-26
 7.50000000e+00  9.53317252e+08  4.33095000e+12  2.21624700e-26
 7.60000000e+00  1.00060108e+09  4.25511000e+12  2.36763120e-26
 7.70000000e+00  1.04560433e+09  4.17927000e+12  2.51901540e-26
 7.80000000e+00  1.08832700e+09  4.10343000e+12  2.67039960e-26
 7.90000000e+00  1.12876910e+09  4.02759000e+12  2.82178380e-26
 8.00000000e+00  1.16693061e+09  3.95175000e+12  2.97316800e-26
 8.10000000e+00  1.23206144e+09  3.88632000e+12  3.19196180e-26
 8.20000000e+00  1.29434860e+09  3.82089000e+12  3.41075560e-26
 8.30000000e+00  1.35379210e+09  3.75546000e+12  3.62954940e-26
 8.40000000e+00  1.41039193e+09  3.69003000e+12  3.84834320e-26
 8.50000000e+00  1.46414811e+09  3.62460000e+12  4.06713700e-26
 8.60000000e+00  1.55499775e+09  3.56829000e+12  4.38766540e-26
 8.70000000e+00  1.64226216e+09  3.51198000e+12  4.70819380e-26
 8.80000000e+00  1.72594133e+09  3.45567000e+12  5.02872220e-26
 8.90000000e+00  1.80603526e+09  3.39936000e+12  5.34925060e-26
 9.00000000e+00  1.88254395e+09  3.34305000e+12  5.66977900e-26
 9.10000000e+00  2.00883399e+09  3.29285700e+12  6.14235700e-26
 9.20000000e+00  2.13041226e+09  3.24266400e+12  6.61493500e-26
 9.30000000e+00  2.24727878e+09  3.19247100e+12  7.08751300e-26
 9.40000000e+00  2.35943355e+09  3.14227800e+12  7.56009100e-26
 9.50000000e+00  2.46687655e+09  3.09208500e+12  8.03266900e-26
 9.60000000e+00  2.64173933e+09  3.04648500e+12  8.73081520e-26
 9.70000000e+00  2.81027832e+09  3.00088500e+12  9.42896140e-26
 9.80000000e+00  2.97249351e+09  2.95528500e+12  1.01271076e-25
 9.90000000e+00  3.12838492e+09  2.90968500e+12  1.08252538e-25
 1.00000000e+01  3.27795255e+09  2.86408500e+12  1.15234000e-25
 1.01000000e+01  3.51993104e+09  2.82335700e+12  1.25525580e-25
 1.02000000e+01  3.75358343e+09  2.78262900e+12  1.35817160e-25
 1.03000000e+01  3.97890974e+09  2.74190100e+12  1.46108740e-25
 1.04000000e+01  4.19590995e+09  2.70117300e+12  1.56400320e-25
 1.05000000e+01  4.40458407e+09  2.66044500e+12  1.66691900e-25
 1.06000000e+01  4.72387877e+09  2.62401000e+12  1.81257980e-25
 1.07000000e+01  5.03263135e+09  2.58757500e+12  1.95824060e-25
 1.08000000e+01  5.33084183e+09  2.55114000e+12  2.10390140e-25
 1.09000000e+01  5.61851019e+09  2.51470500e+12  2.24956220e-25
 1.10000000e+01  5.89563645e+09  2.47827000e+12  2.39522300e-25
 1.11000000e+01  6.20664832e+09  2.44540200e+12  2.55546980e-25
 1.12000000e+01  6.50719785e+09  2.41253400e+12  2.71571660e-25
 1.13000000e+01  6.79728504e+09  2.37966600e+12  2.87596340e-25
 1.14000000e+01  7.07690990e+09  2.34679800e+12  3.03621020e-25
 1.15000000e+01  7.34607242e+09  2.31393000e+12  3.19645700e-25
 1.16000000e+01  7.06387882e+09  2.28476100e+12  3.11290840e-25
 1.17000000e+01  6.78652613e+09  2.25559200e+12  3.02935980e-25
 1.18000000e+01  6.51401435e+09  2.22642300e+12  2.94581120e-25
 1.19000000e+01  6.24634347e+09  2.19725400e+12  2.86226260e-25
 1.20000000e+01  5.98351351e+09  2.16808500e+12  2.77871400e-25
 1.21000000e+01  5.57963510e+09  2.14276800e+12  2.62176960e-25
 1.22000000e+01  5.18364936e+09  2.11745100e+12  2.46482520e-25
 1.23000000e+01  4.79555629e+09  2.09213400e+12  2.30788080e-25
 1.24000000e+01  4.41535591e+09  2.06681700e+12  2.15093640e-25
 1.25000000e+01  4.04304819e+09  2.04150000e+12  1.99399200e-25
 1.26000000e+01  3.75085116e+09  2.01626100e+12  1.87303960e-25
 1.27000000e+01  3.46471804e+09  1.99102200e+12  1.75208720e-25
 1.28000000e+01  3.18464883e+09  1.96578300e+12  1.63113480e-25
 1.29000000e+01  2.91064354e+09  1.94054400e+12  1.51018240e-25
 1.30000000e+01  2.64270215e+09  1.91530500e+12  1.38923000e-25
 1.31000000e+01  2.45656488e+09  1.89156000e+12  1.30759122e-25
 1.32000000e+01  2.27427828e+09  1.86781500e+12  1.22595244e-25
 1.33000000e+01  2.09584233e+09  1.84407000e+12  1.14431366e-25
 1.34000000e+01  1.92125703e+09  1.82032500e+12  1.06267488e-25
 1.35000000e+01  1.75052240e+09  1.79658000e+12  9.81036100e-26
 1.36000000e+01  1.65001571e+09  1.77585000e+12  9.35504060e-26
 1.37000000e+01  1.55138394e+09  1.75512000e+12  8.89972020e-26
 1.38000000e+01  1.45462708e+09  1.73439000e+12  8.44439980e-26
 1.39000000e+01  1.35974515e+09  1.71366000e+12  7.98907940e-26
 1.40000000e+01  1.26673814e+09  1.69293000e+12  7.53375900e-26
 1.41000000e+01  1.20387378e+09  1.67390400e+12  7.24126240e-26
 1.42000000e+01  1.14211485e+09  1.65487800e+12  6.94876580e-26
 1.43000000e+01  1.08146137e+09  1.63585200e+12  6.65626920e-26
 1.44000000e+01  1.02191332e+09  1.61682600e+12  6.36377260e-26
 1.45000000e+01  9.63470707e+08  1.59780000e+12  6.07127600e-26
 1.46000000e+01  9.12769620e+08  1.58044200e+12  5.81495680e-26
 1.47000000e+01  8.62952319e+08  1.56308400e+12  5.55863760e-26
 1.48000000e+01  8.14018804e+08  1.54572600e+12  5.30231840e-26
 1.49000000e+01  7.65969074e+08  1.52836800e+12  5.04599920e-26
 1.50000000e+01  7.18803130e+08  1.51101000e+12  4.78968000e-26
 1.51000000e+01  6.77013390e+08  1.49468700e+12  4.56048340e-26
 1.52000000e+01  6.35966797e+08  1.47836400e+12  4.33128680e-26
 1.53000000e+01  5.95663350e+08  1.46204100e+12  4.10209020e-26
 1.54000000e+01  5.56103049e+08  1.44571800e+12  3.87289360e-26
 1.55000000e+01  5.17285894e+08  1.42939500e+12  3.64369700e-26
 1.56000000e+01  4.84935294e+08  1.41456000e+12  3.45164640e-26
 1.57000000e+01  4.53150633e+08  1.39972500e+12  3.25959580e-26
 1.58000000e+01  4.21931910e+08  1.38489000e+12  3.06754520e-26
 1.59000000e+01  3.91279127e+08  1.37005500e+12  2.87549460e-26
 1.60000000e+01  3.61192281e+08  1.35522000e+12  2.68344400e-26
 1.61000000e+01  3.38557945e+08  1.34022900e+12  2.54341880e-26
 1.62000000e+01  3.16340577e+08  1.32523800e+12  2.40339360e-26
 1.63000000e+01  2.94540177e+08  1.31024700e+12  2.26336840e-26
 1.64000000e+01  2.73156746e+08  1.29525600e+12  2.12334320e-26
 1.65000000e+01  2.52190283e+08  1.28026500e+12  1.98331800e-26
 1.66000000e+01  2.37116606e+08  1.26706500e+12  1.88419980e-26
 1.67000000e+01  2.22302822e+08  1.25386500e+12  1.78508160e-26
 1.68000000e+01  2.07748930e+08  1.24066500e+12  1.68596340e-26
 1.69000000e+01  1.93454930e+08  1.22746500e+12  1.58684520e-26
 1.70000000e+01  1.79420823e+08  1.21426500e+12  1.48772700e-26
 1.71000000e+01  1.69873786e+08  1.20311400e+12  1.42161980e-26
 1.72000000e+01  1.60473179e+08  1.19196300e+12  1.35551260e-26
 1.73000000e+01  1.51219001e+08  1.18081200e+12  1.28940540e-26
 1.74000000e+01  1.42111253e+08  1.16966100e+12  1.22329820e-26
 1.75000000e+01  1.33149934e+08  1.15851000e+12  1.15719100e-26
 1.76000000e+01  1.26382157e+08  1.14642000e+12  1.10995632e-26
 1.77000000e+01  1.19727817e+08  1.13433000e+12  1.06272164e-26
 1.78000000e+01  1.13186913e+08  1.12224000e+12  1.01548696e-26
 1.79000000e+01  1.06759447e+08  1.11015000e+12  9.68252280e-27
 1.80000000e+01  1.00445416e+08  1.09806000e+12  9.21017600e-27
 1.81000000e+01  9.57386765e+07  1.08713700e+12  8.86680220e-27
 1.82000000e+01  9.11064399e+07  1.07621400e+12  8.52342840e-27
 1.83000000e+01  8.65487067e+07  1.06529100e+12  8.18005460e-27
 1.84000000e+01  8.20654766e+07  1.05436800e+12  7.83668080e-27
 1.85000000e+01  7.76567499e+07  1.04344500e+12  7.49330700e-27
 1.86000000e+01  7.43638195e+07  1.03390200e+12  7.24179440e-27
 1.87000000e+01  7.11185664e+07  1.02435900e+12  6.99028180e-27
 1.88000000e+01  6.79209904e+07  1.01481600e+12  6.73876920e-27
 1.89000000e+01  6.47710917e+07  1.00527300e+12  6.48725660e-27
 1.90000000e+01  6.16688701e+07  9.95730000e+11  6.23574400e-27
 1.91000000e+01  5.91943724e+07  9.86364000e+11  6.04236680e-27
 1.92000000e+01  5.67558518e+07  9.76998000e+11  5.84898960e-27
 1.93000000e+01  5.43533082e+07  9.67632000e+11  5.65561240e-27
 1.94000000e+01  5.19867416e+07  9.58266000e+11  5.46223520e-27
 1.95000000e+01  4.96561521e+07  9.48900000e+11  5.26885800e-27
 1.96000000e+01  4.77430968e+07  9.39840000e+11  5.11470440e-27
 1.97000000e+01  4.58577842e+07  9.30780000e+11  4.96055080e-27
 1.98000000e+01  4.40002142e+07  9.21720000e+11  4.80639720e-27
 1.99000000e+01  4.21703869e+07  9.12660000e+11  4.65224360e-27
 2.00000000e+01  4.03683023e+07  9.03600000e+11  4.49809000e-27
 2.01000000e+01  3.90084166e+07  8.95317000e+11  4.38677510e-27
 2.02000000e+01  3.76668460e+07  8.87034000e+11  4.27546020e-27
 2.03000000e+01  3.63435904e+07  8.78751000e+11  4.16414530e-27
 2.04000000e+01  3.50386498e+07  8.70468000e+11  4.05283040e-27
 2.05000000e+01  3.37520242e+07  8.62185000e+11  3.94151550e-27
 2.06000000e+01  3.24998051e+07  8.54325000e+11  3.83020060e-27
 2.07000000e+01  3.12649658e+07  8.46465000e+11  3.71888570e-27
 2.08000000e+01  3.00475061e+07  8.38605000e+11  3.60757080e-27
 2.09000000e+01  2.88474262e+07  8.30745000e+11  3.49625590e-27
 2.10000000e+01  2.76647259e+07  8.22885000e+11  3.38494100e-27
 2.11000000e+01  2.67953131e+07  8.15022000e+11  3.31019350e-27
 2.12000000e+01  2.59375751e+07  8.07159000e+11  3.23544600e-27
 2.13000000e+01  2.50915120e+07  7.99296000e+11  3.16069850e-27
 2.14000000e+01  2.42571237e+07  7.91433000e+11  3.08595100e-27
 2.15000000e+01  2.34344103e+07  7.83570000e+11  3.01120350e-27
 2.16000000e+01  2.26286213e+07  7.75887000e+11  2.93645600e-27
 2.17000000e+01  2.18342400e+07  7.68204000e+11  2.86170850e-27
 2.18000000e+01  2.10512662e+07  7.60521000e+11  2.78696100e-27
 2.19000000e+01  2.02797001e+07  7.52838000e+11  2.71221350e-27
 2.20000000e+01  1.95195415e+07  7.45155000e+11  2.63746600e-27
 2.21000000e+01  1.89623215e+07  7.39059000e+11  2.58330850e-27
 2.22000000e+01  1.84116594e+07  7.32963000e+11  2.52915100e-27
 2.23000000e+01  1.78675554e+07  7.26867000e+11  2.47499350e-27
 2.24000000e+01  1.73300093e+07  7.20771000e+11  2.42083600e-27
 2.25000000e+01  1.67990212e+07  7.14675000e+11  2.36667850e-27
 2.26000000e+01  1.62745910e+07  7.08579000e+11  2.31252100e-27
 2.27000000e+01  1.57567189e+07  7.02483000e+11  2.25836350e-27
 2.28000000e+01  1.52454047e+07  6.96387000e+11  2.20420600e-27
 2.29000000e+01  1.47406485e+07  6.90291000e+11  2.15004850e-27
 2.30000000e+01  1.42424502e+07  6.84195000e+11  2.09589100e-27
 2.31000000e+01  1.38268350e+07  6.76797000e+11  2.05697130e-27
 2.32000000e+01  1.34169391e+07  6.69399000e+11  2.01805160e-27
 2.33000000e+01  1.30127626e+07  6.62001000e+11  1.97913190e-27
 2.34000000e+01  1.26143055e+07  6.54603000e+11  1.94021220e-27
 2.35000000e+01  1.22215678e+07  6.47205000e+11  1.90129250e-27
 2.36000000e+01  1.18652916e+07  6.41469000e+11  1.86237280e-27
 2.37000000e+01  1.15134499e+07  6.35733000e+11  1.82345310e-27
 2.38000000e+01  1.11660427e+07  6.29997000e+11  1.78453340e-27
 2.39000000e+01  1.08230700e+07  6.24261000e+11  1.74561370e-27
 2.40000000e+01  1.04845318e+07  6.18525000e+11  1.70669400e-27
 2.41000000e+01  1.02062086e+07  6.13527000e+11  1.67492220e-27
 2.42000000e+01  9.93103971e+06  6.08529000e+11  1.64315040e-27
 2.43000000e+01  9.65902513e+06  6.03531000e+11  1.61137860e-27
 2.44000000e+01  9.39016485e+06  5.98533000e+11  1.57960680e-27
 2.45000000e+01  9.12445889e+06  5.93535000e+11  1.54783500e-27
 2.46000000e+01  8.84401889e+06  5.87349000e+11  1.51606320e-27
 2.47000000e+01  8.56748297e+06  5.81163000e+11  1.48429140e-27
 2.48000000e+01  8.29485113e+06  5.74977000e+11  1.45251960e-27
 2.49000000e+01  8.02612335e+06  5.68791000e+11  1.42074780e-27
 2.50000000e+01  7.76129965e+06  5.62605000e+11  1.38897600e-27
 2.51000000e+01  7.54955753e+06  5.56836000e+11  1.36507990e-27
 2.52000000e+01  7.34055379e+06  5.51067000e+11  1.34118380e-27
 2.53000000e+01  7.13428843e+06  5.45298000e+11  1.31728770e-27
 2.54000000e+01  6.93076145e+06  5.39529000e+11  1.29339160e-27
 2.55000000e+01  6.72997285e+06  5.33760000e+11  1.26949550e-27
 2.56000000e+01  6.54569186e+06  5.29104000e+11  1.24559940e-27
 2.57000000e+01  6.36362094e+06  5.24448000e+11  1.22170330e-27
 2.58000000e+01  6.18376009e+06  5.19792000e+11  1.19780720e-27
 2.59000000e+01  6.00610932e+06  5.15136000e+11  1.17391110e-27
 2.60000000e+01  5.83066861e+06  5.10480000e+11  1.15001500e-27
 2.61000000e+01  5.68408393e+06  5.05608000e+11  1.13190616e-27
 2.62000000e+01  5.53925178e+06  5.00736000e+11  1.11379732e-27
 2.63000000e+01  5.39617216e+06  4.95864000e+11  1.09568848e-27
 2.64000000e+01  5.25484506e+06  4.90992000e+11  1.07757964e-27
 2.65000000e+01  5.11527048e+06  4.86120000e+11  1.05947080e-27
 2.66000000e+01  4.98259914e+06  4.81746000e+11  1.04136196e-27
 2.67000000e+01  4.85150118e+06  4.77372000e+11  1.02325312e-27
 2.68000000e+01  4.72197661e+06  4.72998000e+11  1.00514428e-27
 2.69000000e+01  4.59402543e+06  4.68624000e+11  9.87035440e-28
 2.70000000e+01  4.46764764e+06  4.64250000e+11  9.68926600e-28
 2.71000000e+01  4.36497781e+06  4.60287000e+11  9.54810550e-28
 2.72000000e+01  4.26341921e+06  4.56324000e+11  9.40694500e-28
 2.73000000e+01  4.16297184e+06  4.52361000e+11  9.26578450e-28
 2.74000000e+01  4.06363569e+06  4.48398000e+11  9.12462400e-28
 2.75000000e+01  3.96541078e+06  4.44435000e+11  8.98346350e-28
 2.76000000e+01  3.85646752e+06  4.39125000e+11  8.84230300e-28
 2.77000000e+01  3.74901318e+06  4.33815000e+11  8.70114250e-28
 2.78000000e+01  3.64304778e+06  4.28505000e+11  8.55998200e-28
 2.79000000e+01  3.53857130e+06  4.23195000e+11  8.41882150e-28
 2.80000000e+01  3.43558376e+06  4.17885000e+11  8.27766100e-28
 2.81000000e+01  3.34317756e+06  4.12878000e+11  8.15270220e-28
 2.82000000e+01  3.25201419e+06  4.07871000e+11  8.02774340e-28
 2.83000000e+01  3.16209364e+06  4.02864000e+11  7.90278460e-28
 2.84000000e+01  3.07341593e+06  3.97857000e+11  7.77782580e-28
 2.85000000e+01  2.98598104e+06  3.92850000e+11  7.65286700e-28
 2.86000000e+01  2.91163208e+06  3.89427000e+11  7.52790820e-28
 2.87000000e+01  2.83813277e+06  3.86004000e+11  7.40294940e-28
 2.88000000e+01  2.76548311e+06  3.82581000e+11  7.27799060e-28
 2.89000000e+01  2.69368310e+06  3.79158000e+11  7.15303180e-28
 2.90000000e+01  2.62273274e+06  3.75735000e+11  7.02807300e-28
 2.91000000e+01  2.56489009e+06  3.72261000e+11  6.93721410e-28
 2.92000000e+01  2.50767444e+06  3.68787000e+11  6.84635520e-28
 2.93000000e+01  2.45108578e+06  3.65313000e+11  6.75549630e-28
 2.94000000e+01  2.39512411e+06  3.61839000e+11  6.66463740e-28
 2.95000000e+01  2.33978944e+06  3.58365000e+11  6.57377850e-28
 2.96000000e+01  2.28195249e+06  3.54405000e+11  6.48291960e-28
 2.97000000e+01  2.22483025e+06  3.50445000e+11  6.39206070e-28
 2.98000000e+01  2.16842272e+06  3.46485000e+11  6.30120180e-28
 2.99000000e+01  2.11272989e+06  3.42525000e+11  6.21034290e-28
 3.00000000e+01  2.05775178e+06  3.38565000e+11  6.11948400e-28
 3.01000000e+01  2.01202046e+06  3.34668000e+11  6.05315900e-28
 3.02000000e+01  1.96680256e+06  3.30771000e+11  5.98683400e-28
 3.03000000e+01  1.92209808e+06  3.26874000e+11  5.92050900e-28
 3.04000000e+01  1.87790703e+06  3.22977000e+11  5.85418400e-28
 3.05000000e+01  1.83422939e+06  3.19080000e+11  5.78785900e-28
 3.06000000e+01  1.79302738e+06  3.15528300e+11  5.72153400e-28
 3.07000000e+01  1.75229331e+06  3.11976600e+11  5.65520900e-28
 3.08000000e+01  1.71202716e+06  3.08424900e+11  5.58888400e-28
 3.09000000e+01  1.67222894e+06  3.04873200e+11  5.52255900e-28
 3.10000000e+01  1.63289865e+06  3.01321500e+11  5.45623400e-28
 3.11000000e+01  1.59224563e+06  2.97435300e+11  5.38990900e-28
 3.12000000e+01  1.55210460e+06  2.93549100e+11  5.32358400e-28
 3.13000000e+01  1.51247557e+06  2.89662900e+11  5.25725900e-28
 3.14000000e+01  1.47335854e+06  2.85776700e+11  5.19093400e-28
 3.15000000e+01  1.43475351e+06  2.81890500e+11  5.12460900e-28
 3.16000000e+01  1.39649319e+06  2.77971000e+11  5.05828400e-28
 3.17000000e+01  1.35874924e+06  2.74051500e+11  4.99195900e-28
 3.18000000e+01  1.32152169e+06  2.70132000e+11  4.92563400e-28
 3.19000000e+01  1.28481052e+06  2.66212500e+11  4.85930900e-28
 3.20000000e+01  1.24861573e+06  2.62293000e+11  4.79298400e-28
 3.21000000e+01  1.21740402e+06  2.58453600e+11  4.74259485e-28
 3.22000000e+01  1.18657662e+06  2.54614200e+11  4.69220570e-28
 3.23000000e+01  1.15613351e+06  2.50774800e+11  4.64181655e-28
 3.24000000e+01  1.12607469e+06  2.46935400e+11  4.59142740e-28
 3.25000000e+01  1.09640017e+06  2.43096000e+11  4.54103825e-28
 3.26000000e+01  1.06855770e+06  2.39581200e+11  4.49064910e-28
 3.27000000e+01  1.04106704e+06  2.36066400e+11  4.44025995e-28
 3.28000000e+01  1.01392818e+06  2.32551600e+11  4.38987080e-28
 3.29000000e+01  9.87141125e+05  2.29036800e+11  4.33948165e-28
 3.30000000e+01  9.60705880e+05  2.25522000e+11  4.28909250e-28
 3.31000000e+01  9.35250133e+05  2.22156300e+11  4.23870335e-28
 3.32000000e+01  9.10131269e+05  2.18790600e+11  4.18831420e-28
 3.33000000e+01  8.85349287e+05  2.15424900e+11  4.13792505e-28
 3.34000000e+01  8.60904188e+05  2.12059200e+11  4.08753590e-28
 3.35000000e+01  8.36795972e+05  2.08693500e+11  4.03714675e-28
 3.36000000e+01  8.12049378e+05  2.05081500e+11  3.98675760e-28
 3.37000000e+01  7.87664320e+05  2.01469500e+11  3.93636845e-28
 3.38000000e+01  7.63640797e+05  1.97857500e+11  3.88597930e-28
 3.39000000e+01  7.39978809e+05  1.94245500e+11  3.83559015e-28
 3.40000000e+01  7.16678357e+05  1.90633500e+11  3.78520100e-28
 3.41000000e+01  6.97506056e+05  1.87195200e+11  3.75160540e-28
 3.42000000e+01  6.78563207e+05  1.83756900e+11  3.71800980e-28
 3.43000000e+01  6.59849810e+05  1.80318600e+11  3.68441420e-28
 3.44000000e+01  6.41365866e+05  1.76880300e+11  3.65081860e-28
 3.45000000e+01  6.23111374e+05  1.73442000e+11  3.61722300e-28
 3.46000000e+01  6.04883456e+05  1.69946700e+11  3.58362740e-28
 3.47000000e+01  5.86888795e+05  1.66451400e+11  3.55003180e-28
 3.48000000e+01  5.69127389e+05  1.62956100e+11  3.51643620e-28
 3.49000000e+01  5.51599240e+05  1.59460800e+11  3.48284060e-28
 3.50000000e+01  5.34304347e+05  1.55965500e+11  3.44924500e-28
 3.51000000e+01  5.16433618e+05  1.52231700e+11  3.41564940e-28
 3.52000000e+01  4.98812061e+05  1.48497900e+11  3.38205380e-28
 3.53000000e+01  4.81439676e+05  1.44764100e+11  3.34845820e-28
 3.54000000e+01  4.64316464e+05  1.41030300e+11  3.31486260e-28
 3.55000000e+01  4.47442424e+05  1.37296500e+11  3.28126700e-28
 3.56000000e+01  4.30802073e+05  1.33557900e+11  3.24767140e-28
 3.57000000e+01  4.14411215e+05  1.29819300e+11  3.21407580e-28
 3.58000000e+01  3.98269849e+05  1.26080700e+11  3.18048020e-28
 3.59000000e+01  3.82377976e+05  1.22342100e+11  3.14688460e-28
 3.60000000e+01  3.66735595e+05  1.18603500e+11  3.11328900e-28
 3.61000000e+01  3.53196905e+05  1.15207500e+11  3.08673975e-28
 3.62000000e+01  3.39837311e+05  1.11811500e+11  3.06019050e-28
 3.63000000e+01  3.26656813e+05  1.08415500e+11  3.03364125e-28
 3.64000000e+01  3.13655411e+05  1.05019500e+11  3.00709200e-28
 3.65000000e+01  3.00833105e+05  1.01623500e+11  2.98054275e-28
 3.66000000e+01  2.87438229e+05  9.79713000e+10  2.95399350e-28
 3.67000000e+01  2.74235961e+05  9.43191000e+10  2.92744425e-28
 3.68000000e+01  2.61226300e+05  9.06669000e+10  2.90089500e-28
 3.69000000e+01  2.48409246e+05  8.70147000e+10  2.87434575e-28
 3.70000000e+01  2.35784800e+05  8.33625000e+10  2.84779650e-28
 3.71000000e+01  2.22914999e+05  7.95540000e+10  2.82124725e-28
 3.72000000e+01  2.10246049e+05  7.57455000e+10  2.79469800e-28
 3.73000000e+01  1.97777949e+05  7.19370000e+10  2.76814875e-28
 3.74000000e+01  1.85510699e+05  6.81285000e+10  2.74159950e-28
 3.75000000e+01  1.73444299e+05  6.43200000e+10  2.71505025e-28
 3.76000000e+01  1.61880751e+05  6.06246000e+10  2.68850100e-28
 3.77000000e+01  1.50512089e+05  5.69292000e+10  2.66195175e-28
 3.78000000e+01  1.39338312e+05  5.32338000e+10  2.63540250e-28
 3.79000000e+01  1.28359421e+05  4.95384000e+10  2.60885325e-28
 3.80000000e+01  1.17575415e+05  4.58430000e+10  2.58230400e-28
 3.81000000e+01  1.07748738e+05  4.22831700e+10  2.56571570e-28
 3.82000000e+01  9.80393611e+04  3.87233400e+10  2.54912740e-28
 3.83000000e+01  8.84472839e+04  3.51635100e+10  2.53253910e-28
 3.84000000e+01  7.89725064e+04  3.16036800e+10  2.51595080e-28
 3.85000000e+01  6.96150288e+04  2.80438500e+10  2.49936250e-28
 3.86000000e+01  6.19983422e+04  2.51424000e+10  2.48277420e-28
 3.87000000e+01  5.44772613e+04  2.22409500e+10  2.46618590e-28
 3.88000000e+01  4.70517858e+04  1.93395000e+10  2.44959760e-28
 3.89000000e+01  3.97219159e+04  1.64380500e+10  2.43300930e-28
 3.90000000e+01  3.24876516e+04  1.35366000e+10  2.41642100e-28
 3.91000000e+01  2.79806316e+04  1.17392520e+10  2.39983270e-28
 3.92000000e+01  2.35328360e+04  9.94190400e+09  2.38324440e-28
 3.93000000e+01  1.91442647e+04  8.14455600e+09  2.36665610e-28
 3.94000000e+01  1.48149177e+04  6.34720800e+09  2.35006780e-28
 3.95000000e+01  1.05447951e+04  4.54986000e+09  2.33347950e-28
 3.96000000e+01  8.70705089e+03  3.78381000e+09  2.31689120e-28
 3.97000000e+01  6.89454875e+03  3.01776000e+09  2.30030290e-28
 3.98000000e+01  5.10728869e+03  2.25171000e+09  2.28371460e-28
 3.99000000e+01  3.34527071e+03  1.48566000e+09  2.26712630e-28
 4.00000000e+01  1.60849480e+03  7.19610000e+08  2.25053800e-28
 4.01000000e+01  1.27833735e+03  5.75688000e+08  2.23574455e-28
 4.02000000e+01  9.52409149e+02  4.31766000e+08  2.22095110e-28
 4.03000000e+01  6.30710188e+02  2.87844000e+08  2.20615765e-28
 4.04000000e+01  3.13240472e+02  1.43922000e+08  2.19136420e-28
 4.05000000e+01  0.00000000e+00  0.00000000e+00  2.17657075e-28
 4.06000000e+01  0.00000000e+00  0.00000000e+00  2.16177730e-28
 4.07000000e+01  0.00000000e+00  0.00000000e+00  2.14698385e-28
 4.08000000e+01  0.00000000e+00  0.00000000e+00  2.13219040e-28
 4.09000000e+01  0.00000000e+00  0.00000000e+00  2.11739695e-28
 4.10000000e+01  0.00000000e+00  0.00000000e+00  2.10260350e-28
 4.11000000e+01  0.00000000e+00  0.00000000e+00  2.08781005e-28
 4.12000000e+01  0.00000000e+00  0.00000000e+00  2.07301660e-28
 4.13000000e+01  0.00000000e+00  0.00000000e+00  2.05822315e-28
 4.14000000e+01  0.00000000e+00  0.00000000e+00  2.04342970e-28
 4.15000000e+01  0.00000000e+00  0.00000000e+00  2.02863625e-28
 4.16000000e+01  0.00000000e+00  0.00000000e+00  2.01384280e-28
 4.17000000e+01  0.00000000e+00  0.00000000e+00  1.99904935e-28
 4.18000000e+01  0.00000000e+00  0.00000000e+00  1.98425590e-28
 4.19000000e+01  0.00000000e+00  0.00000000e+00  1.96946245e-28
 4.20000000e+01  0.00000000e+00  0.00000000e+00  1.95466900e-28
 4.21000000e+01  0.00000000e+00  0.00000000e+00  1.94360320e-28
 4.22000000e+01  0.00000000e+00  0.00000000e+00  1.93253740e-28
 4.23000000e+01  0.00000000e+00  0.00000000e+00  1.92147160e-28
 4.24000000e+01  0.00000000e+00  0.00000000e+00  1.91040580e-28
 4.25000000e+01  0.00000000e+00  0.00000000e+00  1.89934000e-28
 4.26000000e+01  0.00000000e+00  0.00000000e+00  1.88827420e-28
 4.27000000e+01  0.00000000e+00  0.00000000e+00  1.87720840e-28
 4.28000000e+01  0.00000000e+00  0.00000000e+00  1.86614260e-28
 4.29000000e+01  0.00000000e+00  0.00000000e+00  1.85507680e-28
 4.30000000e+01  0.00000000e+00  0.00000000e+00  1.84401100e-28
 4.31000000e+01  0.00000000e+00  0.00000000e+00  1.83294520e-28
 4.32000000e+01  0.00000000e+00  0.00000000e+00  1.82187940e-28
 4.33000000e+01  0.00000000e+00  0.00000000e+00  1.81081360e-28
 4.34000000e+01  0.00000000e+00  0.00000000e+00  1.79974780e-28
 4.35000000e+01  0.00000000e+00  0.00000000e+00  1.78868200e-28
 4.36000000e+01  0.00000000e+00  0.00000000e+00  1.77761620e-28
 4.37000000e+01  0.00000000e+00  0.00000000e+00  1.76655040e-28
 4.38000000e+01  0.00000000e+00  0.00000000e+00  1.75548460e-28
 4.39000000e+01  0.00000000e+00  0.00000000e+00  1.74441880e-28
 4.40000000e+01  0.00000000e+00  0.00000000e+00  1.73335300e-28
 4.41000000e+01  0.00000000e+00  0.00000000e+00  1.72441315e-28
 4.42000000e+01  0.00000000e+00  0.00000000e+00  1.71547330e-28
 4.43000000e+01  0.00000000e+00  0.00000000e+00  1.70653345e-28
 4.44000000e+01  0.00000000e+00  0.00000000e+00  1.69759360e-28
 4.45000000e+01  0.00000000e+00  0.00000000e+00  1.68865375e-28
 4.46000000e+01  0.00000000e+00  0.00000000e+00  1.67971390e-28
 4.47000000e+01  0.00000000e+00  0.00000000e+00  1.67077405e-28
 4.48000000e+01  0.00000000e+00  0.00000000e+00  1.66183420e-28
 4.49000000e+01  0.00000000e+00  0.00000000e+00  1.65289435e-28
 4.50000000e+01  0.00000000e+00  0.00000000e+00  1.64395450e-28
 4.51000000e+01  0.00000000e+00  0.00000000e+00  1.63501465e-28
 4.52000000e+01  0.00000000e+00  0.00000000e+00  1.62607480e-28
 4.53000000e+01  0.00000000e+00  0.00000000e+00  1.61713495e-28
 4.54000000e+01  0.00000000e+00  0.00000000e+00  1.60819510e-28
 4.55000000e+01  0.00000000e+00  0.00000000e+00  1.59925525e-28
 4.56000000e+01  0.00000000e+00  0.00000000e+00  1.59031540e-28
 4.57000000e+01  0.00000000e+00  0.00000000e+00  1.58137555e-28
 4.58000000e+01  0.00000000e+00  0.00000000e+00  1.57243570e-28
 4.59000000e+01  0.00000000e+00  0.00000000e+00  1.56349585e-28
 4.60000000e+01  0.00000000e+00  0.00000000e+00  1.55455600e-28
 4.61000000e+01  0.00000000e+00  0.00000000e+00  1.54835485e-28
 4.62000000e+01  0.00000000e+00  0.00000000e+00  1.54215370e-28
 4.63000000e+01  0.00000000e+00  0.00000000e+00  1.53595255e-28
 4.64000000e+01  0.00000000e+00  0.00000000e+00  1.52975140e-28
 4.65000000e+01  0.00000000e+00  0.00000000e+00  1.52355025e-28
 4.66000000e+01  0.00000000e+00  0.00000000e+00  1.51734910e-28
 4.67000000e+01  0.00000000e+00  0.00000000e+00  1.51114795e-28
 4.68000000e+01  0.00000000e+00  0.00000000e+00  1.50494680e-28
 4.69000000e+01  0.00000000e+00  0.00000000e+00  1.49874565e-28
 4.70000000e+01  0.00000000e+00  0.00000000e+00  1.49254450e-28
 4.71000000e+01  0.00000000e+00  0.00000000e+00  1.48634335e-28
 4.72000000e+01  0.00000000e+00  0.00000000e+00  1.48014220e-28
 4.73000000e+01  0.00000000e+00  0.00000000e+00  1.47394105e-28
 4.74000000e+01  0.00000000e+00  0.00000000e+00  1.46773990e-28
 4.75000000e+01  0.00000000e+00  0.00000000e+00  1.46153875e-28
 4.76000000e+01  0.00000000e+00  0.00000000e+00  1.45533760e-28
 4.77000000e+01  0.00000000e+00  0.00000000e+00  1.44913645e-28
 4.78000000e+01  0.00000000e+00  0.00000000e+00  1.44293530e-28
 4.79000000e+01  0.00000000e+00  0.00000000e+00  1.43673415e-28
 4.80000000e+01  0.00000000e+00  0.00000000e+00  1.43053300e-28
 4.81000000e+01  0.00000000e+00  0.00000000e+00  1.42414940e-28
 4.82000000e+01  0.00000000e+00  0.00000000e+00  1.41776580e-28
 4.83000000e+01  0.00000000e+00  0.00000000e+00  1.41138220e-28
 4.84000000e+01  0.00000000e+00  0.00000000e+00  1.40499860e-28
 4.85000000e+01  0.00000000e+00  0.00000000e+00  1.39861500e-28
 4.86000000e+01  0.00000000e+00  0.00000000e+00  1.39223140e-28
 4.87000000e+01  0.00000000e+00  0.00000000e+00  1.38584780e-28
 4.88000000e+01  0.00000000e+00  0.00000000e+00  1.37946420e-28
 4.89000000e+01  0.00000000e+00  0.00000000e+00  1.37308060e-28
 4.90000000e+01  0.00000000e+00  0.00000000e+00  1.36669700e-28
 4.91000000e+01  0.00000000e+00  0.00000000e+00  1.36031340e-28
 4.92000000e+01  0.00000000e+00  0.00000000e+00  1.35392980e-28
 4.93000000e+01  0.00000000e+00  0.00000000e+00  1.34754620e-28
 4.94000000e+01  0.00000000e+00  0.00000000e+00  1.34116260e-28
 4.95000000e+01  0.00000000e+00  0.00000000e+00  1.33477900e-28
 4.96000000e+01  0.00000000e+00  0.00000000e+00  1.32839540e-28
 4.97000000e+01  0.00000000e+00  0.00000000e+00  1.32201180e-28
 4.98000000e+01  0.00000000e+00  0.00000000e+00  1.31562820e-28
 4.99000000e+01  0.00000000e+00  0.00000000e+00  1.30924460e-28
 5.00000000e+01  0.00000000e+00  0.00000000e+00  1.30286100e-28
