# energy(MeV) dYield(atoms/MeV/s) photonFlux(photons/MeV/uA/s) crossSection(mb)
# 501 4
# 501 4
 0.00000000e+00  0.00000000e+00  1.38411000e+14  0.00000000e+00
 1.00000000e-01  0.00000000e+00  1.38881100e+14  0.00000000e+00
 2.00000000e-01  0.00000000e+00  1.39351200e+14  0.00000000e+00
 3.00000000e-01  0.00000000e+00  1.39821300e+14  0.00000000e+00
 4.00000000e-01  0.00000000e+00  1.40291400e+14  0.00000000e+00
 5.00000000e-01  0.00000000e+00  1.40761500e+14  0.00000000e+00
 6.00000000e-01  0.00000000e+00  1.35333300e+14  0.00000000e+00
 7.00000000e-01  0.00000000e+00  1.29905100e+14  0.00000000e+00
 8.00000000e-01  0.00000000e+00  1.24476900e+14  0.00000000e+00
 9.00000000e-01  0.00000000e+00  1.19048700e+14  0.00000000e+00
 1.00000000e+00  0.00000000e+00  1.13620500e+14  0.00000000e+00
 1.10000000e+00  0.00000000e+00  1.05287700e+14  0.00000000e+00
 1.20000000e+00  0.00000000e+00  9.69549000e+13  0.00000000e+00
 1.30000000e+00  0.00000000e+00  8.86221000e+13  0.00000000e+00
 1.40000000e+00  0.00000000e+00  8.02893000e+13  0.00000000e+00
 1.50000000e+00  0.00000000e+00  7.19565000e+13  0.00000000e+00
 1.60000000e+00  0.00000000e+00  6.80886000e+13  0.00000000e+00
 1.70000000e+00  0.00000000e+00  6.42207000e+13  0.00000000e+00
 1.80000000e+00  0.00000000e+00  6.03528000e+13  0.00000000e+00
 1.90000000e+00  0.00000000e+00  5.64849000e+13  0.00000000e+00
 2.00000000e+00  0.00000000e+00  5.26170000e+13  0.00000000e+00
 2.10000000e+00  0.00000000e+00  5.02605000e+13  0.00000000e+00
 2.20000000e+00  0.00000000e+00  4.79040000e+13  0.00000000e+00
 2.30000000e+00  0.00000000e+00  4.55475000e+13  0.00000000e+00
 2.40000000e+00  0.00000000e+00  4.31910000e+13  0.00000000e+00
 2.50000000e+00  0.00000000e+00  4.08345000e+13  0.00000000e+00
 2.60000000e+00  0.00000000e+00  3.92657100e+13  0.00000000e+00
 2.70000000e+00  0.00000000e+00  3.76969200e+13  0.00000000e+00
 2.80000000e+00  0.00000000e+00  3.61281300e+13  0.00000000e+00
 2.90000000e+00  0.00000000e+00  3.45593400e+13  0.00000000e+00
 3.00000000e+00  0.00000000e+00  3.29905500e+13  0.00000000e+00
 3.10000000e+00  0.00000000e+00  3.18750000e+13  0.00000000e+00
 3.20000000e+00  0.00000000e+00  3.07594500e+13  0.00000000e+00
 3.30000000e+00  0.00000000e+00  2.96439000e+13  0.00000000e+00
 3.40000000e+00  0.00000000e+00  2.85283500e+13  0.00000000e+00
 3.50000000e+00  0.00000000e+00  2.74128000e+13  0.00000000e+00
 3.60000000e+00  0.00000000e+00  2.65839000e+13  0.00000000e+00
 3.70000000e+00  0.00000000e+00  2.57550000e+13  0.00000000e+00
 3.80000000e+00  0.00000000e+00  2.49261000e+13  0.00000000e+00
 3.90000000e+00  0.00000000e+00  2.40972000e+13  0.00000000e+00
 4.00000000e+00  0.00000000e+00  2.32683000e+13  0.00000000e+00
 4.10000000e+00  0.00000000e+00  2.26346100e+13  0.00000000e+00
 4.20000000e+00  0.00000000e+00  2.20009200e+13  0.00000000e+00
 4.30000000e+00  0.00000000e+00  2.13672300e+13  0.00000000e+00
 4.40000000e+00  0.00000000e+00  2.07335400e+13  0.00000000e+00
 4.50000000e+00  0.00000000e+00  2.00998500e+13  0.00000000e+00
 4.60000000e+00  0.00000000e+00  1.95947700e+13  0.00000000e+00
 4.70000000e+00  0.00000000e+00  1.90896900e+13  0.00000000e+00
 4.80000000e+00  0.00000000e+00  1.85846100e+13  0.00000000e+00
 4.90000000e+00  0.00000000e+00  1.80795300e+13  0.00000000e+00
 5.00000000e+00  0.00000000e+00  1.75744500e+13  0.00000000e+00
 5.10000000e+00  0.00000000e+00  1.71594300e+13  0.00000000e+00
 5.20000000e+00  0.00000000e+00  1.67444100e+13  0.00000000e+00
 5.30000000e+00  0.00000000e+00  1.63293900e+13  0.00000000e+00
 5.40000000e+00  0.00000000e+00  1.59143700e+13  0.00000000e+00
 5.50000000e+00  0.00000000e+00  1.54993500e+13  0.00000000e+00
 5.60000000e+00  0.00000000e+00  1.51636800e+13  0.00000000e+00
 5.70000000e+00  0.00000000e+00  1.48280100e+13  0.00000000e+00
 5.80000000e+00  0.00000000e+00  1.44923400e+13  0.00000000e+00
 5.90000000e+00  0.00000000e+00  1.41566700e+13  0.00000000e+00
 6.00000000e+00  0.00000000e+00  1.38210000e+13  0.00000000e+00
 6.10000000e+00  0.00000000e+00  1.35391800e+13  0.00000000e+00
 6.20000000e+00  0.00000000e+00  1.32573600e+13  0.00000000e+00
 6.30000000e+00  0.00000000e+00  1.29755400e+13  0.00000000e+00
 6.40000000e+00  0.00000000e+00  1.26937200e+13  0.00000000e+00
 6.50000000e+00  0.00000000e+00  1.24119000e+13  0.00000000e+00
 6.60000000e+00  1.53839394e+09  1.21727700e+13  1.27245380e-26
 6.70000000e+00  1.62761934e+09  1.19336400e+13  1.37323160e-26
 6.80000000e+00  1.71205773e+09  1.16945100e+13  1.47400940e-26
 6.90000000e+00  1.79170910e+09  1.14553800e+13  1.57478720e-26
 7.00000000e+00  1.86657344e+09  1.12162500e+13  1.67556500e-26
 7.10000000e+00  1.95136999e+09  1.10149200e+13  1.78370140e-26
 7.20000000e+00  2.03184194e+09  1.08135900e+13  1.89183780e-26
 7.30000000e+00  2.10798927e+09  1.06122600e+13  1.99997420e-26
 7.40000000e+00  2.17981201e+09  1.04109300e+13  2.10811060e-26
 7.50000000e+00  2.24731013e+09  1.02096000e+13  2.21624700e-26
 7.60000000e+00  2.35846748e+09  1.00295100e+13  2.36763120e-26
 7.70000000e+00  2.46420935e+09  9.84942000e+12  2.51901540e-26
 7.80000000e+00  2.56453576e+09  9.66933000e+12  2.67039960e-26
 7.90000000e+00  2.65944669e+09  9.48924000e+12  2.82178380e-26
 8.00000000e+00  2.74894215e+09  9.30915000e+12  2.97316800e-26
 8.10000000e+00  2.90157963e+09  9.15252000e+12  3.19196180e-26
 8.20000000e+00  3.04740980e+09  8.99589000e+12  3.41075560e-26
 8.30000000e+00  3.18643264e+09  8.83926000e+12  3.62954940e-26
 8.40000000e+00  3.31864817e+09  8.68263000e+12  3.84834320e-26
 8.50000000e+00  3.44405638e+09  8.52600000e+12  4.06713700e-26
 8.60000000e+00  3.65749936e+09  8.39295000e+12  4.38766540e-26
 8.70000000e+00  3.86247110e+09  8.25990000e+12  4.70819380e-26
 8.80000000e+00  4.05897158e+09  8.12685000e+12  5.02872220e-26
 8.90000000e+00  4.24700081e+09  7.99380000e+12  5.34925060e-26
 9.00000000e+00  4.42655880e+09  7.86075000e+12  5.66977900e-26
 9.10000000e+00  4.72131871e+09  7.73913000e+12  6.14235700e-26
 9.20000000e+00  5.00466182e+09  7.61751000e+12  6.61493500e-26
 9.30000000e+00  5.27658812e+09  7.49589000e+12  7.08751300e-26
 9.40000000e+00  5.53709761e+09  7.37427000e+12  7.56009100e-26
 9.50000000e+00  5.78619030e+09  7.25265000e+12  8.03266900e-26
 9.60000000e+00  6.19504581e+09  7.14420000e+12  8.73081520e-26
 9.70000000e+00  6.58886151e+09  7.03575000e+12  9.42896140e-26
 9.80000000e+00  6.96763741e+09  6.92730000e+12  1.01271076e-25
 9.90000000e+00  7.33137351e+09  6.81885000e+12  1.08252538e-25
 1.00000000e+01  7.68006982e+09  6.71040000e+12  1.15234000e-25
 1.01000000e+01  8.24838847e+09  6.61608000e+12  1.25525580e-25
 1.02000000e+01  8.79742513e+09  6.52176000e+12  1.35817160e-25
 1.03000000e+01  9.32717980e+09  6.42744000e+12  1.46108740e-25
 1.04000000e+01  9.83765247e+09  6.33312000e+12  1.56400320e-25
 1.05000000e+01  1.03288431e+10  6.23880000e+12  1.66691900e-25
 1.06000000e+01  1.10792717e+10  6.15429000e+12  1.81257980e-25
 1.07000000e+01  1.18052482e+10  6.06978000e+12  1.95824060e-25
 1.08000000e+01  1.25067725e+10  5.98527000e+12  2.10390140e-25
 1.09000000e+01  1.31838447e+10  5.90076000e+12  2.24956220e-25
 1.10000000e+01  1.38364647e+10  5.81625000e+12  2.39522300e-25
 1.11000000e+01  1.45684541e+10  5.73993000e+12  2.55546980e-25
 1.12000000e+01  1.52761498e+10  5.66361000e+12  2.71571660e-25
 1.13000000e+01  1.59595518e+10  5.58729000e+12  2.87596340e-25
 1.14000000e+01  1.66186600e+10  5.51097000e+12  3.03621020e-25
 1.15000000e+01  1.72534746e+10  5.43465000e+12  3.19645700e-25
 1.16000000e+01  1.65834249e+10  5.36379000e+12  3.11290840e-25
 1.17000000e+01  1.59251353e+10  5.29293000e+12  3.02935980e-25
 1.18000000e+01  1.52786056e+10  5.22207000e+12  2.94581120e-25
 1.19000000e+01  1.46438359e+10  5.15121000e+12  2.86226260e-25
 1.20000000e+01  1.40208261e+10  5.08035000e+12  2.77871400e-25
 1.21000000e+01  1.30622125e+10  5.01633000e+12  2.62176960e-25
 1.22000000e+01  1.21235573e+10  4.95231000e+12  2.46482520e-25
 1.23000000e+01  1.12048606e+10  4.88829000e+12  2.30788080e-25
 1.24000000e+01  1.03061224e+10  4.82427000e+12  2.15093640e-25
 1.25000000e+01  9.42734271e+09  4.76025000e+12  1.99399200e-25
 1.26000000e+01  8.75129959e+09  4.70424000e+12  1.87303960e-25
 1.27000000e+01  8.08871341e+09  4.64823000e+12  1.75208720e-25
 1.28000000e+01  7.43958416e+09  4.59222000e+12  1.63113480e-25
 1.29000000e+01  6.80391185e+09  4.53621000e+12  1.51018240e-25
 1.30000000e+01  6.18169647e+09  4.48020000e+12  1.38923000e-25
 1.31000000e+01  5.75047819e+09  4.42788000e+12  1.30759122e-25
 1.32000000e+01  5.32774448e+09  4.37556000e+12  1.22595244e-25
 1.33000000e+01  4.91349536e+09  4.32324000e+12  1.14431366e-25
 1.34000000e+01  4.50773081e+09  4.27092000e+12  1.06267488e-25
 1.35000000e+01  4.11045085e+09  4.21860000e+12  9.81036100e-26
 1.36000000e+01  3.87524425e+09  4.17078000e+12  9.35504060e-26
 1.37000000e+01  3.64436273e+09  4.12296000e+12  8.89972020e-26
 1.38000000e+01  3.41780627e+09  4.07514000e+12  8.44439980e-26
 1.39000000e+01  3.19557488e+09  4.02732000e+12  7.98907940e-26
 1.40000000e+01  2.97766855e+09  3.97950000e+12  7.53375900e-26
 1.41000000e+01  2.83002079e+09  3.93495000e+12  7.24126240e-26
 1.42000000e+01  2.68496144e+09  3.89040000e+12  6.94876580e-26
 1.43000000e+01  2.54249051e+09  3.84585000e+12  6.65626920e-26
 1.44000000e+01  2.40260801e+09  3.80130000e+12  6.36377260e-26
 1.45000000e+01  2.26531392e+09  3.75675000e+12  6.07127600e-26
 1.46000000e+01  2.14470904e+09  3.71352000e+12  5.81495680e-26
 1.47000000e+01  2.02630522e+09  3.67029000e+12  5.55863760e-26
 1.48000000e+01  1.91010247e+09  3.62706000e+12  5.30231840e-26
 1.49000000e+01  1.79610077e+09  3.58383000e+12  5.04599920e-26
 1.50000000e+01  1.68430014e+09  3.54060000e+12  4.78968000e-26
 1.51000000e+01  1.58607857e+09  3.50169000e+12  4.56048340e-26
 1.52000000e+01  1.48962847e+09  3.46278000e+12  4.33128680e-26
 1.53000000e+01  1.39494985e+09  3.42387000e+12  4.10209020e-26
 1.54000000e+01  1.30204271e+09  3.38496000e+12  3.87289360e-26
 1.55000000e+01  1.21090704e+09  3.34605000e+12  3.64369700e-26
 1.56000000e+01  1.13510155e+09  3.31110000e+12  3.45164640e-26
 1.57000000e+01  1.06062937e+09  3.27615000e+12  3.25959580e-26
 1.58000000e+01  9.87490492e+08  3.24120000e+12  3.06754520e-26
 1.59000000e+01  9.15684917e+08  3.20625000e+12  2.87549460e-26
 1.60000000e+01  8.45212646e+08  3.17130000e+12  2.68344400e-26
 1.61000000e+01  7.92377447e+08  3.13673700e+12  2.54341880e-26
 1.62000000e+01  7.40503603e+08  3.10217400e+12  2.40339360e-26
 1.63000000e+01  6.89591114e+08  3.06761100e+12  2.26336840e-26
 1.64000000e+01  6.39639980e+08  3.03304800e+12  2.12334320e-26
 1.65000000e+01  5.90650201e+08  2.99848500e+12  1.98331800e-26
 1.66000000e+01  5.55162366e+08  2.96658600e+12  1.88419980e-26
 1.67000000e+01  5.20302585e+08  2.93468700e+12  1.78508160e-26
 1.68000000e+01  4.86070857e+08  2.90278800e+12  1.68596340e-26
 1.69000000e+01  4.52467183e+08  2.87088900e+12  1.58684520e-26
 1.70000000e+01  4.19491562e+08  2.83899000e+12  1.48772700e-26
 1.71000000e+01  3.96816791e+08  2.81041500e+12  1.42161980e-26
 1.72000000e+01  3.74517252e+08  2.78184000e+12  1.35551260e-26
 1.73000000e+01  3.52592947e+08  2.75326500e+12  1.28940540e-26
 1.74000000e+01  3.31043875e+08  2.72469000e+12  1.22329820e-26
 1.75000000e+01  3.09870035e+08  2.69611500e+12  1.15719100e-26
 1.76000000e+01  2.94285156e+08  2.66947800e+12  1.10995632e-26
 1.77000000e+01  2.78950203e+08  2.64284100e+12  1.06272164e-26
 1.78000000e+01  2.63865177e+08  2.61620400e+12  1.01548696e-26
 1.79000000e+01  2.49030077e+08  2.58956700e+12  9.68252280e-27
 1.80000000e+01  2.34444903e+08  2.56293000e+12  9.21017600e-27
 1.81000000e+01  2.23532646e+08  2.53827000e+12  8.86680220e-27
 1.82000000e+01  2.12788589e+08  2.51361000e+12  8.52342840e-27
 1.83000000e+01  2.02212732e+08  2.48895000e+12  8.18005460e-27
 1.84000000e+01  1.91805075e+08  2.46429000e+12  7.83668080e-27
 1.85000000e+01  1.81565618e+08  2.43963000e+12  7.49330700e-27
 1.86000000e+01  1.73754227e+08  2.41575600e+12  7.24179440e-27
 1.87000000e+01  1.66062112e+08  2.39188200e+12  6.99028180e-27
 1.88000000e+01  1.58489272e+08  2.36800800e+12  6.73876920e-27
 1.89000000e+01  1.51035707e+08  2.34413400e+12  6.48725660e-27
 1.90000000e+01  1.43701418e+08  2.32026000e+12  6.23574400e-27
 1.91000000e+01  1.37891914e+08  2.29771200e+12  6.04236680e-27
 1.92000000e+01  1.32169023e+08  2.27516400e+12  5.84898960e-27
 1.93000000e+01  1.26532743e+08  2.25261600e+12  5.65561240e-27
 1.94000000e+01  1.20983077e+08  2.23006800e+12  5.46223520e-27
 1.95000000e+01  1.15520022e+08  2.20752000e+12  5.26885800e-27
 1.96000000e+01  1.11067621e+08  2.18640600e+12  5.11470440e-27
 1.97000000e+01  1.06679874e+08  2.16529200e+12  4.96055080e-27
 1.98000000e+01  1.02356780e+08  2.14417800e+12  4.80639720e-27
 1.99000000e+01  9.80983393e+07  2.12306400e+12  4.65224360e-27
 2.00000000e+01  9.39045517e+07  2.10195000e+12  4.49809000e-27
 2.01000000e+01  9.06835010e+07  2.08135800e+12  4.38677510e-27
 2.02000000e+01  8.75079823e+07  2.06076600e+12  4.27546020e-27
 2.03000000e+01  8.43779958e+07  2.04017400e+12  4.16414530e-27
 2.04000000e+01  8.12935414e+07  2.01958200e+12  4.05283040e-27
 2.05000000e+01  7.82546192e+07  1.99899000e+12  3.94151550e-27
 2.06000000e+01  7.53605174e+07  1.98100800e+12  3.83020060e-27
 2.07000000e+01  7.25061766e+07  1.96302600e+12  3.71888570e-27
 2.08000000e+01  6.96915968e+07  1.94504400e+12  3.60757080e-27
 2.09000000e+01  6.69167780e+07  1.92706200e+12  3.49625590e-27
 2.10000000e+01  6.41817202e+07  1.90908000e+12  3.38494100e-27
 2.11000000e+01  6.21821223e+07  1.89136800e+12  3.31019350e-27
 2.12000000e+01  6.02088228e+07  1.87365600e+12  3.23544600e-27
 2.13000000e+01  5.82618218e+07  1.85594400e+12  3.16069850e-27
 2.14000000e+01  5.63411192e+07  1.83823200e+12  3.08595100e-27
 2.15000000e+01  5.44467151e+07  1.82052000e+12  3.01120350e-27
 2.16000000e+01  5.25575233e+07  1.80208500e+12  2.93645600e-27
 2.17000000e+01  5.06957034e+07  1.78365000e+12  2.86170850e-27
 2.18000000e+01  4.88612556e+07  1.76521500e+12  2.78696100e-27
 2.19000000e+01  4.70541796e+07  1.74678000e+12  2.71221350e-27
 2.20000000e+01  4.52744757e+07  1.72834500e+12  2.63746600e-27
 2.21000000e+01  4.39385544e+07  1.71251100e+12  2.58330850e-27
 2.22000000e+01  4.26196672e+07  1.69667700e+12  2.52915100e-27
 2.23000000e+01  4.13178138e+07  1.68084300e+12  2.47499350e-27
 2.24000000e+01  4.00329945e+07  1.66500900e+12  2.42083600e-27
 2.25000000e+01  3.87652090e+07  1.64917500e+12  2.36667850e-27
 2.26000000e+01  3.75300298e+07  1.63401900e+12  2.31252100e-27
 2.27000000e+01  3.63111552e+07  1.61886300e+12  2.25836350e-27
 2.28000000e+01  3.51085851e+07  1.60370700e+12  2.20420600e-27
 2.29000000e+01  3.39223196e+07  1.58855100e+12  2.15004850e-27
 2.30000000e+01  3.27523586e+07  1.57339500e+12  2.09589100e-27
 2.31000000e+01  3.18502187e+07  1.55900700e+12  2.05697130e-27
 2.32000000e+01  3.09592022e+07  1.54461900e+12  2.01805160e-27
 2.33000000e+01  3.00793091e+07  1.53023100e+12  1.97913190e-27
 2.34000000e+01  2.92105393e+07  1.51584300e+12  1.94021220e-27
 2.35000000e+01  2.83528929e+07  1.50145500e+12  1.90129250e-27
 2.36000000e+01  2.75161363e+07  1.48759500e+12  1.86237280e-27
 2.37000000e+01  2.66900949e+07  1.47373500e+12  1.82345310e-27
 2.38000000e+01  2.58747686e+07  1.45987500e+12  1.78453340e-27
 2.39000000e+01  2.50701575e+07  1.44601500e+12  1.74561370e-27
 2.40000000e+01  2.42762615e+07  1.43215500e+12  1.70669400e-27
 2.41000000e+01  2.35899767e+07  1.41806700e+12  1.67492220e-27
 2.42000000e+01  2.29125830e+07  1.40397900e+12  1.64315040e-27
 2.43000000e+01  2.22440804e+07  1.38989100e+12  1.61137860e-27
 2.44000000e+01  2.15844690e+07  1.37580300e+12  1.57960680e-27
 2.45000000e+01  2.09337487e+07  1.36171500e+12  1.54783500e-27
 2.46000000e+01  2.03109372e+07  1.34889000e+12  1.51606320e-27
 2.47000000e+01  1.96962197e+07  1.33606500e+12  1.48429140e-27
 2.48000000e+01  1.90895963e+07  1.32324000e+12  1.45251960e-27
 2.49000000e+01  1.84910669e+07  1.31041500e+12  1.42074780e-27
 2.50000000e+01  1.79006316e+07  1.29759000e+12  1.38897600e-27
 2.51000000e+01  1.74344051e+07  1.28591700e+12  1.36507990e-27
 2.52000000e+01  1.69737194e+07  1.27424400e+12  1.34118380e-27
 2.53000000e+01  1.65185746e+07  1.26257100e+12  1.31728770e-27
 2.54000000e+01  1.60689706e+07  1.25089800e+12  1.29339160e-27
 2.55000000e+01  1.56249075e+07  1.23922500e+12  1.26949550e-27
 2.56000000e+01  1.51918780e+07  1.22799600e+12  1.24559940e-27
 2.57000000e+01  1.47641787e+07  1.21676700e+12  1.22170330e-27
 2.58000000e+01  1.43418094e+07  1.20553800e+12  1.19780720e-27
 2.59000000e+01  1.39247702e+07  1.19430900e+12  1.17391110e-27
 2.60000000e+01  1.35130611e+07  1.18308000e+12  1.15001500e-27
 2.61000000e+01  1.31782884e+07  1.17222900e+12  1.13190616e-27
 2.62000000e+01  1.28474189e+07  1.16137800e+12  1.11379732e-27
 2.63000000e+01  1.25204527e+07  1.15052700e+12  1.09568848e-27
 2.64000000e+01  1.21973898e+07  1.13967600e+12  1.07757964e-27
 2.65000000e+01  1.18782301e+07  1.12882500e+12  1.05947080e-27
 2.66000000e+01  1.15653007e+07  1.11819900e+12  1.04136196e-27
 2.67000000e+01  1.12561937e+07  1.10757300e+12  1.02325312e-27
 2.68000000e+01  1.09509091e+07  1.09694700e+12  1.00514428e-27
 2.69000000e+01  1.06494467e+07  1.08632100e+12  9.87035440e-28
 2.70000000e+01  1.03518066e+07  1.07569500e+12  9.68926600e-28
 2.71000000e+01  1.00984618e+07  1.06488300e+12  9.54810550e-28
 2.72000000e+01  9.84814857e+06  1.05407100e+12  9.40694500e-28
 2.73000000e+01  9.60086708e+06  1.04325900e+12  9.26578450e-28
 2.74000000e+01  9.35661729e+06  1.03244700e+12  9.12462400e-28
 2.75000000e+01  9.11539919e+06  1.02163500e+12  8.98346350e-28
 2.76000000e+01  8.87908339e+06  1.01103600e+12  8.84230300e-28
 2.77000000e+01  8.64573955e+06  1.00043700e+12  8.70114250e-28
 2.78000000e+01  8.41536768e+06  9.89838000e+11  8.55998200e-28
 2.79000000e+01  8.18796778e+06  9.79239000e+11  8.41882150e-28
 2.80000000e+01  7.96353985e+06  9.68640000e+11  8.27766100e-28
 2.81000000e+01  7.76668250e+06  9.59175000e+11  8.15270220e-28
 2.82000000e+01  7.57217452e+06  9.49710000e+11  8.02774340e-28
 2.83000000e+01  7.38001593e+06  9.40245000e+11  7.90278460e-28
 2.84000000e+01  7.19020672e+06  9.30780000e+11  7.77782580e-28
 2.85000000e+01  7.00274690e+06  9.21315000e+11  7.65286700e-28
 2.86000000e+01  6.81503456e+06  9.11502000e+11  7.52790820e-28
 2.87000000e+01  6.62975798e+06  9.01689000e+11  7.40294940e-28
 2.88000000e+01  6.44691716e+06  8.91876000e+11  7.27799060e-28
 2.89000000e+01  6.26651210e+06  8.82063000e+11  7.15303180e-28
 2.90000000e+01  6.08854281e+06  8.72250000e+11  7.02807300e-28
 2.91000000e+01  5.93866301e+06  8.61921000e+11  6.93721410e-28
 2.92000000e+01  5.79064742e+06  8.51592000e+11  6.84635520e-28
 2.93000000e+01  5.64449602e+06  8.41263000e+11  6.75549630e-28
 2.94000000e+01  5.50020881e+06  8.30934000e+11  6.66463740e-28
 2.95000000e+01  5.35778581e+06  8.20605000e+11  6.57377850e-28
 2.96000000e+01  5.22817944e+06  8.11977000e+11  6.48291960e-28
 2.97000000e+01  5.10013028e+06  8.03349000e+11  6.39206070e-28
 2.98000000e+01  4.97363831e+06  7.94721000e+11  6.30120180e-28
 2.99000000e+01  4.84870354e+06  7.86093000e+11  6.21034290e-28
 3.00000000e+01  4.72532596e+06  7.77465000e+11  6.11948400e-28
 3.01000000e+01  4.61942626e+06  7.68369000e+11  6.05315900e-28
 3.02000000e+01  4.51472493e+06  7.59273000e+11  5.98683400e-28
 3.03000000e+01  4.41122198e+06  7.50177000e+11  5.92050900e-28
 3.04000000e+01  4.30891740e+06  7.41081000e+11  5.85418400e-28
 3.05000000e+01  4.20781121e+06  7.31985000e+11  5.78785900e-28
 3.06000000e+01  4.10657366e+06  7.22655000e+11  5.72153400e-28
 3.07000000e+01  4.00656531e+06  7.13325000e+11  5.65520900e-28
 3.08000000e+01  3.90778618e+06  7.03995000e+11  5.58888400e-28
 3.09000000e+01  3.81023625e+06  6.94665000e+11  5.52255900e-28
 3.10000000e+01  3.71391552e+06  6.85335000e+11  5.45623400e-28
 3.11000000e+01  3.62325650e+06  6.76833000e+11  5.38990900e-28
 3.12000000e+01  3.53371760e+06  6.68331000e+11  5.32358400e-28
 3.13000000e+01  3.44529881e+06  6.59829000e+11  5.25725900e-28
 3.14000000e+01  3.35800015e+06  6.51327000e+11  5.19093400e-28
 3.15000000e+01  3.27182160e+06  6.42825000e+11  5.12460900e-28
 3.16000000e+01  3.18819498e+06  6.34608000e+11  5.05828400e-28
 3.17000000e+01  3.10565093e+06  6.26391000e+11  4.99195900e-28
 3.18000000e+01  3.02418946e+06  6.18174000e+11  4.92563400e-28
 3.19000000e+01  2.94381055e+06  6.09957000e+11  4.85930900e-28
 3.20000000e+01  2.86451422e+06  6.01740000e+11  4.79298400e-28
 3.21000000e+01  2.79710753e+06  5.93823000e+11  4.74259485e-28
 3.22000000e+01  2.73049327e+06  5.85906000e+11  4.69220570e-28
 3.23000000e+01  2.66467144e+06  5.77989000e+11  4.64181655e-28
 3.24000000e+01  2.59964206e+06  5.70072000e+11  4.59142740e-28
 3.25000000e+01  2.53540510e+06  5.62155000e+11  4.54103825e-28
 3.26000000e+01  2.47064931e+06  5.53944000e+11  4.49064910e-28
 3.27000000e+01  2.40671538e+06  5.45733000e+11  4.44025995e-28
 3.28000000e+01  2.34360332e+06  5.37522000e+11  4.38987080e-28
 3.29000000e+01  2.28131312e+06  5.29311000e+11  4.33948165e-28
 3.30000000e+01  2.21984478e+06  5.21100000e+11  4.28909250e-28
 3.31000000e+01  2.15932460e+06  5.12919000e+11  4.23870335e-28
 3.32000000e+01  2.09962328e+06  5.04738000e+11  4.18831420e-28
 3.33000000e+01  2.04074082e+06  4.96557000e+11  4.13792505e-28
 3.34000000e+01  1.98267721e+06  4.88376000e+11  4.08753590e-28
 3.35000000e+01  1.92543247e+06  4.80195000e+11  4.03714675e-28
 3.36000000e+01  1.86894720e+06  4.71999000e+11  3.98675760e-28
 3.37000000e+01  1.81328228e+06  4.63803000e+11  3.93636845e-28
 3.38000000e+01  1.75843773e+06  4.55607000e+11  3.88597930e-28
 3.39000000e+01  1.70441353e+06  4.47411000e+11  3.83559015e-28
 3.40000000e+01  1.65120970e+06  4.39215000e+11  3.78520100e-28
 3.41000000e+01  1.60724495e+06  4.31349000e+11  3.75160540e-28
 3.42000000e+01  1.56380513e+06  4.23483000e+11  3.71800980e-28
 3.43000000e+01  1.52089024e+06  4.15617000e+11  3.68441420e-28
 3.44000000e+01  1.47850028e+06  4.07751000e+11  3.65081860e-28
 3.45000000e+01  1.43663525e+06  3.99885000e+11  3.61722300e-28
 3.46000000e+01  1.39364010e+06  3.91554000e+11  3.58362740e-28
 3.47000000e+01  1.35120092e+06  3.83223000e+11  3.55003180e-28
 3.48000000e+01  1.30931769e+06  3.74892000e+11  3.51643620e-28
 3.49000000e+01  1.26799043e+06  3.66561000e+11  3.48284060e-28
 3.50000000e+01  1.22721914e+06  3.58230000e+11  3.44924500e-28
 3.51000000e+01  1.18596267e+06  3.49592100e+11  3.41564940e-28
 3.52000000e+01  1.14528264e+06  3.40954200e+11  3.38205380e-28
 3.53000000e+01  1.10517906e+06  3.32316300e+11  3.34845820e-28
 3.54000000e+01  1.06565192e+06  3.23678400e+11  3.31486260e-28
 3.55000000e+01  1.02670123e+06  3.15040500e+11  3.28126700e-28
 3.56000000e+01  9.90688102e+05  3.07134600e+11  3.24767140e-28
 3.57000000e+01  9.55202571e+05  2.99228700e+11  3.21407580e-28
 3.58000000e+01  9.20244634e+05  2.91322800e+11  3.18048020e-28
 3.59000000e+01  8.85814291e+05  2.83416900e+11  3.14688460e-28
 3.60000000e+01  8.51911542e+05  2.75511000e+11  3.11328900e-28
 3.61000000e+01  8.19979690e+05  2.67465000e+11  3.08673975e-28
 3.62000000e+01  7.88472164e+05  2.59419000e+11  3.06019050e-28
 3.63000000e+01  7.57388961e+05  2.51373000e+11  3.03364125e-28
 3.64000000e+01  7.26730084e+05  2.43327000e+11  3.00709200e-28
 3.65000000e+01  6.96495532e+05  2.35281000e+11  2.98054275e-28
 3.66000000e+01  6.64072077e+05  2.26344300e+11  2.95399350e-28
 3.67000000e+01  6.32119921e+05  2.17407600e+11  2.92744425e-28
 3.68000000e+01  6.00639062e+05  2.08470900e+11  2.90089500e-28
 3.69000000e+01  5.69629501e+05  1.99534200e+11  2.87434575e-28
 3.70000000e+01  5.39091239e+05  1.90597500e+11  2.84779650e-28
 3.71000000e+01  5.09663984e+05  1.81889100e+11  2.82124725e-28
 3.72000000e+01  4.80695987e+05  1.73180700e+11  2.79469800e-28
 3.73000000e+01  4.52187249e+05  1.64472300e+11  2.76814875e-28
 3.74000000e+01  4.24137768e+05  1.55763900e+11  2.74159950e-28
 3.75000000e+01  3.96547545e+05  1.47055500e+11  2.71505025e-28
 3.76000000e+01  3.70321784e+05  1.38686100e+11  2.68850100e-28
 3.77000000e+01  3.44537402e+05  1.30316700e+11  2.66195175e-28
 3.78000000e+01  3.19194401e+05  1.21947300e+11  2.63540250e-28
 3.79000000e+01  2.94292780e+05  1.13577900e+11  2.60885325e-28
 3.80000000e+01  2.69832538e+05  1.05208500e+11  2.58230400e-28
 3.81000000e+01  2.47253348e+05  9.70281000e+10  2.56571570e-28
 3.82000000e+01  2.24943710e+05  8.88477000e+10  2.54912740e-28
 3.83000000e+01  2.02903623e+05  8.06673000e+10  2.53253910e-28
 3.84000000e+01  1.81133089e+05  7.24869000e+10  2.51595080e-28
 3.85000000e+01  1.59632106e+05  6.43065000e+10  2.49936250e-28
 3.86000000e+01  1.42686439e+05  5.78641200e+10  2.48277420e-28
 3.87000000e+01  1.25953053e+05  5.14217400e+10  2.46618590e-28
 3.88000000e+01  1.09431951e+05  4.49793600e+10  2.44959760e-28
 3.89000000e+01  9.31231308e+04  3.85369800e+10  2.43300930e-28
 3.90000000e+01  7.70265933e+04  3.20946000e+10  2.41642100e-28
 3.91000000e+01  6.65359131e+04  2.79150900e+10  2.39983270e-28
 3.92000000e+01  5.61829517e+04  2.37355800e+10  2.38324440e-28
 3.93000000e+01  4.59677091e+04  1.95560700e+10  2.36665610e-28
 3.94000000e+01  3.58901853e+04  1.53765600e+10  2.35006780e-28
 3.95000000e+01  2.59503805e+04  1.11970500e+10  2.33347950e-28
 3.96000000e+01  2.15234885e+04  9.35343000e+09  2.31689120e-28
 3.97000000e+01  1.71573456e+04  7.50981000e+09  2.30030290e-28
 3.98000000e+01  1.28519517e+04  5.66619000e+09  2.28371460e-28
 3.99000000e+01  8.60730682e+03  3.82257000e+09  2.26712630e-28
 4.00000000e+01  4.42341100e+03  1.97895000e+09  2.25053800e-28
 4.01000000e+01  3.51546769e+03  1.58316000e+09  2.23574455e-28
 4.02000000e+01  2.61915494e+03  1.18737000e+09  2.22095110e-28
 4.03000000e+01  1.73447274e+03  7.91580000e+08  2.20615765e-28
 4.04000000e+01  8.61421092e+02  3.95790000e+08  2.19136420e-28
 4.05000000e+01  0.00000000e+00  0.00000000e+00  2.17657075e-28
 4.06000000e+01  0.00000000e+00  0.00000000e+00  2.16177730e-28
 4.07000000e+01  0.00000000e+00  0.00000000e+00  2.14698385e-28
 4.08000000e+01  0.00000000e+00  0.00000000e+00  2.13219040e-28
 4.09000000e+01  0.00000000e+00  0.00000000e+00  2.11739695e-28
 4.10000000e+01  0.00000000e+00  0.00000000e+00  2.10260350e-28
 4.11000000e+01  0.00000000e+00  0.00000000e+00  2.08781005e-28
 4.12000000e+01  0.00000000e+00  0.00000000e+00  2.07301660e-28
 4.13000000e+01  0.00000000e+00  0.00000000e+00  2.05822315e-28
 4.14000000e+01  0.00000000e+00  0.00000000e+00  2.04342970e-28
 4.15000000e+01  0.00000000e+00  0.00000000e+00  2.02863625e-28
 4.16000000e+01  0.00000000e+00  0.00000000e+00  2.01384280e-28
 4.17000000e+01  0.00000000e+00  0.00000000e+00  1.99904935e-28
 4.18000000e+01  0.00000000e+00  0.00000000e+00  1.98425590e-28
 4.19000000e+01  0.00000000e+00  0.00000000e+00  1.96946245e-28
 4.20000000e+01  0.00000000e+00  0.00000000e+00  1.95466900e-28
 4.21000000e+01  0.00000000e+00  0.00000000e+00  1.94360320e-28
 4.22000000e+01  0.00000000e+00  0.00000000e+00  1.93253740e-28
 4.23000000e+01  0.00000000e+00  0.00000000e+00  1.92147160e-28
 4.24000000e+01  0.00000000e+00  0.00000000e+00  1.91040580e-28
 4.25000000e+01  0.00000000e+00  0.00000000e+00  1.89934000e-28
 4.26000000e+01  0.00000000e+00  0.00000000e+00  1.88827420e-28
 4.27000000e+01  0.00000000e+00  0.00000000e+00  1.87720840e-28
 4.28000000e+01  0.00000000e+00  0.00000000e+00  1.86614260e-28
 4.29000000e+01  0.00000000e+00  0.00000000e+00  1.85507680e-28
 4.30000000e+01  0.00000000e+00  0.00000000e+00  1.84401100e-28
 4.31000000e+01  0.00000000e+00  0.00000000e+00  1.83294520e-28
 4.32000000e+01  0.00000000e+00  0.00000000e+00  1.82187940e-28
 4.33000000e+01  0.00000000e+00  0.00000000e+00  1.81081360e-28
 4.34000000e+01  0.00000000e+00  0.00000000e+00  1.79974780e-28
 4.35000000e+01  0.00000000e+00  0.00000000e+00  1.78868200e-28
 4.36000000e+01  0.00000000e+00  0.00000000e+00  1.77761620e-28
 4.37000000e+01  0.00000000e+00  0.00000000e+00  1.76655040e-28
 4.38000000e+01  0.00000000e+00  0.00000000e+00  1.75548460e-28
 4.39000000e+01  0.00000000e+00  0.00000000e+00  1.74441880e-28
 4.40000000e+01  0.00000000e+00  0.00000000e+00  1.73335300e-28
 4.41000000e+01  0.00000000e+00  0.00000000e+00  1.72441315e-28
 4.42000000e+01  0.00000000e+00  0.00000000e+00  1.71547330e-28
 4.43000000e+01  0.00000000e+00  0.00000000e+00  1.70653345e-28
 4.44000000e+01  0.00000000e+00  0.00000000e+00  1.69759360e-28
 4.45000000e+01  0.00000000e+00  0.00000000e+00  1.68865375e-28
 4.46000000e+01  0.00000000e+00  0.00000000e+00  1.67971390e-28
 4.47000000e+01  0.00000000e+00  0.00000000e+00  1.67077405e-28
 4.48000000e+01  0.00000000e+00  0.00000000e+00  1.66183420e-28
 4.49000000e+01  0.00000000e+00  0.00000000e+00  1.65289435e-28
 4.50000000e+01  0.00000000e+00  0.00000000e+00  1.64395450e-28
 4.51000000e+01  0.00000000e+00  0.00000000e+00  1.63501465e-28
 4.52000000e+01  0.00000000e+00  0.00000000e+00  1.62607480e-28
 4.53000000e+01  0.00000000e+00  0.00000000e+00  1.61713495e-28
 4.54000000e+01  0.00000000e+00  0.00000000e+00  1.60819510e-28
 4.55000000e+01  0.00000000e+00  0.00000000e+00  1.59925525e-28
 4.56000000e+01  0.00000000e+00  0.00000000e+00  1.59031540e-28
 4.57000000e+01  0.00000000e+00  0.00000000e+00  1.58137555e-28
 4.58000000e+01  0.00000000e+00  0.00000000e+00  1.57243570e-28
 4.59000000e+01  0.00000000e+00  0.00000000e+00  1.56349585e-28
 4.60000000e+01  0.00000000e+00  0.00000000e+00  1.55455600e-28
 4.61000000e+01  0.00000000e+00  0.00000000e+00  1.54835485e-28
 4.62000000e+01  0.00000000e+00  0.00000000e+00  1.54215370e-28
 4.63000000e+01  0.00000000e+00  0.00000000e+00  1.53595255e-28
 4.64000000e+01  0.00000000e+00  0.00000000e+00  1.52975140e-28
 4.65000000e+01  0.00000000e+00  0.00000000e+00  1.52355025e-28
 4.66000000e+01  0.00000000e+00  0.00000000e+00  1.51734910e-28
 4.67000000e+01  0.00000000e+00  0.00000000e+00  1.51114795e-28
 4.68000000e+01  0.00000000e+00  0.00000000e+00  1.50494680e-28
 4.69000000e+01  0.00000000e+00  0.00000000e+00  1.49874565e-28
 4.70000000e+01  0.00000000e+00  0.00000000e+00  1.49254450e-28
 4.71000000e+01  0.00000000e+00  0.00000000e+00  1.48634335e-28
 4.72000000e+01  0.00000000e+00  0.00000000e+00  1.48014220e-28
 4.73000000e+01  0.00000000e+00  0.00000000e+00  1.47394105e-28
 4.74000000e+01  0.00000000e+00  0.00000000e+00  1.46773990e-28
 4.75000000e+01  0.00000000e+00  0.00000000e+00  1.46153875e-28
 4.76000000e+01  0.00000000e+00  0.00000000e+00  1.45533760e-28
 4.77000000e+01  0.00000000e+00  0.00000000e+00  1.44913645e-28
 4.78000000e+01  0.00000000e+00  0.00000000e+00  1.44293530e-28
 4.79000000e+01  0.00000000e+00  0.00000000e+00  1.43673415e-28
 4.80000000e+01  0.00000000e+00  0.00000000e+00  1.43053300e-28
 4.81000000e+01  0.00000000e+00  0.00000000e+00  1.42414940e-28
 4.82000000e+01  0.00000000e+00  0.00000000e+00  1.41776580e-28
 4.83000000e+01  0.00000000e+00  0.00000000e+00  1.41138220e-28
 4.84000000e+01  0.00000000e+00  0.00000000e+00  1.40499860e-28
 4.85000000e+01  0.00000000e+00  0.00000000e+00  1.39861500e-28
 4.86000000e+01  0.00000000e+00  0.00000000e+00  1.39223140e-28
 4.87000000e+01  0.00000000e+00  0.00000000e+00  1.38584780e-28
 4.88000000e+01  0.00000000e+00  0.00000000e+00  1.37946420e-28
 4.89000000e+01  0.00000000e+00  0.00000000e+00  1.37308060e-28
 4.90000000e+01  0.00000000e+00  0.00000000e+00  1.36669700e-28
 4.91000000e+01  0.00000000e+00  0.00000000e+00  1.36031340e-28
 4.92000000e+01  0.00000000e+00  0.00000000e+00  1.35392980e-28
 4.93000000e+01  0.00000000e+00  0.00000000e+00  1.34754620e-28
 4.94000000e+01  0.00000000e+00  0.00000000e+00  1.34116260e-28
 4.95000000e+01  0.00000000e+00  0.00000000e+00  1.33477900e-28
 4.96000000e+01  0.00000000e+00  0.00000000e+00  1.32839540e-28
 4.97000000e+01  0.00000000e+00  0.00000000e+00  1.32201180e-28
 4.98000000e+01  0.00000000e+00  0.00000000e+00  1.31562820e-28
 4.99000000e+01  0.00000000e+00  0.00000000e+00  1.30924460e-28
 5.00000000e+01  0.00000000e+00  0.00000000e+00  1.30286100e-28
