# energy(MeV) dYield(atoms/MeV/s) photonFlux(photons/MeV/uA/s) crossSection(mb)
# 501 4
# 501 4
 0.00000000e+00  0.00000000e+00  1.02972000e+14  0.00000000e+00
 1.00000000e-01  0.00000000e+00  1.01846700e+14  0.00000000e+00
 2.00000000e-01  0.00000000e+00  1.00721400e+14  0.00000000e+00
 3.00000000e-01  0.00000000e+00  9.95961000e+13  0.00000000e+00
 4.00000000e-01  0.00000000e+00  9.84708000e+13  0.00000000e+00
 5.00000000e-01  0.00000000e+00  9.73455000e+13  0.00000000e+00
 6.00000000e-01  0.00000000e+00  9.17961000e+13  0.00000000e+00
 7.00000000e-01  0.00000000e+00  8.62467000e+13  0.00000000e+00
 8.00000000e-01  0.00000000e+00  8.06973000e+13  0.00000000e+00
 9.00000000e-01  0.00000000e+00  7.51479000e+13  0.00000000e+00
 1.00000000e+00  0.00000000e+00  6.95985000e+13  0.00000000e+00
 1.10000000e+00  0.00000000e+00  6.36384000e+13  0.00000000e+00
 1.20000000e+00  0.00000000e+00  5.76783000e+13  0.00000000e+00
 1.30000000e+00  0.00000000e+00  5.17182000e+13  0.00000000e+00
 1.40000000e+00  0.00000000e+00  4.57581000e+13  0.00000000e+00
 1.50000000e+00  0.00000000e+00  3.97980000e+13  0.00000000e+00
 1.60000000e+00  0.00000000e+00  3.74175000e+13  0.00000000e+00
 1.70000000e+00  0.00000000e+00  3.50370000e+13  0.00000000e+00
 1.80000000e+00  0.00000000e+00  3.26565000e+13  0.00000000e+00
 1.90000000e+00  0.00000000e+00  3.02760000e+13  0.00000000e+00
 2.00000000e+00  0.00000000e+00  2.78955000e+13  0.00000000e+00
 2.10000000e+00  0.00000000e+00  2.65212900e+13  0.00000000e+00
 2.20000000e+00  0.00000000e+00  2.51470800e+13  0.00000000e+00
 2.30000000e+00  0.00000000e+00  2.37728700e+13  0.00000000e+00
 2.40000000e+00  0.00000000e+00  2.23986600e+13  0.00000000e+00
 2.50000000e+00  0.00000000e+00  2.10244500e+13  0.00000000e+00
 2.60000000e+00  0.00000000e+00  2.01438300e+13  0.00000000e+00
 2.70000000e+00  0.00000000e+00  1.92632100e+13  0.00000000e+00
 2.80000000e+00  0.00000000e+00  1.83825900e+13  0.00000000e+00
 2.90000000e+00  0.00000000e+00  1.75019700e+13  0.00000000e+00
 3.00000000e+00  0.00000000e+00  1.66213500e+13  0.00000000e+00
 3.10000000e+00  0.00000000e+00  1.60160700e+13  0.00000000e+00
 3.20000000e+00  0.00000000e+00  1.54107900e+13  0.00000000e+00
 3.30000000e+00  0.00000000e+00  1.48055100e+13  0.00000000e+00
 3.40000000e+00  0.00000000e+00  1.42002300e+13  0.00000000e+00
 3.50000000e+00  0.00000000e+00  1.35949500e+13  0.00000000e+00
 3.60000000e+00  0.00000000e+00  1.31505900e+13  0.00000000e+00
 3.70000000e+00  0.00000000e+00  1.27062300e+13  0.00000000e+00
 3.80000000e+00  0.00000000e+00  1.22618700e+13  0.00000000e+00
 3.90000000e+00  0.00000000e+00  1.18175100e+13  0.00000000e+00
 4.00000000e+00  0.00000000e+00  1.13731500e+13  0.00000000e+00
 4.10000000e+00  0.00000000e+00  1.10370900e+13  0.00000000e+00
 4.20000000e+00  0.00000000e+00  1.07010300e+13  0.00000000e+00
 4.30000000e+00  0.00000000e+00  1.03649700e+13  0.00000000e+00
 4.40000000e+00  0.00000000e+00  1.00289100e+13  0.00000000e+00
 4.50000000e+00  0.00000000e+00  9.69285000e+12  0.00000000e+00
 4.60000000e+00  0.00000000e+00  9.42999000e+12  0.00000000e+00
 4.70000000e+00  0.00000000e+00  9.16713000e+12  0.00000000e+00
 4.80000000e+00  0.00000000e+00  8.90427000e+12  0.00000000e+00
 4.90000000e+00  0.00000000e+00  8.64141000e+12  0.00000000e+00
 5.00000000e+00  0.00000000e+00  8.37855000e+12  0.00000000e+00
 5.10000000e+00  0.00000000e+00  8.16669000e+12  0.00000000e+00
 5.20000000e+00  0.00000000e+00  7.95483000e+12  0.00000000e+00
 5.30000000e+00  0.00000000e+00  7.74297000e+12  0.00000000e+00
 5.40000000e+00  0.00000000e+00  7.53111000e+12  0.00000000e+00
 5.50000000e+00  0.00000000e+00  7.31925000e+12  0.00000000e+00
 5.60000000e+00  0.00000000e+00  7.14798000e+12  0.00000000e+00
 5.70000000e+00  0.00000000e+00  6.97671000e+12  0.00000000e+00
 5.80000000e+00  0.00000000e+00  6.80544000e+12  0.00000000e+00
 5.90000000e+00  0.00000000e+00  6.63417000e+12  0.00000000e+00
 6.00000000e+00  0.00000000e+00  6.46290000e+12  0.00000000e+00
 6.10000000e+00  0.00000000e+00  6.32031000e+12  0.00000000e+00
 6.20000000e+00  0.00000000e+00  6.17772000e+12  0.00000000e+00
 6.30000000e+00  0.00000000e+00  6.03513000e+12  0.00000000e+00
 6.40000000e+00  0.00000000e+00  5.89254000e+12  0.00000000e+00
 6.50000000e+00  0.00000000e+00  5.74995000e+12  0.00000000e+00
 6.60000000e+00  7.11630277e+08  5.63088000e+12  1.27245380e-26
 6.70000000e+00  7.51751233e+08  5.51181000e+12  1.37323160e-26
 6.80000000e+00  7.89488589e+08  5.39274000e+12  1.47400940e-26
 6.90000000e+00  8.24842345e+08  5.27367000e+12  1.57478720e-26
 7.00000000e+00  8.57812502e+08  5.15460000e+12  1.67556500e-26
 7.10000000e+00  8.95092742e+08  5.05254000e+12  1.78370140e-26
 7.20000000e+00  9.30180714e+08  4.95048000e+12  1.89183780e-26
 7.30000000e+00  9.63076419e+08  4.84842000e+12  1.99997420e-26
 7.40000000e+00  9.93779856e+08  4.74636000e+12  2.10811060e-26
 7.50000000e+00  1.02229103e+09  4.64430000e+12  2.21624700e-26
 7.60000000e+00  1.07116809e+09  4.55520000e+12  2.36763120e-26
 7.70000000e+00  1.11736583e+09  4.46610000e+12  2.51901540e-26
 7.80000000e+00  1.16088426e+09  4.37700000e+12  2.67039960e-26
 7.90000000e+00  1.20172337e+09  4.28790000e+12  2.82178380e-26
 8.00000000e+00  1.23988316e+09  4.19880000e+12  2.97316800e-26
 8.10000000e+00  1.30701571e+09  4.12275000e+12  3.19196180e-26
 8.20000000e+00  1.37084304e+09  4.04670000e+12  3.41075560e-26
 8.30000000e+00  1.43136516e+09  3.97065000e+12  3.62954940e-26
 8.40000000e+00  1.48858205e+09  3.89460000e+12  3.84834320e-26
 8.50000000e+00  1.54249372e+09  3.81855000e+12  4.06713700e-26
 8.60000000e+00  1.63538652e+09  3.75276000e+12  4.38766540e-26
 8.70000000e+00  1.72409049e+09  3.68697000e+12  4.70819380e-26
 8.80000000e+00  1.80860564e+09  3.62118000e+12  5.02872220e-26
 8.90000000e+00  1.88893195e+09  3.55539000e+12  5.34925060e-26
 9.00000000e+00  1.96506944e+09  3.48960000e+12  5.66977900e-26
 9.10000000e+00  2.09410363e+09  3.43263000e+12  6.14235700e-26
 9.20000000e+00  2.21778990e+09  3.37566000e+12  6.61493500e-26
 9.30000000e+00  2.33612823e+09  3.31869000e+12  7.08751300e-26
 9.40000000e+00  2.44911863e+09  3.26172000e+12  7.56009100e-26
 9.50000000e+00  2.55676110e+09  3.20475000e+12  8.03266900e-26
 9.60000000e+00  2.73474046e+09  3.15373500e+12  8.73081520e-26
 9.70000000e+00  2.90564508e+09  3.10272000e+12  9.42896140e-26
 9.80000000e+00  3.06947497e+09  3.05170500e+12  1.01271076e-25
 9.90000000e+00  3.22623011e+09  3.00069000e+12  1.08252538e-25
 1.00000000e+01  3.37591052e+09  2.94967500e+12  1.15234000e-25
 1.01000000e+01  3.62118452e+09  2.90457300e+12  1.25525580e-25
 1.02000000e+01  3.85723824e+09  2.85947100e+12  1.35817160e-25
 1.03000000e+01  4.08407168e+09  2.81436900e+12  1.46108740e-25
 1.04000000e+01  4.30168485e+09  2.76926700e+12  1.56400320e-25
 1.05000000e+01  4.51007774e+09  2.72416500e+12  1.66691900e-25
 1.06000000e+01  4.83241775e+09  2.68430100e+12  1.81257980e-25
 1.07000000e+01  5.14322350e+09  2.64443700e+12  1.95824060e-25
 1.08000000e+01  5.44249500e+09  2.60457300e+12  2.10390140e-25
 1.09000000e+01  5.73023224e+09  2.56470900e+12  2.24956220e-25
 1.10000000e+01  6.00643522e+09  2.52484500e+12  2.39522300e-25
 1.11000000e+01  6.31490797e+09  2.48805600e+12  2.55546980e-25
 1.12000000e+01  6.61167028e+09  2.45126700e+12  2.71571660e-25
 1.13000000e+01  6.89672214e+09  2.41447800e+12  2.87596340e-25
 1.14000000e+01  7.17006356e+09  2.37768900e+12  3.03621020e-25
 1.15000000e+01  7.43169453e+09  2.34090000e+12  3.19645700e-25
 1.16000000e+01  7.12856413e+09  2.30568300e+12  3.11290840e-25
 1.17000000e+01  6.83127837e+09  2.27046600e+12  3.02935980e-25
 1.18000000e+01  6.53983724e+09  2.23524900e+12  2.94581120e-25
 1.19000000e+01  6.25424076e+09  2.20003200e+12  2.86226260e-25
 1.20000000e+01  5.97448891e+09  2.16481500e+12  2.77871400e-25
 1.21000000e+01  5.55793388e+09  2.13443400e+12  2.62176960e-25
 1.22000000e+01  5.15085024e+09  2.10405300e+12  2.46482520e-25
 1.23000000e+01  4.75323799e+09  2.07367200e+12  2.30788080e-25
 1.24000000e+01  4.36509714e+09  2.04329100e+12  2.15093640e-25
 1.25000000e+01  3.98642769e+09  2.01291000e+12  1.99399200e-25
 1.26000000e+01  3.69388690e+09  1.98564000e+12  1.87303960e-25
 1.27000000e+01  3.40789799e+09  1.95837000e+12  1.75208720e-25
 1.28000000e+01  3.12846096e+09  1.93110000e+12  1.63113480e-25
 1.29000000e+01  2.85557580e+09  1.90383000e+12  1.51018240e-25
 1.30000000e+01  2.58924252e+09  1.87656000e+12  1.38923000e-25
 1.31000000e+01  2.40429489e+09  1.85131200e+12  1.30759122e-25
 1.32000000e+01  2.22344166e+09  1.82606400e+12  1.22595244e-25
 1.33000000e+01  2.04668282e+09  1.80081600e+12  1.14431366e-25
 1.34000000e+01  1.87401838e+09  1.77556800e+12  1.06267488e-25
 1.35000000e+01  1.70544833e+09  1.75032000e+12  9.81036100e-26
 1.36000000e+01  1.60496536e+09  1.72736400e+12  9.35504060e-26
 1.37000000e+01  1.50655863e+09  1.70440800e+12  8.89972020e-26
 1.38000000e+01  1.41022816e+09  1.68145200e+12  8.44439980e-26
 1.39000000e+01  1.31597394e+09  1.65849600e+12  7.98907940e-26
 1.40000000e+01  1.22379596e+09  1.63554000e+12  7.53375900e-26
 1.41000000e+01  1.16094178e+09  1.61421000e+12  7.24126240e-26
 1.42000000e+01  1.09932690e+09  1.59288000e+12  6.94876580e-26
 1.43000000e+01  1.03895133e+09  1.57155000e+12  6.65626920e-26
 1.44000000e+01  9.79815059e+08  1.55022000e+12  6.36377260e-26
 1.45000000e+01  9.21918093e+08  1.52889000e+12  6.07127600e-26
 1.46000000e+01  8.72072058e+08  1.50997500e+12  5.81495680e-26
 1.47000000e+01  8.23189083e+08  1.49106000e+12  5.55863760e-26
 1.48000000e+01  7.75269169e+08  1.47214500e+12  5.30231840e-26
 1.49000000e+01  7.28312316e+08  1.45323000e+12  5.04599920e-26
 1.50000000e+01  6.82318523e+08  1.43431500e+12  4.78968000e-26
 1.51000000e+01  6.41642791e+08  1.41659700e+12  4.56048340e-26
 1.52000000e+01  6.01773715e+08  1.39887900e+12  4.33128680e-26
 1.53000000e+01  5.62711297e+08  1.38116100e+12  4.10209020e-26
 1.54000000e+01  5.24455536e+08  1.36344300e+12  3.87289360e-26
 1.55000000e+01  4.87006433e+08  1.34572500e+12  3.64369700e-26
 1.56000000e+01  4.55640891e+08  1.32910800e+12  3.45164640e-26
 1.57000000e+01  4.24909270e+08  1.31249100e+12  3.25959580e-26
 1.58000000e+01  3.94811568e+08  1.29587400e+12  3.06754520e-26
 1.59000000e+01  3.65347786e+08  1.27925700e+12  2.87549460e-26
 1.60000000e+01  3.36517925e+08  1.26264000e+12  2.68344400e-26
 1.61000000e+01  3.15272675e+08  1.24805100e+12  2.54341880e-26
 1.62000000e+01  2.94433212e+08  1.23346200e+12  2.40339360e-26
 1.63000000e+01  2.73999536e+08  1.21887300e+12  2.26336840e-26
 1.64000000e+01  2.53971646e+08  1.20428400e+12  2.12334320e-26
 1.65000000e+01  2.34349543e+08  1.18969500e+12  1.98331800e-26
 1.66000000e+01  2.20045648e+08  1.17584400e+12  1.88419980e-26
 1.67000000e+01  2.06014461e+08  1.16199300e+12  1.78508160e-26
 1.68000000e+01  1.92255985e+08  1.14814200e+12  1.68596340e-26
 1.69000000e+01  1.78770218e+08  1.13429100e+12  1.58684520e-26
 1.70000000e+01  1.65557161e+08  1.12044000e+12  1.48772700e-26
 1.71000000e+01  1.56296184e+08  1.10695200e+12  1.42161980e-26
 1.72000000e+01  1.47212324e+08  1.09346400e+12  1.35551260e-26
 1.73000000e+01  1.38305583e+08  1.07997600e+12  1.28940540e-26
 1.74000000e+01  1.29575959e+08  1.06648800e+12  1.22329820e-26
 1.75000000e+01  1.21023453e+08  1.05300000e+12  1.15719100e-26
 1.76000000e+01  1.14669964e+08  1.04017800e+12  1.10995632e-26
 1.77000000e+01  1.08436779e+08  1.02735600e+12  1.06272164e-26
 1.78000000e+01  1.02323899e+08  1.01453400e+12  1.01548696e-26
 1.79000000e+01  9.63313234e+07  1.00171200e+12  9.68252280e-27
 1.80000000e+01  9.04590529e+07  9.88890000e+11  9.21017600e-27
 1.81000000e+01  8.60620106e+07  9.77256000e+11  8.86680220e-27
 1.82000000e+01  8.17443211e+07  9.65622000e+11  8.52342840e-27
 1.83000000e+01  7.75059844e+07  9.53988000e+11  8.18005460e-27
 1.84000000e+01  7.33470005e+07  9.42354000e+11  7.83668080e-27
 1.85000000e+01  6.92673694e+07  9.30720000e+11  7.49330700e-27
 1.86000000e+01  6.62072629e+07  9.20499000e+11  7.24179440e-27
 1.87000000e+01  6.31982209e+07  9.10278000e+11  6.99028180e-27
 1.88000000e+01  6.02402434e+07  9.00057000e+11  6.73876920e-27
 1.89000000e+01  5.73333305e+07  8.89836000e+11  6.48725660e-27
 1.90000000e+01  5.44774820e+07  8.79615000e+11  6.23574400e-27
 1.91000000e+01  5.22258171e+07  8.70246000e+11  6.04236680e-27
 1.92000000e+01  5.00101407e+07  8.60877000e+11  5.84898960e-27
 1.93000000e+01  4.78304528e+07  8.51508000e+11  5.65561240e-27
 1.94000000e+01  4.56867536e+07  8.42139000e+11  5.46223520e-27
 1.95000000e+01  4.35790429e+07  8.32770000e+11  5.26885800e-27
 1.96000000e+01  4.18479034e+07  8.23791000e+11  5.11470440e-27
 1.97000000e+01  4.01442584e+07  8.14812000e+11  4.96055080e-27
 1.98000000e+01  3.84681081e+07  8.05833000e+11  4.80639720e-27
 1.99000000e+01  3.68194525e+07  7.96854000e+11  4.65224360e-27
 2.00000000e+01  3.51982914e+07  7.87875000e+11  4.49809000e-27
 2.01000000e+01  3.39409914e+07  7.79010000e+11  4.38677510e-27
 2.02000000e+01  3.27032934e+07  7.70145000e+11  4.27546020e-27
 2.03000000e+01  3.14851972e+07  7.61280000e+11  4.16414530e-27
 2.04000000e+01  3.02867029e+07  7.52415000e+11  4.05283040e-27
 2.05000000e+01  2.91078105e+07  7.43550000e+11  3.94151550e-27
 2.06000000e+01  2.79489765e+07  7.34697000e+11  3.83020060e-27
 2.07000000e+01  2.68097179e+07  7.25844000e+11  3.71888570e-27
 2.08000000e+01  2.56900346e+07  7.16991000e+11  3.60757080e-27
 2.09000000e+01  2.45899267e+07  7.08138000e+11  3.49625590e-27
 2.10000000e+01  2.35093942e+07  6.99285000e+11  3.38494100e-27
 2.11000000e+01  2.27280916e+07  6.91311000e+11  3.31019350e-27
 2.12000000e+01  2.19586287e+07  6.83337000e+11  3.23544600e-27
 2.13000000e+01  2.12010054e+07  6.75363000e+11  3.16069850e-27
 2.14000000e+01  2.04552218e+07  6.67389000e+11  3.08595100e-27
 2.15000000e+01  1.97212778e+07  6.59415000e+11  3.01120350e-27
 2.16000000e+01  1.90145725e+07  6.51969000e+11  2.93645600e-27
 2.17000000e+01  1.83189229e+07  6.44523000e+11  2.86170850e-27
 2.18000000e+01  1.76343290e+07  6.37077000e+11  2.78696100e-27
 2.19000000e+01  1.69607908e+07  6.29631000e+11  2.71221350e-27
 2.20000000e+01  1.62983083e+07  6.22185000e+11  2.63746600e-27
 2.21000000e+01  1.57902220e+07  6.15426000e+11  2.58330850e-27
 2.22000000e+01  1.52894069e+07  6.08667000e+11  2.52915100e-27
 2.23000000e+01  1.47958630e+07  6.01908000e+11  2.47499350e-27
 2.24000000e+01  1.43095903e+07  5.95149000e+11  2.42083600e-27
 2.25000000e+01  1.38305888e+07  5.88390000e+11  2.36667850e-27
 2.26000000e+01  1.33751888e+07  5.82342000e+11  2.31252100e-27
 2.27000000e+01  1.29262951e+07  5.76294000e+11  2.25836350e-27
 2.28000000e+01  1.24839077e+07  5.70246000e+11  2.20420600e-27
 2.29000000e+01  1.20480267e+07  5.64198000e+11  2.15004850e-27
 2.30000000e+01  1.16186520e+07  5.58150000e+11  2.09589100e-27
 2.31000000e+01  1.12694108e+07  5.51616000e+11  2.05697130e-27
 2.32000000e+01  1.09252210e+07  5.45082000e+11  2.01805160e-27
 2.33000000e+01  1.05860826e+07  5.38548000e+11  1.97913190e-27
 2.34000000e+01  1.02519957e+07  5.32014000e+11  1.94021220e-27
 2.35000000e+01  9.92296017e+06  5.25480000e+11  1.90129250e-27
 2.36000000e+01  9.60724430e+06  5.19393000e+11  1.86237280e-27
 2.37000000e+01  9.29623428e+06  5.13306000e+11  1.82345310e-27
 2.38000000e+01  8.98993013e+06  5.07219000e+11  1.78453340e-27
 2.39000000e+01  8.68833183e+06  5.01132000e+11  1.74561370e-27
 2.40000000e+01  8.39143939e+06  4.95045000e+11  1.70669400e-27
 2.41000000e+01  8.13451430e+06  4.88991000e+11  1.67492220e-27
 2.42000000e+01  7.88140997e+06  4.82937000e+11  1.64315040e-27
 2.43000000e+01  7.63212640e+06  4.76883000e+11  1.61137860e-27
 2.44000000e+01  7.38666360e+06  4.70829000e+11  1.57960680e-27
 2.45000000e+01  7.14502157e+06  4.64775000e+11  1.54783500e-27
 2.46000000e+01  6.91329860e+06  4.59126000e+11  1.51606320e-27
 2.47000000e+01  6.68514079e+06  4.53477000e+11  1.48429140e-27
 2.48000000e+01  6.46054815e+06  4.47828000e+11  1.45251960e-27
 2.49000000e+01  6.23952066e+06  4.42179000e+11  1.42074780e-27
 2.50000000e+01  6.02205835e+06  4.36530000e+11  1.38897600e-27
 2.51000000e+01  5.85423014e+06  4.31793000e+11  1.36507990e-27
 2.52000000e+01  5.68865045e+06  4.27056000e+11  1.34118380e-27
 2.53000000e+01  5.52531929e+06  4.22319000e+11  1.31728770e-27
 2.54000000e+01  5.36423664e+06  4.17582000e+11  1.29339160e-27
 2.55000000e+01  5.20540251e+06  4.12845000e+11  1.26949550e-27
 2.56000000e+01  5.05208291e+06  4.08372000e+11  1.24559940e-27
 2.57000000e+01  4.90088652e+06  4.03899000e+11  1.22170330e-27
 2.58000000e+01  4.75181334e+06  3.99426000e+11  1.19780720e-27
 2.59000000e+01  4.60486336e+06  3.94953000e+11  1.17391110e-27
 2.60000000e+01  4.46003659e+06  3.90480000e+11  1.15001500e-27
 2.61000000e+01  4.33827244e+06  3.85896000e+11  1.13190616e-27
 2.62000000e+01  4.21815723e+06  3.81312000e+11  1.11379732e-27
 2.63000000e+01  4.09969093e+06  3.76728000e+11  1.09568848e-27
 2.64000000e+01  3.98287357e+06  3.72144000e+11  1.07757964e-27
 2.65000000e+01  3.86770513e+06  3.67560000e+11  1.05947080e-27
 2.66000000e+01  3.75105175e+06  3.62673000e+11  1.04136196e-27
 2.67000000e+01  3.63615629e+06  3.57786000e+11  1.02325312e-27
 2.68000000e+01  3.52301876e+06  3.52899000e+11  1.00514428e-27
 2.69000000e+01  3.41163914e+06  3.48012000e+11  9.87035440e-28
 2.70000000e+01  3.30201744e+06  3.43125000e+11  9.68926600e-28
 2.71000000e+01  3.21083863e+06  3.38583000e+11  9.54810550e-28
 2.72000000e+01  3.12093341e+06  3.34041000e+11  9.40694500e-28
 2.73000000e+01  3.03230176e+06  3.29499000e+11  9.26578450e-28
 2.74000000e+01  2.94494370e+06  3.24957000e+11  9.12462400e-28
 2.75000000e+01  2.85885921e+06  3.20415000e+11  8.98346350e-28
 2.76000000e+01  2.78062966e+06  3.16622400e+11  8.84230300e-28
 2.77000000e+01  2.70346356e+06  3.12829800e+11  8.70114250e-28
 2.78000000e+01  2.62736091e+06  3.09037200e+11  8.55998200e-28
 2.79000000e+01  2.55232170e+06  3.05244600e+11  8.41882150e-28
 2.80000000e+01  2.47834594e+06  3.01452000e+11  8.27766100e-28
 2.81000000e+01  2.41179996e+06  2.97854100e+11  8.15270220e-28
 2.82000000e+01  2.34614704e+06  2.94256200e+11  8.02774340e-28
 2.83000000e+01  2.28138718e+06  2.90658300e+11  7.90278460e-28
 2.84000000e+01  2.21752038e+06  2.87060400e+11  7.77782580e-28
 2.85000000e+01  2.15454664e+06  2.83462500e+11  7.65286700e-28
 2.86000000e+01  2.09137811e+06  2.79719100e+11  7.52790820e-28
 2.87000000e+01  2.02913876e+06  2.75975700e+11  7.40294940e-28
 2.88000000e+01  1.96782858e+06  2.72232300e+11  7.27799060e-28
 2.89000000e+01  1.90744759e+06  2.68488900e+11  7.15303180e-28
 2.90000000e+01  1.84799577e+06  2.64745500e+11  7.02807300e-28
 2.91000000e+01  1.79930077e+06  2.61145500e+11  6.93721410e-28
 2.92000000e+01  1.75125551e+06  2.57545500e+11  6.84635520e-28
 2.93000000e+01  1.70385999e+06  2.53945500e+11  6.75549630e-28
 2.94000000e+01  1.65711419e+06  2.50345500e+11  6.66463740e-28
 2.95000000e+01  1.61101814e+06  2.46745500e+11  6.57377850e-28
 2.96000000e+01  1.56584031e+06  2.43187200e+11  6.48291960e-28
 2.97000000e+01  1.52130470e+06  2.39628900e+11  6.39206070e-28
 2.98000000e+01  1.47741129e+06  2.36070600e+11  6.30120180e-28
 2.99000000e+01  1.43416010e+06  2.32512300e+11  6.21034290e-28
 3.00000000e+01  1.39155111e+06  2.28954000e+11  6.11948400e-28
 3.01000000e+01  1.35554549e+06  2.25473700e+11  6.05315900e-28
 3.02000000e+01  1.31999839e+06  2.21993400e+11  5.98683400e-28
 3.03000000e+01  1.28490981e+06  2.18513100e+11  5.92050900e-28
 3.04000000e+01  1.25027976e+06  2.15032800e+11  5.85418400e-28
 3.05000000e+01  1.21610823e+06  2.11552500e+11  5.78785900e-28
 3.06000000e+01  1.18451938e+06  2.08446000e+11  5.72153400e-28
 3.07000000e+01  1.15333981e+06  2.05339500e+11  5.65520900e-28
 3.08000000e+01  1.12256951e+06  2.02233000e+11  5.58888400e-28
 3.09000000e+01  1.09220849e+06  1.99126500e+11  5.52255900e-28
 3.10000000e+01  1.06225674e+06  1.96020000e+11  5.45623400e-28
 3.11000000e+01  1.03265805e+06  1.92903000e+11  5.38990900e-28
 3.12000000e+01  1.00347003e+06  1.89786000e+11  5.32358400e-28
 3.13000000e+01  9.74692661e+05  1.86669000e+11  5.25725900e-28
 3.14000000e+01  9.46325951e+05  1.83552000e+11  5.19093400e-28
 3.15000000e+01  9.18369900e+05  1.80435000e+11  5.12460900e-28
 3.16000000e+01  8.90327141e+05  1.77219000e+11  5.05828400e-28
 3.17000000e+01  8.62708084e+05  1.74003000e+11  4.99195900e-28
 3.18000000e+01  8.35512728e+05  1.70787000e+11  4.92563400e-28
 3.19000000e+01  8.08741073e+05  1.67571000e+11  4.85930900e-28
 3.20000000e+01  7.82393118e+05  1.64355000e+11  4.79298400e-28
 3.21000000e+01  7.60734792e+05  1.61503200e+11  4.74259485e-28
 3.22000000e+01  7.39361911e+05  1.58651400e+11  4.69220570e-28
 3.23000000e+01  7.18274474e+05  1.55799600e+11  4.64181655e-28
 3.24000000e+01  6.97472483e+05  1.52947800e+11  4.59142740e-28
 3.25000000e+01  6.76955936e+05  1.50096000e+11  4.54103825e-28
 3.26000000e+01  6.58369275e+05  1.47612900e+11  4.49064910e-28
 3.27000000e+01  6.40031155e+05  1.45129800e+11  4.44025995e-28
 3.28000000e+01  6.21941576e+05  1.42646700e+11  4.38987080e-28
 3.29000000e+01  6.04100537e+05  1.40163600e+11  4.33948165e-28
 3.30000000e+01  5.86508039e+05  1.37680500e+11  4.28909250e-28
 3.31000000e+01  5.68423985e+05  1.35021600e+11  4.23870335e-28
 3.32000000e+01  5.50606069e+05  1.32362700e+11  4.18831420e-28
 3.33000000e+01  5.33054289e+05  1.29703800e+11  4.13792505e-28
 3.34000000e+01  5.15768646e+05  1.27044900e+11  4.08753590e-28
 3.35000000e+01  4.98749140e+05  1.24386000e+11  4.03714675e-28
 3.36000000e+01  4.81699986e+05  1.21652400e+11  3.98675760e-28
 3.37000000e+01  4.64924446e+05  1.18918800e+11  3.93636845e-28
 3.38000000e+01  4.48422520e+05  1.16185200e+11  3.88597930e-28
 3.39000000e+01  4.32194207e+05  1.13451600e+11  3.83559015e-28
 3.40000000e+01  4.16239509e+05  1.10718000e+11  3.78520100e-28
 3.41000000e+01  4.01985060e+05  1.07883900e+11  3.75160540e-28
 3.42000000e+01  3.87919742e+05  1.05049800e+11  3.71800980e-28
 3.43000000e+01  3.74043555e+05  1.02215700e+11  3.68441420e-28
 3.44000000e+01  3.60356501e+05  9.93816000e+10  3.65081860e-28
 3.45000000e+01  3.46858577e+05  9.65475000e+10  3.61722300e-28
 3.46000000e+01  3.35431207e+05  9.42420000e+10  3.58362740e-28
 3.47000000e+01  3.24157692e+05  9.19365000e+10  3.55003180e-28
 3.48000000e+01  3.13038033e+05  8.96310000e+10  3.51643620e-28
 3.49000000e+01  3.02072230e+05  8.73255000e+10  3.48284060e-28
 3.50000000e+01  2.91260282e+05  8.50200000e+10  3.44924500e-28
 3.51000000e+01  2.81493718e+05  8.29773000e+10  3.41564940e-28
 3.52000000e+01  2.71863472e+05  8.09346000e+10  3.38205380e-28
 3.53000000e+01  2.62369543e+05  7.88919000e+10  3.34845820e-28
 3.54000000e+01  2.53011933e+05  7.68492000e+10  3.31486260e-28
 3.55000000e+01  2.43790641e+05  7.48065000e+10  3.28126700e-28
 3.56000000e+01  2.33871530e+05  7.25052000e+10  3.24767140e-28
 3.57000000e+01  2.24105996e+05  7.02039000e+10  3.21407580e-28
 3.58000000e+01  2.14494036e+05  6.79026000e+10  3.18048020e-28
 3.59000000e+01  2.05035653e+05  6.56013000e+10  3.14688460e-28
 3.60000000e+01  1.95730844e+05  6.33000000e+10  3.11328900e-28
 3.61000000e+01  1.87394629e+05  6.11253000e+10  3.08673975e-28
 3.62000000e+01  1.79173103e+05  5.89506000e+10  3.06019050e-28
 3.63000000e+01  1.71066264e+05  5.67759000e+10  3.03364125e-28
 3.64000000e+01  1.63074113e+05  5.46012000e+10  3.00709200e-28
 3.65000000e+01  1.55196650e+05  5.24265000e+10  2.98054275e-28
 3.66000000e+01  1.47073005e+05  5.01288000e+10  2.95399350e-28
 3.67000000e+01  1.39070535e+05  4.78311000e+10  2.92744425e-28
 3.68000000e+01  1.31189239e+05  4.55334000e+10  2.90089500e-28
 3.69000000e+01  1.23429118e+05  4.32357000e+10  2.87434575e-28
 3.70000000e+01  1.15790171e+05  4.09380000e+10  2.84779650e-28
 3.71000000e+01  1.08475913e+05  3.87129300e+10  2.82124725e-28
 3.72000000e+01  1.01278999e+05  3.64878600e+10  2.79469800e-28
 3.73000000e+01  9.41994290e+04  3.42627900e+10  2.76814875e-28
 3.74000000e+01  8.72372036e+04  3.20377200e+10  2.74159950e-28
 3.75000000e+01  8.03923225e+04  2.98126500e+10  2.71505025e-28
 3.76000000e+01  7.43476132e+04  2.78433000e+10  2.68850100e-28
 3.77000000e+01  6.84067623e+04  2.58739500e+10  2.66195175e-28
 3.78000000e+01  6.25697697e+04  2.39046000e+10  2.63540250e-28
 3.79000000e+01  5.68366354e+04  2.19352500e+10  2.60885325e-28
 3.80000000e+01  5.12073594e+04  1.99659000e+10  2.58230400e-28
 3.81000000e+01  4.65925096e+04  1.82840100e+10  2.56571570e-28
 3.82000000e+01  4.20330797e+04  1.66021200e+10  2.54912740e-28
 3.83000000e+01  3.75290697e+04  1.49202300e+10  2.53253910e-28
 3.84000000e+01  3.30804796e+04  1.32383400e+10  2.51595080e-28
 3.85000000e+01  2.86873093e+04  1.15564500e+10  2.49936250e-28
 3.86000000e+01  2.54316152e+04  1.03133700e+10  2.48277420e-28
 3.87000000e+01  2.22168818e+04  9.07029000e+09  2.46618590e-28
 3.88000000e+01  1.90431091e+04  7.82721000e+09  2.44959760e-28
 3.89000000e+01  1.59102971e+04  6.58413000e+09  2.43300930e-28
 3.90000000e+01  1.28184457e+04  5.34105000e+09  2.41642100e-28
 3.91000000e+01  1.11055339e+04  4.65931800e+09  2.39983270e-28
 3.92000000e+01  9.41508579e+03  3.97758600e+09  2.38324440e-28
 3.93000000e+01  7.74710143e+03  3.29585400e+09  2.36665610e-28
 3.94000000e+01  6.10158079e+03  2.61412200e+09  2.35006780e-28
 3.95000000e+01  4.47852387e+03  1.93239000e+09  2.33347950e-28
 3.96000000e+01  3.73432501e+03  1.62282000e+09  2.31689120e-28
 3.97000000e+01  3.00032678e+03  1.31325000e+09  2.30030290e-28
 3.98000000e+01  2.27652918e+03  1.00368000e+09  2.28371460e-28
 3.99000000e+01  1.56293220e+03  6.94110000e+08  2.26712630e-28
 4.00000000e+01  8.59535848e+02  3.84540000e+08  2.25053800e-28
 4.01000000e+01  6.83108692e+02  3.07632000e+08  2.23574455e-28
 4.02000000e+01  5.08941530e+02  2.30724000e+08  2.22095110e-28
 4.03000000e+01  3.37034360e+02  1.53816000e+08  2.20615765e-28
 4.04000000e+01  1.67387184e+02  7.69080000e+07  2.19136420e-28
 4.05000000e+01  0.00000000e+00  0.00000000e+00  2.17657075e-28
 4.06000000e+01  0.00000000e+00  0.00000000e+00  2.16177730e-28
 4.07000000e+01  0.00000000e+00  0.00000000e+00  2.14698385e-28
 4.08000000e+01  0.00000000e+00  0.00000000e+00  2.13219040e-28
 4.09000000e+01  0.00000000e+00  0.00000000e+00  2.11739695e-28
 4.10000000e+01  0.00000000e+00  0.00000000e+00  2.10260350e-28
 4.11000000e+01  0.00000000e+00  0.00000000e+00  2.08781005e-28
 4.12000000e+01  0.00000000e+00  0.00000000e+00  2.07301660e-28
 4.13000000e+01  0.00000000e+00  0.00000000e+00  2.05822315e-28
 4.14000000e+01  0.00000000e+00  0.00000000e+00  2.04342970e-28
 4.15000000e+01  0.00000000e+00  0.00000000e+00  2.02863625e-28
 4.16000000e+01  0.00000000e+00  0.00000000e+00  2.01384280e-28
 4.17000000e+01  0.00000000e+00  0.00000000e+00  1.99904935e-28
 4.18000000e+01  0.00000000e+00  0.00000000e+00  1.98425590e-28
 4.19000000e+01  0.00000000e+00  0.00000000e+00  1.96946245e-28
 4.20000000e+01  0.00000000e+00  0.00000000e+00  1.95466900e-28
 4.21000000e+01  0.00000000e+00  0.00000000e+00  1.94360320e-28
 4.22000000e+01  0.00000000e+00  0.00000000e+00  1.93253740e-28
 4.23000000e+01  0.00000000e+00  0.00000000e+00  1.92147160e-28
 4.24000000e+01  0.00000000e+00  0.00000000e+00  1.91040580e-28
 4.25000000e+01  0.00000000e+00  0.00000000e+00  1.89934000e-28
 4.26000000e+01  0.00000000e+00  0.00000000e+00  1.88827420e-28
 4.27000000e+01  0.00000000e+00  0.00000000e+00  1.87720840e-28
 4.28000000e+01  0.00000000e+00  0.00000000e+00  1.86614260e-28
 4.29000000e+01  0.00000000e+00  0.00000000e+00  1.85507680e-28
 4.30000000e+01  0.00000000e+00  0.00000000e+00  1.84401100e-28
 4.31000000e+01  0.00000000e+00  0.00000000e+00  1.83294520e-28
 4.32000000e+01  0.00000000e+00  0.00000000e+00  1.82187940e-28
 4.33000000e+01  0.00000000e+00  0.00000000e+00  1.81081360e-28
 4.34000000e+01  0.00000000e+00  0.00000000e+00  1.79974780e-28
 4.35000000e+01  0.00000000e+00  0.00000000e+00  1.78868200e-28
 4.36000000e+01  0.00000000e+00  0.00000000e+00  1.77761620e-28
 4.37000000e+01  0.00000000e+00  0.00000000e+00  1.76655040e-28
 4.38000000e+01  0.00000000e+00  0.00000000e+00  1.75548460e-28
 4.39000000e+01  0.00000000e+00  0.00000000e+00  1.74441880e-28
 4.40000000e+01  0.00000000e+00  0.00000000e+00  1.73335300e-28
 4.41000000e+01  0.00000000e+00  0.00000000e+00  1.72441315e-28
 4.42000000e+01  0.00000000e+00  0.00000000e+00  1.71547330e-28
 4.43000000e+01  0.00000000e+00  0.00000000e+00  1.70653345e-28
 4.44000000e+01  0.00000000e+00  0.00000000e+00  1.69759360e-28
 4.45000000e+01  0.00000000e+00  0.00000000e+00  1.68865375e-28
 4.46000000e+01  0.00000000e+00  0.00000000e+00  1.67971390e-28
 4.47000000e+01  0.00000000e+00  0.00000000e+00  1.67077405e-28
 4.48000000e+01  0.00000000e+00  0.00000000e+00  1.66183420e-28
 4.49000000e+01  0.00000000e+00  0.00000000e+00  1.65289435e-28
 4.50000000e+01  0.00000000e+00  0.00000000e+00  1.64395450e-28
 4.51000000e+01  0.00000000e+00  0.00000000e+00  1.63501465e-28
 4.52000000e+01  0.00000000e+00  0.00000000e+00  1.62607480e-28
 4.53000000e+01  0.00000000e+00  0.00000000e+00  1.61713495e-28
 4.54000000e+01  0.00000000e+00  0.00000000e+00  1.60819510e-28
 4.55000000e+01  0.00000000e+00  0.00000000e+00  1.59925525e-28
 4.56000000e+01  0.00000000e+00  0.00000000e+00  1.59031540e-28
 4.57000000e+01  0.00000000e+00  0.00000000e+00  1.58137555e-28
 4.58000000e+01  0.00000000e+00  0.00000000e+00  1.57243570e-28
 4.59000000e+01  0.00000000e+00  0.00000000e+00  1.56349585e-28
 4.60000000e+01  0.00000000e+00  0.00000000e+00  1.55455600e-28
 4.61000000e+01  0.00000000e+00  0.00000000e+00  1.54835485e-28
 4.62000000e+01  0.00000000e+00  0.00000000e+00  1.54215370e-28
 4.63000000e+01  0.00000000e+00  0.00000000e+00  1.53595255e-28
 4.64000000e+01  0.00000000e+00  0.00000000e+00  1.52975140e-28
 4.65000000e+01  0.00000000e+00  0.00000000e+00  1.52355025e-28
 4.66000000e+01  0.00000000e+00  0.00000000e+00  1.51734910e-28
 4.67000000e+01  0.00000000e+00  0.00000000e+00  1.51114795e-28
 4.68000000e+01  0.00000000e+00  0.00000000e+00  1.50494680e-28
 4.69000000e+01  0.00000000e+00  0.00000000e+00  1.49874565e-28
 4.70000000e+01  0.00000000e+00  0.00000000e+00  1.49254450e-28
 4.71000000e+01  0.00000000e+00  0.00000000e+00  1.48634335e-28
 4.72000000e+01  0.00000000e+00  0.00000000e+00  1.48014220e-28
 4.73000000e+01  0.00000000e+00  0.00000000e+00  1.47394105e-28
 4.74000000e+01  0.00000000e+00  0.00000000e+00  1.46773990e-28
 4.75000000e+01  0.00000000e+00  0.00000000e+00  1.46153875e-28
 4.76000000e+01  0.00000000e+00  0.00000000e+00  1.45533760e-28
 4.77000000e+01  0.00000000e+00  0.00000000e+00  1.44913645e-28
 4.78000000e+01  0.00000000e+00  0.00000000e+00  1.44293530e-28
 4.79000000e+01  0.00000000e+00  0.00000000e+00  1.43673415e-28
 4.80000000e+01  0.00000000e+00  0.00000000e+00  1.43053300e-28
 4.81000000e+01  0.00000000e+00  0.00000000e+00  1.42414940e-28
 4.82000000e+01  0.00000000e+00  0.00000000e+00  1.41776580e-28
 4.83000000e+01  0.00000000e+00  0.00000000e+00  1.41138220e-28
 4.84000000e+01  0.00000000e+00  0.00000000e+00  1.40499860e-28
 4.85000000e+01  0.00000000e+00  0.00000000e+00  1.39861500e-28
 4.86000000e+01  0.00000000e+00  0.00000000e+00  1.39223140e-28
 4.87000000e+01  0.00000000e+00  0.00000000e+00  1.38584780e-28
 4.88000000e+01  0.00000000e+00  0.00000000e+00  1.37946420e-28
 4.89000000e+01  0.00000000e+00  0.00000000e+00  1.37308060e-28
 4.90000000e+01  0.00000000e+00  0.00000000e+00  1.36669700e-28
 4.91000000e+01  0.00000000e+00  0.00000000e+00  1.36031340e-28
 4.92000000e+01  0.00000000e+00  0.00000000e+00  1.35392980e-28
 4.93000000e+01  0.00000000e+00  0.00000000e+00  1.34754620e-28
 4.94000000e+01  0.00000000e+00  0.00000000e+00  1.34116260e-28
 4.95000000e+01  0.00000000e+00  0.00000000e+00  1.33477900e-28
 4.96000000e+01  0.00000000e+00  0.00000000e+00  1.32839540e-28
 4.97000000e+01  0.00000000e+00  0.00000000e+00  1.32201180e-28
 4.98000000e+01  0.00000000e+00  0.00000000e+00  1.31562820e-28
 4.99000000e+01  0.00000000e+00  0.00000000e+00  1.30924460e-28
 5.00000000e+01  0.00000000e+00  0.00000000e+00  1.30286100e-28
