# energy(MeV) dYield(atoms/MeV/s) photonFlux(photons/MeV/uA/s) crossSection(mb)
# 501 4
# 501 4
 0.00000000e+00  0.00000000e+00  9.62400000e+13  0.00000000e+00
 1.00000000e-01  0.00000000e+00  9.66225000e+13  0.00000000e+00
 2.00000000e-01  0.00000000e+00  9.70050000e+13  0.00000000e+00
 3.00000000e-01  0.00000000e+00  9.73875000e+13  0.00000000e+00
 4.00000000e-01  0.00000000e+00  9.77700000e+13  0.00000000e+00
 5.00000000e-01  0.00000000e+00  9.81525000e+13  0.00000000e+00
 6.00000000e-01  0.00000000e+00  9.43266000e+13  0.00000000e+00
 7.00000000e-01  0.00000000e+00  9.05007000e+13  0.00000000e+00
 8.00000000e-01  0.00000000e+00  8.66748000e+13  0.00000000e+00
 9.00000000e-01  0.00000000e+00  8.28489000e+13  0.00000000e+00
 1.00000000e+00  0.00000000e+00  7.90230000e+13  0.00000000e+00
 1.10000000e+00  0.00000000e+00  7.31085000e+13  0.00000000e+00
 1.20000000e+00  0.00000000e+00  6.71940000e+13  0.00000000e+00
 1.30000000e+00  0.00000000e+00  6.12795000e+13  0.00000000e+00
 1.40000000e+00  0.00000000e+00  5.53650000e+13  0.00000000e+00
 1.50000000e+00  0.00000000e+00  4.94505000e+13  0.00000000e+00
 1.60000000e+00  0.00000000e+00  4.67454000e+13  0.00000000e+00
 1.70000000e+00  0.00000000e+00  4.40403000e+13  0.00000000e+00
 1.80000000e+00  0.00000000e+00  4.13352000e+13  0.00000000e+00
 1.90000000e+00  0.00000000e+00  3.86301000e+13  0.00000000e+00
 2.00000000e+00  0.00000000e+00  3.59250000e+13  0.00000000e+00
 2.10000000e+00  0.00000000e+00  3.42893400e+13  0.00000000e+00
 2.20000000e+00  0.00000000e+00  3.26536800e+13  0.00000000e+00
 2.30000000e+00  0.00000000e+00  3.10180200e+13  0.00000000e+00
 2.40000000e+00  0.00000000e+00  2.93823600e+13  0.00000000e+00
 2.50000000e+00  0.00000000e+00  2.77467000e+13  0.00000000e+00
 2.60000000e+00  0.00000000e+00  2.66626200e+13  0.00000000e+00
 2.70000000e+00  0.00000000e+00  2.55785400e+13  0.00000000e+00
 2.80000000e+00  0.00000000e+00  2.44944600e+13  0.00000000e+00
 2.90000000e+00  0.00000000e+00  2.34103800e+13  0.00000000e+00
 3.00000000e+00  0.00000000e+00  2.23263000e+13  0.00000000e+00
 3.10000000e+00  0.00000000e+00  2.15562000e+13  0.00000000e+00
 3.20000000e+00  0.00000000e+00  2.07861000e+13  0.00000000e+00
 3.30000000e+00  0.00000000e+00  2.00160000e+13  0.00000000e+00
 3.40000000e+00  0.00000000e+00  1.92459000e+13  0.00000000e+00
 3.50000000e+00  0.00000000e+00  1.84758000e+13  0.00000000e+00
 3.60000000e+00  0.00000000e+00  1.79088900e+13  0.00000000e+00
 3.70000000e+00  0.00000000e+00  1.73419800e+13  0.00000000e+00
 3.80000000e+00  0.00000000e+00  1.67750700e+13  0.00000000e+00
 3.90000000e+00  0.00000000e+00  1.62081600e+13  0.00000000e+00
 4.00000000e+00  0.00000000e+00  1.56412500e+13  0.00000000e+00
 4.10000000e+00  0.00000000e+00  1.51989300e+13  0.00000000e+00
 4.20000000e+00  0.00000000e+00  1.47566100e+13  0.00000000e+00
 4.30000000e+00  0.00000000e+00  1.43142900e+13  0.00000000e+00
 4.40000000e+00  0.00000000e+00  1.38719700e+13  0.00000000e+00
 4.50000000e+00  0.00000000e+00  1.34296500e+13  0.00000000e+00
 4.60000000e+00  0.00000000e+00  1.30804200e+13  0.00000000e+00
 4.70000000e+00  0.00000000e+00  1.27311900e+13  0.00000000e+00
 4.80000000e+00  0.00000000e+00  1.23819600e+13  0.00000000e+00
 4.90000000e+00  0.00000000e+00  1.20327300e+13  0.00000000e+00
 5.00000000e+00  0.00000000e+00  1.16835000e+13  0.00000000e+00
 5.10000000e+00  0.00000000e+00  1.14080100e+13  0.00000000e+00
 5.20000000e+00  0.00000000e+00  1.11325200e+13  0.00000000e+00
 5.30000000e+00  0.00000000e+00  1.08570300e+13  0.00000000e+00
 5.40000000e+00  0.00000000e+00  1.05815400e+13  0.00000000e+00
 5.50000000e+00  0.00000000e+00  1.03060500e+13  0.00000000e+00
 5.60000000e+00  0.00000000e+00  1.00784700e+13  0.00000000e+00
 5.70000000e+00  0.00000000e+00  9.85089000e+12  0.00000000e+00
 5.80000000e+00  0.00000000e+00  9.62331000e+12  0.00000000e+00
 5.90000000e+00  0.00000000e+00  9.39573000e+12  0.00000000e+00
 6.00000000e+00  0.00000000e+00  9.16815000e+12  0.00000000e+00
 6.10000000e+00  0.00000000e+00  8.97861000e+12  0.00000000e+00
 6.20000000e+00  0.00000000e+00  8.78907000e+12  0.00000000e+00
 6.30000000e+00  0.00000000e+00  8.59953000e+12  0.00000000e+00
 6.40000000e+00  0.00000000e+00  8.40999000e+12  0.00000000e+00
 6.50000000e+00  0.00000000e+00  8.22045000e+12  0.00000000e+00
 6.60000000e+00  1.01878661e+09  8.06130000e+12  1.27245380e-26
 6.70000000e+00  1.07776774e+09  7.90215000e+12  1.37323160e-26
 6.80000000e+00  1.13356293e+09  7.74300000e+12  1.47400940e-26
 6.90000000e+00  1.18617218e+09  7.58385000e+12  1.57478720e-26
 7.00000000e+00  1.23559548e+09  7.42470000e+12  1.67556500e-26
 7.10000000e+00  1.29041146e+09  7.28400000e+12  1.78370140e-26
 7.20000000e+00  1.34220518e+09  7.14330000e+12  1.89183780e-26
 7.30000000e+00  1.39097663e+09  7.00260000e+12  1.99997420e-26
 7.40000000e+00  1.43672583e+09  6.86190000e+12  2.10811060e-26
 7.50000000e+00  1.47945276e+09  6.72120000e+12  2.21624700e-26
 7.60000000e+00  1.55156412e+09  6.59811000e+12  2.36763120e-26
 7.70000000e+00  1.61997405e+09  6.47502000e+12  2.51901540e-26
 7.80000000e+00  1.68468256e+09  6.35193000e+12  2.67039960e-26
 7.90000000e+00  1.74568963e+09  6.22884000e+12  2.82178380e-26
 8.00000000e+00  1.80299528e+09  6.10575000e+12  2.97316800e-26
 8.10000000e+00  1.90247466e+09  6.00102000e+12  3.19196180e-26
 8.20000000e+00  1.99740236e+09  5.89629000e+12  3.41075560e-26
 8.30000000e+00  2.08777837e+09  5.79156000e+12  3.62954940e-26
 8.40000000e+00  2.17360269e+09  5.68683000e+12  3.84834320e-26
 8.50000000e+00  2.25487533e+09  5.58210000e+12  4.06713700e-26
 8.60000000e+00  2.39326866e+09  5.49189000e+12  4.38766540e-26
 8.70000000e+00  2.52591834e+09  5.40168000e+12  4.70819380e-26
 8.80000000e+00  2.65282438e+09  5.31147000e+12  5.02872220e-26
 8.90000000e+00  2.77398677e+09  5.22126000e+12  5.34925060e-26
 9.00000000e+00  2.88940553e+09  5.13105000e+12  5.66977900e-26
 9.10000000e+00  3.08183035e+09  5.05170000e+12  6.14235700e-26
 9.20000000e+00  3.26680637e+09  4.97235000e+12  6.61493500e-26
 9.30000000e+00  3.44433358e+09  4.89300000e+12  7.08751300e-26
 9.40000000e+00  3.61441199e+09  4.81365000e+12  7.56009100e-26
 9.50000000e+00  3.77704160e+09  4.73430000e+12  8.03266900e-26
 9.60000000e+00  4.04368907e+09  4.66323000e+12  8.73081520e-26
 9.70000000e+00  4.30048058e+09  4.59216000e+12  9.42896140e-26
 9.80000000e+00  4.54741614e+09  4.52109000e+12  1.01271076e-25
 9.90000000e+00  4.78449574e+09  4.45002000e+12  1.08252538e-25
 1.00000000e+01  5.01171938e+09  4.37895000e+12  1.15234000e-25
 1.01000000e+01  5.37991391e+09  4.31526000e+12  1.25525580e-25
 1.02000000e+01  5.73508819e+09  4.25157000e+12  1.35817160e-25
 1.03000000e+01  6.07724222e+09  4.18788000e+12  1.46108740e-25
 1.04000000e+01  6.40637599e+09  4.12419000e+12  1.56400320e-25
 1.05000000e+01  6.72248952e+09  4.06050000e+12  1.66691900e-25
 1.06000000e+01  7.20579593e+09  4.00266000e+12  1.81257980e-25
 1.07000000e+01  7.67236691e+09  3.94482000e+12  1.95824060e-25
 1.08000000e+01  8.12220246e+09  3.88698000e+12  2.10390140e-25
 1.09000000e+01  8.55530256e+09  3.82914000e+12  2.24956220e-25
 1.10000000e+01  8.97166722e+09  3.77130000e+12  2.39522300e-25
 1.11000000e+01  9.44527039e+09  3.72141000e+12  2.55546980e-25
 1.12000000e+01  9.90299289e+09  3.67152000e+12  2.71571660e-25
 1.13000000e+01  1.03448347e+10  3.62163000e+12  2.87596340e-25
 1.14000000e+01  1.07707959e+10  3.57174000e+12  3.03621020e-25
 1.15000000e+01  1.11808763e+10  3.52185000e+12  3.19645700e-25
 1.16000000e+01  1.07460720e+10  3.47574000e+12  3.11290840e-25
 1.17000000e+01  1.03189201e+10  3.42963000e+12  3.02935980e-25
 1.18000000e+01  9.89942065e+09  3.38352000e+12  2.94581120e-25
 1.19000000e+01  9.48757366e+09  3.33741000e+12  2.86226260e-25
 1.20000000e+01  9.08337912e+09  3.29130000e+12  2.77871400e-25
 1.21000000e+01  8.45802299e+09  3.24816600e+12  2.62176960e-25
 1.22000000e+01  7.84611406e+09  3.20503200e+12  2.46482520e-25
 1.23000000e+01  7.24765233e+09  3.16189800e+12  2.30788080e-25
 1.24000000e+01  6.66263779e+09  3.11876400e+12  2.15093640e-25
 1.25000000e+01  6.09107044e+09  3.07563000e+12  1.99399200e-25
 1.26000000e+01  5.64825154e+09  3.03620400e+12  1.87303960e-25
 1.27000000e+01  5.21490511e+09  2.99677800e+12  1.75208720e-25
 1.28000000e+01  4.79103116e+09  2.95735200e+12  1.63113480e-25
 1.29000000e+01  4.37662967e+09  2.91792600e+12  1.51018240e-25
 1.30000000e+01  3.97170066e+09  2.87850000e+12  1.38923000e-25
 1.31000000e+01  3.69003692e+09  2.84133600e+12  1.30759122e-25
 1.32000000e+01  3.41439996e+09  2.80417200e+12  1.22595244e-25
 1.33000000e+01  3.14478978e+09  2.76700800e+12  1.14431366e-25
 1.34000000e+01  2.88120637e+09  2.72984400e+12  1.06267488e-25
 1.35000000e+01  2.62364974e+09  2.69268000e+12  9.81036100e-26
 1.36000000e+01  2.47189607e+09  2.66040900e+12  9.35504060e-26
 1.37000000e+01  2.32306114e+09  2.62813800e+12  8.89972020e-26
 1.38000000e+01  2.17714496e+09  2.59586700e+12  8.44439980e-26
 1.39000000e+01  2.03414752e+09  2.56359600e+12  7.98907940e-26
 1.40000000e+01  1.89406881e+09  2.53132500e+12  7.53375900e-26
 1.41000000e+01  1.80059358e+09  2.50360200e+12  7.24126240e-26
 1.42000000e+01  1.70872909e+09  2.47587900e+12  6.94876580e-26
 1.43000000e+01  1.61847535e+09  2.44815600e+12  6.65626920e-26
 1.44000000e+01  1.52983235e+09  2.42043300e+12  6.36377260e-26
 1.45000000e+01  1.44280010e+09  2.39271000e+12  6.07127600e-26
 1.46000000e+01  1.36646713e+09  2.36601000e+12  5.81495680e-26
 1.47000000e+01  1.29149361e+09  2.33931000e+12  5.55863760e-26
 1.48000000e+01  1.21787951e+09  2.31261000e+12  5.30231840e-26
 1.49000000e+01  1.14562485e+09  2.28591000e+12  5.04599920e-26
 1.50000000e+01  1.07472963e+09  2.25921000e+12  4.78968000e-26
 1.51000000e+01  1.01149045e+09  2.23313400e+12  4.56048340e-26
 1.52000000e+01  9.49438438e+08  2.20705800e+12  4.33128680e-26
 1.53000000e+01  8.88573606e+08  2.18098200e+12  4.10209020e-26
 1.54000000e+01  8.28895951e+08  2.15490600e+12  3.87289360e-26
 1.55000000e+01  7.70405472e+08  2.12883000e+12  3.64369700e-26
 1.56000000e+01  7.21122190e+08  2.10351900e+12  3.45164640e-26
 1.57000000e+01  6.72804494e+08  2.07820800e+12  3.25959580e-26
 1.58000000e+01  6.25452385e+08  2.05289700e+12  3.06754520e-26
 1.59000000e+01  5.79065862e+08  2.02758600e+12  2.87549460e-26
 1.60000000e+01  5.33644925e+08  2.00227500e+12  2.68344400e-26
 1.61000000e+01  5.00340783e+08  1.98066900e+12  2.54341880e-26
 1.62000000e+01  4.67637602e+08  1.95906300e+12  2.40339360e-26
 1.63000000e+01  4.35535383e+08  1.93745700e+12  2.26336840e-26
 1.64000000e+01  4.04034125e+08  1.91585100e+12  2.12334320e-26
 1.65000000e+01  3.73133829e+08  1.89424500e+12  1.98331800e-26
 1.66000000e+01  3.50680277e+08  1.87390800e+12  1.88419980e-26
 1.67000000e+01  3.28627136e+08  1.85357100e+12  1.78508160e-26
 1.68000000e+01  3.06974406e+08  1.83323400e+12  1.68596340e-26
 1.69000000e+01  2.85722088e+08  1.81289700e+12  1.58684520e-26
 1.70000000e+01  2.64870181e+08  1.79256000e+12  1.48772700e-26
 1.71000000e+01  2.50514254e+08  1.77424200e+12  1.42161980e-26
 1.72000000e+01  2.36398870e+08  1.75592400e+12  1.35551260e-26
 1.73000000e+01  2.22524029e+08  1.73760600e+12  1.28940540e-26
 1.74000000e+01  2.08889731e+08  1.71928800e+12  1.22329820e-26
 1.75000000e+01  1.95495976e+08  1.70097000e+12  1.15719100e-26
 1.76000000e+01  1.85725284e+08  1.68472500e+12  1.10995632e-26
 1.77000000e+01  1.76107013e+08  1.66848000e+12  1.06272164e-26
 1.78000000e+01  1.66641164e+08  1.65223500e+12  1.01548696e-26
 1.79000000e+01  1.57327737e+08  1.63599000e+12  9.68252280e-27
 1.80000000e+01  1.48166731e+08  1.61974500e+12  9.21017600e-27
 1.81000000e+01  1.41150342e+08  1.60279800e+12  8.86680220e-27
 1.82000000e+01  1.34249544e+08  1.58585100e+12  8.52342840e-27
 1.83000000e+01  1.27464338e+08  1.56890400e+12  8.18005460e-27
 1.84000000e+01  1.20794723e+08  1.55195700e+12  7.83668080e-27
 1.85000000e+01  1.14240700e+08  1.53501000e+12  7.49330700e-27
 1.86000000e+01  1.09268427e+08  1.51919100e+12  7.24179440e-27
 1.87000000e+01  1.04375186e+08  1.50337200e+12  6.99028180e-27
 1.88000000e+01  9.95609776e+07  1.48755300e+12  6.73876920e-27
 1.89000000e+01  9.48258014e+07  1.47173400e+12  6.48725660e-27
 1.90000000e+01  9.01696575e+07  1.45591500e+12  6.23574400e-27
 1.91000000e+01  8.64247775e+07  1.44010800e+12  6.04236680e-27
 1.92000000e+01  8.27406161e+07  1.42430100e+12  5.84898960e-27
 1.93000000e+01  7.91171731e+07  1.40849400e+12  5.65561240e-27
 1.94000000e+01  7.55544486e+07  1.39268700e+12  5.46223520e-27
 1.95000000e+01  7.20524425e+07  1.37688000e+12  5.26885800e-27
 1.96000000e+01  6.92245949e+07  1.36271100e+12  5.11470440e-27
 1.97000000e+01  6.64401341e+07  1.34854200e+12  4.96055080e-27
 1.98000000e+01  6.36990603e+07  1.33437300e+12  4.80639720e-27
 1.99000000e+01  6.10013735e+07  1.32020400e+12  4.65224360e-27
 2.00000000e+01  5.83470735e+07  1.30603500e+12  4.49809000e-27
 2.01000000e+01  5.63541755e+07  1.29343500e+12  4.38677510e-27
 2.02000000e+01  5.43891381e+07  1.28083500e+12  4.27546020e-27
 2.03000000e+01  5.24519612e+07  1.26823500e+12  4.16414530e-27
 2.04000000e+01  5.05426449e+07  1.25563500e+12  4.05283040e-27
 2.05000000e+01  4.86611892e+07  1.24303500e+12  3.94151550e-27
 2.06000000e+01  4.67804324e+07  1.22972100e+12  3.83020060e-27
 2.07000000e+01  4.49291149e+07  1.21640700e+12  3.71888570e-27
 2.08000000e+01  4.31072368e+07  1.20309300e+12  3.60757080e-27
 2.09000000e+01  4.13147980e+07  1.18977900e+12  3.49625590e-27
 2.10000000e+01  3.95517985e+07  1.17646500e+12  3.38494100e-27
 2.11000000e+01  3.82807235e+07  1.16436900e+12  3.31019350e-27
 2.12000000e+01  3.70276085e+07  1.15227300e+12  3.23544600e-27
 2.13000000e+01  3.57924534e+07  1.14017700e+12  3.16069850e-27
 2.14000000e+01  3.45752582e+07  1.12808100e+12  3.08595100e-27
 2.15000000e+01  3.33760230e+07  1.11598500e+12  3.01120350e-27
 2.16000000e+01  3.22788299e+07  1.10677200e+12  2.93645600e-27
 2.17000000e+01  3.11953161e+07  1.09755900e+12  2.86170850e-27
 2.18000000e+01  3.01254816e+07  1.08834600e+12  2.78696100e-27
 2.19000000e+01  2.90693264e+07  1.07913300e+12  2.71221350e-27
 2.20000000e+01  2.80268505e+07  1.06992000e+12  2.63746600e-27
 2.21000000e+01  2.71795609e+07  1.05932700e+12  2.58330850e-27
 2.22000000e+01  2.63436671e+07  1.04873400e+12  2.52915100e-27
 2.23000000e+01  2.55191690e+07  1.03814100e+12  2.47499350e-27
 2.24000000e+01  2.47060667e+07  1.02754800e+12  2.42083600e-27
 2.25000000e+01  2.39043601e+07  1.01695500e+12  2.36667850e-27
 2.26000000e+01  2.31091572e+07  1.00614900e+12  2.31252100e-27
 2.27000000e+01  2.23255792e+07  9.95343000e+11  2.25836350e-27
 2.28000000e+01  2.15536261e+07  9.84537000e+11  2.20420600e-27
 2.29000000e+01  2.07932979e+07  9.73731000e+11  2.15004850e-27
 2.30000000e+01  2.00445946e+07  9.62925000e+11  2.09589100e-27
 2.31000000e+01  1.94775369e+07  9.53388000e+11  2.05697130e-27
 2.32000000e+01  1.89178522e+07  9.43851000e+11  2.01805160e-27
 2.33000000e+01  1.83655406e+07  9.34314000e+11  1.97913190e-27
 2.34000000e+01  1.78206021e+07  9.24777000e+11  1.94021220e-27
 2.35000000e+01  1.72830366e+07  9.15240000e+11  1.90129250e-27
 2.36000000e+01  1.67591147e+07  9.06042000e+11  1.86237280e-27
 2.37000000e+01  1.62423037e+07  8.96844000e+11  1.82345310e-27
 2.38000000e+01  1.57326037e+07  8.87646000e+11  1.78453340e-27
 2.39000000e+01  1.52300147e+07  8.78448000e+11  1.74561370e-27
 2.40000000e+01  1.47345366e+07  8.69250000e+11  1.70669400e-27
 2.41000000e+01  1.43266405e+07  8.61219000e+11  1.67492220e-27
 2.42000000e+01  1.39238129e+07  8.53188000e+11  1.64315040e-27
 2.43000000e+01  1.35260537e+07  8.45157000e+11  1.61137860e-27
 2.44000000e+01  1.31333630e+07  8.37126000e+11  1.57960680e-27
 2.45000000e+01  1.27457408e+07  8.29095000e+11  1.54783500e-27
 2.46000000e+01  1.23582180e+07  8.20734000e+11  1.51606320e-27
 2.47000000e+01  1.19759721e+07  8.12373000e+11  1.48429140e-27
 2.48000000e+01  1.15990028e+07  8.04012000e+11  1.45251960e-27
 2.49000000e+01  1.12273103e+07  7.95651000e+11  1.42074780e-27
 2.50000000e+01  1.08608946e+07  7.87290000e+11  1.38897600e-27
 2.51000000e+01  1.05662568e+07  7.79340000e+11  1.36507990e-27
 2.52000000e+01  1.02753926e+07  7.71390000e+11  1.34118380e-27
 2.53000000e+01  9.98830210e+06  7.63440000e+11  1.31728770e-27
 2.54000000e+01  9.70498522e+06  7.55490000e+11  1.29339160e-27
 2.55000000e+01  9.42544197e+06  7.47540000e+11  1.26949550e-27
 2.56000000e+01  9.16325602e+06  7.40688000e+11  1.24559940e-27
 2.57000000e+01  8.90432252e+06  7.33836000e+11  1.22170330e-27
 2.58000000e+01  8.64864147e+06  7.26984000e+11  1.19780720e-27
 2.59000000e+01  8.39621287e+06  7.20132000e+11  1.17391110e-27
 2.60000000e+01  8.14703672e+06  7.13280000e+11  1.15001500e-27
 2.61000000e+01  7.93490509e+06  7.05822000e+11  1.13190616e-27
 2.62000000e+01  7.72545620e+06  6.98364000e+11  1.11379732e-27
 2.63000000e+01  7.51869005e+06  6.90906000e+11  1.09568848e-27
 2.64000000e+01  7.31460664e+06  6.83448000e+11  1.07757964e-27
 2.65000000e+01  7.11320598e+06  6.75990000e+11  1.05947080e-27
 2.66000000e+01  6.92159356e+06  6.69219000e+11  1.04136196e-27
 2.67000000e+01  6.73241676e+06  6.62448000e+11  1.02325312e-27
 2.68000000e+01  6.54567559e+06  6.55677000e+11  1.00514428e-27
 2.69000000e+01  6.36137003e+06  6.48906000e+11  9.87035440e-28
 2.70000000e+01  6.17950009e+06  6.42135000e+11  9.68926600e-28
 2.71000000e+01  6.02403865e+06  6.35235000e+11  9.54810550e-28
 2.72000000e+01  5.87051198e+06  6.28335000e+11  9.40694500e-28
 2.73000000e+01  5.71892007e+06  6.21435000e+11  9.26578450e-28
 2.74000000e+01  5.56926293e+06  6.14535000e+11  9.12462400e-28
 2.75000000e+01  5.42154056e+06  6.07635000e+11  8.98346350e-28
 2.76000000e+01  5.27227521e+06  6.00339000e+11  8.84230300e-28
 2.77000000e+01  5.12505567e+06  5.93043000e+11  8.70114250e-28
 2.78000000e+01  4.97988193e+06  5.85747000e+11  8.55998200e-28
 2.79000000e+01  4.83675400e+06  5.78451000e+11  8.41882150e-28
 2.80000000e+01  4.69567187e+06  5.71155000e+11  8.27766100e-28
 2.81000000e+01  4.57649443e+06  5.65191000e+11  8.15270220e-28
 2.82000000e+01  4.45879736e+06  5.59227000e+11  8.02774340e-28
 2.83000000e+01  4.34258066e+06  5.53263000e+11  7.90278460e-28
 2.84000000e+01  4.22784433e+06  5.47299000e+11  7.77782580e-28
 2.85000000e+01  4.11458838e+06  5.41335000e+11  7.65286700e-28
 2.86000000e+01  3.99664451e+06  5.34546000e+11  7.52790820e-28
 2.87000000e+01  3.88038579e+06  5.27757000e+11  7.40294940e-28
 2.88000000e+01  3.76581222e+06  5.20968000e+11  7.27799060e-28
 2.89000000e+01  3.65292380e+06  5.14179000e+11  7.15303180e-28
 2.90000000e+01  3.54172053e+06  5.07390000e+11  7.02807300e-28
 2.91000000e+01  3.45771418e+06  5.01843000e+11  6.93721410e-28
 2.92000000e+01  3.37470896e+06  4.96296000e+11  6.84635520e-28
 2.93000000e+01  3.29270487e+06  4.90749000e+11  6.75549630e-28
 2.94000000e+01  3.21170191e+06  4.85202000e+11  6.66463740e-28
 2.95000000e+01  3.13170009e+06  4.79655000e+11  6.57377850e-28
 2.96000000e+01  3.05600252e+06  4.74621000e+11  6.48291960e-28
 2.97000000e+01  2.98121349e+06  4.69587000e+11  6.39206070e-28
 2.98000000e+01  2.90733301e+06  4.64553000e+11  6.30120180e-28
 2.99000000e+01  2.83436108e+06  4.59519000e+11  6.21034290e-28
 3.00000000e+01  2.76229769e+06  4.54485000e+11  6.11948400e-28
 3.01000000e+01  2.69529507e+06  4.48320000e+11  6.05315900e-28
 3.02000000e+01  2.62910468e+06  4.42155000e+11  5.98683400e-28
 3.03000000e+01  2.56372652e+06  4.35990000e+11  5.92050900e-28
 3.04000000e+01  2.49916058e+06  4.29825000e+11  5.85418400e-28
 3.05000000e+01  2.43540687e+06  4.23660000e+11  5.78785900e-28
 3.06000000e+01  2.37519304e+06  4.17975000e+11  5.72153400e-28
 3.07000000e+01  2.31572819e+06  4.12290000e+11  5.65520900e-28
 3.08000000e+01  2.25701233e+06  4.06605000e+11  5.58888400e-28
 3.09000000e+01  2.19904546e+06  4.00920000e+11  5.52255900e-28
 3.10000000e+01  2.14182758e+06  3.95235000e+11  5.45623400e-28
 3.11000000e+01  2.08590471e+06  3.89652000e+11  5.38990900e-28
 3.12000000e+01  2.03071739e+06  3.84069000e+11  5.32358400e-28
 3.13000000e+01  1.97626562e+06  3.78486000e+11  5.25725900e-28
 3.14000000e+01  1.92254939e+06  3.72903000e+11  5.19093400e-28
 3.15000000e+01  1.86956872e+06  3.67320000e+11  5.12460900e-28
 3.16000000e+01  1.81809224e+06  3.61890000e+11  5.05828400e-28
 3.17000000e+01  1.76733116e+06  3.56460000e+11  4.99195900e-28
 3.18000000e+01  1.71728547e+06  3.51030000e+11  4.92563400e-28
 3.19000000e+01  1.66795516e+06  3.45600000e+11  4.85930900e-28
 3.20000000e+01  1.61934025e+06  3.40170000e+11  4.79298400e-28
 3.21000000e+01  1.57679817e+06  3.34752600e+11  4.74259485e-28
 3.22000000e+01  1.53479832e+06  3.29335200e+11  4.69220570e-28
 3.23000000e+01  1.49334072e+06  3.23917800e+11  4.64181655e-28
 3.24000000e+01  1.45242537e+06  3.18500400e+11  4.59142740e-28
 3.25000000e+01  1.41205225e+06  3.13083000e+11  4.54103825e-28
 3.26000000e+01  1.37431674e+06  3.08135400e+11  4.49064910e-28
 3.27000000e+01  1.33707645e+06  3.03187800e+11  4.44025995e-28
 3.28000000e+01  1.30033138e+06  2.98240200e+11  4.38987080e-28
 3.29000000e+01  1.26408152e+06  2.93292600e+11  4.33948165e-28
 3.30000000e+01  1.22832689e+06  2.88345000e+11  4.28909250e-28
 3.31000000e+01  1.19310410e+06  2.83406100e+11  4.23870335e-28
 3.32000000e+01  1.15837566e+06  2.78467200e+11  4.18831420e-28
 3.33000000e+01  1.12414157e+06  2.73528300e+11  4.13792505e-28
 3.34000000e+01  1.09040183e+06  2.68589400e+11  4.08753590e-28
 3.35000000e+01  1.05715643e+06  2.63650500e+11  4.03714675e-28
 3.36000000e+01  1.02283024e+06  2.58313800e+11  3.98675760e-28
 3.37000000e+01  9.89038219e+05  2.52977100e+11  3.93636845e-28
 3.38000000e+01  9.55780359e+05  2.47640400e+11  3.88597930e-28
 3.39000000e+01  9.23056665e+05  2.42303700e+11  3.83559015e-28
 3.40000000e+01  8.90867137e+05  2.36967000e+11  3.78520100e-28
 3.41000000e+01  8.66783044e+05  2.32625400e+11  3.75160540e-28
 3.42000000e+01  8.42988685e+05  2.28283800e+11  3.71800980e-28
 3.43000000e+01  8.19484059e+05  2.23942200e+11  3.68441420e-28
 3.44000000e+01  7.96269166e+05  2.19600600e+11  3.65081860e-28
 3.45000000e+01  7.73344006e+05  2.15259000e+11  3.61722300e-28
 3.46000000e+01  7.49490247e+05  2.10575100e+11  3.58362740e-28
 3.47000000e+01  7.25949065e+05  2.05891200e+11  3.55003180e-28
 3.48000000e+01  7.02720459e+05  2.01207300e+11  3.51643620e-28
 3.49000000e+01  6.79804429e+05  1.96523400e+11  3.48284060e-28
 3.50000000e+01  6.57200975e+05  1.91839500e+11  3.44924500e-28
 3.51000000e+01  6.34741156e+05  1.87105800e+11  3.41564940e-28
 3.52000000e+01  6.12597236e+05  1.82372100e+11  3.38205380e-28
 3.53000000e+01  5.90769216e+05  1.77638400e+11  3.34845820e-28
 3.54000000e+01  5.69257095e+05  1.72904700e+11  3.31486260e-28
 3.55000000e+01  5.48060875e+05  1.68171000e+11  3.28126700e-28
 3.56000000e+01  5.28873985e+05  1.63962300e+11  3.24767140e-28
 3.57000000e+01  5.09967959e+05  1.59753600e+11  3.21407580e-28
 3.58000000e+01  4.91342798e+05  1.55544900e+11  3.18048020e-28
 3.59000000e+01  4.72998500e+05  1.51336200e+11  3.14688460e-28
 3.60000000e+01  4.54935068e+05  1.47127500e+11  3.11328900e-28
 3.61000000e+01  4.36628723e+05  1.42421700e+11  3.08673975e-28
 3.62000000e+01  4.18570550e+05  1.37715900e+11  3.06019050e-28
 3.63000000e+01  4.00760549e+05  1.33010100e+11  3.03364125e-28
 3.64000000e+01  3.83198719e+05  1.28304300e+11  3.00709200e-28
 3.65000000e+01  3.65885061e+05  1.23598500e+11  2.98054275e-28
 3.66000000e+01  3.48403253e+05  1.18750800e+11  2.95399350e-28
 3.67000000e+01  3.31177100e+05  1.13903100e+11  2.92744425e-28
 3.68000000e+01  3.14206602e+05  1.09055400e+11  2.90089500e-28
 3.69000000e+01  2.97491759e+05  1.04207700e+11  2.87434575e-28
 3.70000000e+01  2.81032571e+05  9.93600000e+10  2.84779650e-28
 3.71000000e+01  2.65000524e+05  9.45735000e+10  2.82124725e-28
 3.72000000e+01  2.49220904e+05  8.97870000e+10  2.79469800e-28
 3.73000000e+01  2.33693712e+05  8.50005000e+10  2.76814875e-28
 3.74000000e+01  2.18418946e+05  8.02140000e+10  2.74159950e-28
 3.75000000e+01  2.03396609e+05  7.54275000e+10  2.71505025e-28
 3.76000000e+01  1.88933506e+05  7.07559000e+10  2.68850100e-28
 3.77000000e+01  1.74716771e+05  6.60843000e+10  2.66195175e-28
 3.78000000e+01  1.60746404e+05  6.14127000e+10  2.63540250e-28
 3.79000000e+01  1.47022405e+05  5.67411000e+10  2.60885325e-28
 3.80000000e+01  1.33544774e+05  5.20695000e+10  2.58230400e-28
 3.81000000e+01  1.21825942e+05  4.78074000e+10  2.56571570e-28
 3.82000000e+01  1.10247551e+05  4.35453000e+10  2.54912740e-28
 3.83000000e+01  9.88095996e+04  3.92832000e+10  2.53253910e-28
 3.84000000e+01  8.75120886e+04  3.50211000e+10  2.51595080e-28
 3.85000000e+01  7.63550179e+04  3.07590000e+10  2.49936250e-28
 3.86000000e+01  6.82074235e+04  2.76603900e+10  2.48277420e-28
 3.87000000e+01  6.01619313e+04  2.45617800e+10  2.46618590e-28
 3.88000000e+01  5.22185412e+04  2.14631700e+10  2.44959760e-28
 3.89000000e+01  4.43772533e+04  1.83645600e+10  2.43300930e-28
 3.90000000e+01  3.66380675e+04  1.52659500e+10  2.41642100e-28
 3.91000000e+01  3.17561768e+04  1.33232790e+10  2.39983270e-28
 3.92000000e+01  2.69382989e+04  1.13806080e+10  2.38324440e-28
 3.93000000e+01  2.21844339e+04  9.43793700e+09  2.36665610e-28
 3.94000000e+01  1.74945817e+04  7.49526600e+09  2.35006780e-28
 3.95000000e+01  1.28687425e+04  5.55259500e+09  2.33347950e-28
 3.96000000e+01  1.06873946e+04  4.64440500e+09  2.31689120e-28
 3.97000000e+01  8.53597253e+03  3.73621500e+09  2.30030290e-28
 3.98000000e+01  6.41447615e+03  2.82802500e+09  2.28371460e-28
 3.99000000e+01  4.32290550e+03  1.91983500e+09  2.26712630e-28
 4.00000000e+01  2.26126058e+03  1.01164500e+09  2.25053800e-28
 4.01000000e+01  1.79711732e+03  8.09316000e+08  2.23574455e-28
 4.02000000e+01  1.33891963e+03  6.06987000e+08  2.22095110e-28
 4.03000000e+01  8.86667512e+02  4.04658000e+08  2.20615765e-28
 4.04000000e+01  4.40360970e+02  2.02329000e+08  2.19136420e-28
 4.05000000e+01  0.00000000e+00  0.00000000e+00  2.17657075e-28
 4.06000000e+01  0.00000000e+00  0.00000000e+00  2.16177730e-28
 4.07000000e+01  0.00000000e+00  0.00000000e+00  2.14698385e-28
 4.08000000e+01  0.00000000e+00  0.00000000e+00  2.13219040e-28
 4.09000000e+01  0.00000000e+00  0.00000000e+00  2.11739695e-28
 4.10000000e+01  0.00000000e+00  0.00000000e+00  2.10260350e-28
 4.11000000e+01  0.00000000e+00  0.00000000e+00  2.08781005e-28
 4.12000000e+01  0.00000000e+00  0.00000000e+00  2.07301660e-28
 4.13000000e+01  0.00000000e+00  0.00000000e+00  2.05822315e-28
 4.14000000e+01  0.00000000e+00  0.00000000e+00  2.04342970e-28
 4.15000000e+01  0.00000000e+00  0.00000000e+00  2.02863625e-28
 4.16000000e+01  0.00000000e+00  0.00000000e+00  2.01384280e-28
 4.17000000e+01  0.00000000e+00  0.00000000e+00  1.99904935e-28
 4.18000000e+01  0.00000000e+00  0.00000000e+00  1.98425590e-28
 4.19000000e+01  0.00000000e+00  0.00000000e+00  1.96946245e-28
 4.20000000e+01  0.00000000e+00  0.00000000e+00  1.95466900e-28
 4.21000000e+01  0.00000000e+00  0.00000000e+00  1.94360320e-28
 4.22000000e+01  0.00000000e+00  0.00000000e+00  1.93253740e-28
 4.23000000e+01  0.00000000e+00  0.00000000e+00  1.92147160e-28
 4.24000000e+01  0.00000000e+00  0.00000000e+00  1.91040580e-28
 4.25000000e+01  0.00000000e+00  0.00000000e+00  1.89934000e-28
 4.26000000e+01  0.00000000e+00  0.00000000e+00  1.88827420e-28
 4.27000000e+01  0.00000000e+00  0.00000000e+00  1.87720840e-28
 4.28000000e+01  0.00000000e+00  0.00000000e+00  1.86614260e-28
 4.29000000e+01  0.00000000e+00  0.00000000e+00  1.85507680e-28
 4.30000000e+01  0.00000000e+00  0.00000000e+00  1.84401100e-28
 4.31000000e+01  0.00000000e+00  0.00000000e+00  1.83294520e-28
 4.32000000e+01  0.00000000e+00  0.00000000e+00  1.82187940e-28
 4.33000000e+01  0.00000000e+00  0.00000000e+00  1.81081360e-28
 4.34000000e+01  0.00000000e+00  0.00000000e+00  1.79974780e-28
 4.35000000e+01  0.00000000e+00  0.00000000e+00  1.78868200e-28
 4.36000000e+01  0.00000000e+00  0.00000000e+00  1.77761620e-28
 4.37000000e+01  0.00000000e+00  0.00000000e+00  1.76655040e-28
 4.38000000e+01  0.00000000e+00  0.00000000e+00  1.75548460e-28
 4.39000000e+01  0.00000000e+00  0.00000000e+00  1.74441880e-28
 4.40000000e+01  0.00000000e+00  0.00000000e+00  1.73335300e-28
 4.41000000e+01  0.00000000e+00  0.00000000e+00  1.72441315e-28
 4.42000000e+01  0.00000000e+00  0.00000000e+00  1.71547330e-28
 4.43000000e+01  0.00000000e+00  0.00000000e+00  1.70653345e-28
 4.44000000e+01  0.00000000e+00  0.00000000e+00  1.69759360e-28
 4.45000000e+01  0.00000000e+00  0.00000000e+00  1.68865375e-28
 4.46000000e+01  0.00000000e+00  0.00000000e+00  1.67971390e-28
 4.47000000e+01  0.00000000e+00  0.00000000e+00  1.67077405e-28
 4.48000000e+01  0.00000000e+00  0.00000000e+00  1.66183420e-28
 4.49000000e+01  0.00000000e+00  0.00000000e+00  1.65289435e-28
 4.50000000e+01  0.00000000e+00  0.00000000e+00  1.64395450e-28
 4.51000000e+01  0.00000000e+00  0.00000000e+00  1.63501465e-28
 4.52000000e+01  0.00000000e+00  0.00000000e+00  1.62607480e-28
 4.53000000e+01  0.00000000e+00  0.00000000e+00  1.61713495e-28
 4.54000000e+01  0.00000000e+00  0.00000000e+00  1.60819510e-28
 4.55000000e+01  0.00000000e+00  0.00000000e+00  1.59925525e-28
 4.56000000e+01  0.00000000e+00  0.00000000e+00  1.59031540e-28
 4.57000000e+01  0.00000000e+00  0.00000000e+00  1.58137555e-28
 4.58000000e+01  0.00000000e+00  0.00000000e+00  1.57243570e-28
 4.59000000e+01  0.00000000e+00  0.00000000e+00  1.56349585e-28
 4.60000000e+01  0.00000000e+00  0.00000000e+00  1.55455600e-28
 4.61000000e+01  0.00000000e+00  0.00000000e+00  1.54835485e-28
 4.62000000e+01  0.00000000e+00  0.00000000e+00  1.54215370e-28
 4.63000000e+01  0.00000000e+00  0.00000000e+00  1.53595255e-28
 4.64000000e+01  0.00000000e+00  0.00000000e+00  1.52975140e-28
 4.65000000e+01  0.00000000e+00  0.00000000e+00  1.52355025e-28
 4.66000000e+01  0.00000000e+00  0.00000000e+00  1.51734910e-28
 4.67000000e+01  0.00000000e+00  0.00000000e+00  1.51114795e-28
 4.68000000e+01  0.00000000e+00  0.00000000e+00  1.50494680e-28
 4.69000000e+01  0.00000000e+00  0.00000000e+00  1.49874565e-28
 4.70000000e+01  0.00000000e+00  0.00000000e+00  1.49254450e-28
 4.71000000e+01  0.00000000e+00  0.00000000e+00  1.48634335e-28
 4.72000000e+01  0.00000000e+00  0.00000000e+00  1.48014220e-28
 4.73000000e+01  0.00000000e+00  0.00000000e+00  1.47394105e-28
 4.74000000e+01  0.00000000e+00  0.00000000e+00  1.46773990e-28
 4.75000000e+01  0.00000000e+00  0.00000000e+00  1.46153875e-28
 4.76000000e+01  0.00000000e+00  0.00000000e+00  1.45533760e-28
 4.77000000e+01  0.00000000e+00  0.00000000e+00  1.44913645e-28
 4.78000000e+01  0.00000000e+00  0.00000000e+00  1.44293530e-28
 4.79000000e+01  0.00000000e+00  0.00000000e+00  1.43673415e-28
 4.80000000e+01  0.00000000e+00  0.00000000e+00  1.43053300e-28
 4.81000000e+01  0.00000000e+00  0.00000000e+00  1.42414940e-28
 4.82000000e+01  0.00000000e+00  0.00000000e+00  1.41776580e-28
 4.83000000e+01  0.00000000e+00  0.00000000e+00  1.41138220e-28
 4.84000000e+01  0.00000000e+00  0.00000000e+00  1.40499860e-28
 4.85000000e+01  0.00000000e+00  0.00000000e+00  1.39861500e-28
 4.86000000e+01  0.00000000e+00  0.00000000e+00  1.39223140e-28
 4.87000000e+01  0.00000000e+00  0.00000000e+00  1.38584780e-28
 4.88000000e+01  0.00000000e+00  0.00000000e+00  1.37946420e-28
 4.89000000e+01  0.00000000e+00  0.00000000e+00  1.37308060e-28
 4.90000000e+01  0.00000000e+00  0.00000000e+00  1.36669700e-28
 4.91000000e+01  0.00000000e+00  0.00000000e+00  1.36031340e-28
 4.92000000e+01  0.00000000e+00  0.00000000e+00  1.35392980e-28
 4.93000000e+01  0.00000000e+00  0.00000000e+00  1.34754620e-28
 4.94000000e+01  0.00000000e+00  0.00000000e+00  1.34116260e-28
 4.95000000e+01  0.00000000e+00  0.00000000e+00  1.33477900e-28
 4.96000000e+01  0.00000000e+00  0.00000000e+00  1.32839540e-28
 4.97000000e+01  0.00000000e+00  0.00000000e+00  1.32201180e-28
 4.98000000e+01  0.00000000e+00  0.00000000e+00  1.31562820e-28
 4.99000000e+01  0.00000000e+00  0.00000000e+00  1.30924460e-28
 5.00000000e+01  0.00000000e+00  0.00000000e+00  1.30286100e-28
