# energy(MeV) dYield(atoms/MeV/s) photonFlux(photons/MeV/uA/s) crossSection(mb)
# 501 4
# 501 4
 0.00000000e+00  0.00000000e+00  5.61600000e+13  0.00000000e+00
 1.00000000e-01  0.00000000e+00  5.84742000e+13  0.00000000e+00
 2.00000000e-01  0.00000000e+00  6.07884000e+13  0.00000000e+00
 3.00000000e-01  0.00000000e+00  6.31026000e+13  0.00000000e+00
 4.00000000e-01  0.00000000e+00  6.54168000e+13  0.00000000e+00
 5.00000000e-01  0.00000000e+00  6.77310000e+13  0.00000000e+00
 6.00000000e-01  0.00000000e+00  6.73359000e+13  0.00000000e+00
 7.00000000e-01  0.00000000e+00  6.69408000e+13  0.00000000e+00
 8.00000000e-01  0.00000000e+00  6.65457000e+13  0.00000000e+00
 9.00000000e-01  0.00000000e+00  6.61506000e+13  0.00000000e+00
 1.00000000e+00  0.00000000e+00  6.57555000e+13  0.00000000e+00
 1.10000000e+00  0.00000000e+00  6.16422000e+13  0.00000000e+00
 1.20000000e+00  0.00000000e+00  5.75289000e+13  0.00000000e+00
 1.30000000e+00  0.00000000e+00  5.34156000e+13  0.00000000e+00
 1.40000000e+00  0.00000000e+00  4.93023000e+13  0.00000000e+00
 1.50000000e+00  0.00000000e+00  4.51890000e+13  0.00000000e+00
 1.60000000e+00  0.00000000e+00  4.29267900e+13  0.00000000e+00
 1.70000000e+00  0.00000000e+00  4.06645800e+13  0.00000000e+00
 1.80000000e+00  0.00000000e+00  3.84023700e+13  0.00000000e+00
 1.90000000e+00  0.00000000e+00  3.61401600e+13  0.00000000e+00
 2.00000000e+00  0.00000000e+00  3.38779500e+13  0.00000000e+00
 2.10000000e+00  0.00000000e+00  3.24404700e+13  0.00000000e+00
 2.20000000e+00  0.00000000e+00  3.10029900e+13  0.00000000e+00
 2.30000000e+00  0.00000000e+00  2.95655100e+13  0.00000000e+00
 2.40000000e+00  0.00000000e+00  2.81280300e+13  0.00000000e+00
 2.50000000e+00  0.00000000e+00  2.66905500e+13  0.00000000e+00
 2.60000000e+00  0.00000000e+00  2.57075400e+13  0.00000000e+00
 2.70000000e+00  0.00000000e+00  2.47245300e+13  0.00000000e+00
 2.80000000e+00  0.00000000e+00  2.37415200e+13  0.00000000e+00
 2.90000000e+00  0.00000000e+00  2.27585100e+13  0.00000000e+00
 3.00000000e+00  0.00000000e+00  2.17755000e+13  0.00000000e+00
 3.10000000e+00  0.00000000e+00  2.10663900e+13  0.00000000e+00
 3.20000000e+00  0.00000000e+00  2.03572800e+13  0.00000000e+00
 3.30000000e+00  0.00000000e+00  1.96481700e+13  0.00000000e+00
 3.40000000e+00  0.00000000e+00  1.89390600e+13  0.00000000e+00
 3.50000000e+00  0.00000000e+00  1.82299500e+13  0.00000000e+00
 3.60000000e+00  0.00000000e+00  1.76923500e+13  0.00000000e+00
 3.70000000e+00  0.00000000e+00  1.71547500e+13  0.00000000e+00
 3.80000000e+00  0.00000000e+00  1.66171500e+13  0.00000000e+00
 3.90000000e+00  0.00000000e+00  1.60795500e+13  0.00000000e+00
 4.00000000e+00  0.00000000e+00  1.55419500e+13  0.00000000e+00
 4.10000000e+00  0.00000000e+00  1.51239900e+13  0.00000000e+00
 4.20000000e+00  0.00000000e+00  1.47060300e+13  0.00000000e+00
 4.30000000e+00  0.00000000e+00  1.42880700e+13  0.00000000e+00
 4.40000000e+00  0.00000000e+00  1.38701100e+13  0.00000000e+00
 4.50000000e+00  0.00000000e+00  1.34521500e+13  0.00000000e+00
 4.60000000e+00  0.00000000e+00  1.31196600e+13  0.00000000e+00
 4.70000000e+00  0.00000000e+00  1.27871700e+13  0.00000000e+00
 4.80000000e+00  0.00000000e+00  1.24546800e+13  0.00000000e+00
 4.90000000e+00  0.00000000e+00  1.21221900e+13  0.00000000e+00
 5.00000000e+00  0.00000000e+00  1.17897000e+13  0.00000000e+00
 5.10000000e+00  0.00000000e+00  1.15212900e+13  0.00000000e+00
 5.20000000e+00  0.00000000e+00  1.12528800e+13  0.00000000e+00
 5.30000000e+00  0.00000000e+00  1.09844700e+13  0.00000000e+00
 5.40000000e+00  0.00000000e+00  1.07160600e+13  0.00000000e+00
 5.50000000e+00  0.00000000e+00  1.04476500e+13  0.00000000e+00
 5.60000000e+00  0.00000000e+00  1.02249000e+13  0.00000000e+00
 5.70000000e+00  0.00000000e+00  1.00021500e+13  0.00000000e+00
 5.80000000e+00  0.00000000e+00  9.77940000e+12  0.00000000e+00
 5.90000000e+00  0.00000000e+00  9.55665000e+12  0.00000000e+00
 6.00000000e+00  0.00000000e+00  9.33390000e+12  0.00000000e+00
 6.10000000e+00  0.00000000e+00  9.14808000e+12  0.00000000e+00
 6.20000000e+00  0.00000000e+00  8.96226000e+12  0.00000000e+00
 6.30000000e+00  0.00000000e+00  8.77644000e+12  0.00000000e+00
 6.40000000e+00  0.00000000e+00  8.59062000e+12  0.00000000e+00
 6.50000000e+00  0.00000000e+00  8.40480000e+12  0.00000000e+00
 6.60000000e+00  1.04233878e+09  8.24766000e+12  1.27245380e-26
 6.70000000e+00  1.10345937e+09  8.09052000e+12  1.37323160e-26
 6.80000000e+00  1.16143426e+09  7.93338000e+12  1.47400940e-26
 6.90000000e+00  1.21626344e+09  7.77624000e+12  1.57478720e-26
 7.00000000e+00  1.26794693e+09  7.61910000e+12  1.67556500e-26
 7.10000000e+00  1.32505274e+09  7.47954000e+12  1.78370140e-26
 7.20000000e+00  1.37916078e+09  7.33998000e+12  1.89183780e-26
 7.30000000e+00  1.43027104e+09  7.20042000e+12  1.99997420e-26
 7.40000000e+00  1.47838353e+09  7.06086000e+12  2.10811060e-26
 7.50000000e+00  1.52349824e+09  6.92130000e+12  2.21624700e-26
 7.60000000e+00  1.59928838e+09  6.80106000e+12  2.36763120e-26
 7.70000000e+00  1.67146280e+09  6.68082000e+12  2.51901540e-26
 7.80000000e+00  1.74002149e+09  6.56058000e+12  2.67039960e-26
 7.90000000e+00  1.80496445e+09  6.44034000e+12  2.82178380e-26
 8.00000000e+00  1.86629169e+09  6.32010000e+12  2.97316800e-26
 8.10000000e+00  1.97108526e+09  6.21744000e+12  3.19196180e-26
 8.20000000e+00  2.07141711e+09  6.11478000e+12  3.41075560e-26
 8.30000000e+00  2.16728724e+09  6.01212000e+12  3.62954940e-26
 8.40000000e+00  2.25869565e+09  5.90946000e+12  3.84834320e-26
 8.50000000e+00  2.34564234e+09  5.80680000e+12  4.06713700e-26
 8.60000000e+00  2.48989467e+09  5.71362000e+12  4.38766540e-26
 8.70000000e+00  2.62821427e+09  5.62044000e+12  4.70819380e-26
 8.80000000e+00  2.76060113e+09  5.52726000e+12  5.02872220e-26
 8.90000000e+00  2.88705524e+09  5.43408000e+12  5.34925060e-26
 9.00000000e+00  3.00757662e+09  5.34090000e+12  5.66977900e-26
 9.10000000e+00  3.20727049e+09  5.25732000e+12  6.14235700e-26
 9.20000000e+00  3.39911848e+09  5.17374000e+12  6.61493500e-26
 9.30000000e+00  3.58312059e+09  5.09016000e+12  7.08751300e-26
 9.40000000e+00  3.75927681e+09  5.00658000e+12  7.56009100e-26
 9.50000000e+00  3.92758714e+09  4.92300000e+12  8.03266900e-26
 9.60000000e+00  4.20677273e+09  4.85130000e+12  8.73081520e-26
 9.70000000e+00  4.47601499e+09  4.77960000e+12  9.42896140e-26
 9.80000000e+00  4.73531393e+09  4.70790000e+12  1.01271076e-25
 9.90000000e+00  4.98466954e+09  4.63620000e+12  1.08252538e-25
 1.00000000e+01  5.22408183e+09  4.56450000e+12  1.15234000e-25
 1.01000000e+01  5.61905943e+09  4.50708000e+12  1.25525580e-25
 1.02000000e+01  6.00229857e+09  4.44966000e+12  1.35817160e-25
 1.03000000e+01  6.37379924e+09  4.39224000e+12  1.46108740e-25
 1.04000000e+01  6.73356145e+09  4.33482000e+12  1.56400320e-25
 1.05000000e+01  7.08158519e+09  4.27740000e+12  1.66691900e-25
 1.06000000e+01  7.59864689e+09  4.22088000e+12  1.81257980e-25
 1.07000000e+01  8.09935507e+09  4.16436000e+12  1.95824060e-25
 1.08000000e+01  8.58370975e+09  4.10784000e+12  2.10390140e-25
 1.09000000e+01  9.05171092e+09  4.05132000e+12  2.24956220e-25
 1.10000000e+01  9.50335858e+09  3.99480000e+12  2.39522300e-25
 1.11000000e+01  9.99844693e+09  3.93936000e+12  2.55546980e-25
 1.12000000e+01  1.04758880e+10  3.88392000e+12  2.71571660e-25
 1.13000000e+01  1.09356817e+10  3.82848000e+12  2.87596340e-25
 1.14000000e+01  1.13778281e+10  3.77304000e+12  3.03621020e-25
 1.15000000e+01  1.18023271e+10  3.71760000e+12  3.19645700e-25
 1.16000000e+01  1.13537837e+10  3.67230000e+12  3.11290840e-25
 1.17000000e+01  1.09127583e+10  3.62700000e+12  3.02935980e-25
 1.18000000e+01  1.04792509e+10  3.58170000e+12  2.94581120e-25
 1.19000000e+01  1.00532615e+10  3.53640000e+12  2.86226260e-25
 1.20000000e+01  9.63479015e+09  3.49110000e+12  2.77871400e-25
 1.21000000e+01  8.97350898e+09  3.44613000e+12  2.62176960e-25
 1.22000000e+01  8.32624739e+09  3.40116000e+12  2.46482520e-25
 1.23000000e+01  7.69300536e+09  3.35619000e+12  2.30788080e-25
 1.24000000e+01  7.07378291e+09  3.31122000e+12  2.15093640e-25
 1.25000000e+01  6.46858004e+09  3.26625000e+12  1.99399200e-25
 1.26000000e+01  6.00089753e+09  3.22576800e+12  1.87303960e-25
 1.27000000e+01  5.54294120e+09  3.18528600e+12  1.75208720e-25
 1.28000000e+01  5.09471106e+09  3.14480400e+12  1.63113480e-25
 1.29000000e+01  4.65620711e+09  3.10432200e+12  1.51018240e-25
 1.30000000e+01  4.22742934e+09  3.06384000e+12  1.38923000e-25
 1.31000000e+01  3.93576744e+09  3.03054900e+12  1.30759122e-25
 1.32000000e+01  3.64950424e+09  2.99725800e+12  1.22595244e-25
 1.33000000e+01  3.36863974e+09  2.96396700e+12  1.14431366e-25
 1.34000000e+01  3.09317395e+09  2.93067600e+12  1.06267488e-25
 1.35000000e+01  2.82310687e+09  2.89738500e+12  9.81036100e-26
 1.36000000e+01  2.66176146e+09  2.86475400e+12  9.35504060e-26
 1.37000000e+01  2.50336736e+09  2.83212300e+12  8.89972020e-26
 1.38000000e+01  2.34792456e+09  2.79949200e+12  8.44439980e-26
 1.39000000e+01  2.19543307e+09  2.76686100e+12  7.98907940e-26
 1.40000000e+01  2.04589287e+09  2.73423000e+12  7.53375900e-26
 1.41000000e+01  1.94467188e+09  2.70393300e+12  7.24126240e-26
 1.42000000e+01  1.84521118e+09  2.67363600e+12  6.94876580e-26
 1.43000000e+01  1.74751078e+09  2.64333900e+12  6.65626920e-26
 1.44000000e+01  1.65157068e+09  2.61304200e+12  6.36377260e-26
 1.45000000e+01  1.55739088e+09  2.58274500e+12  6.07127600e-26
 1.46000000e+01  1.47427782e+09  2.55268200e+12  5.81495680e-26
 1.47000000e+01  1.39269541e+09  2.52261900e+12  5.55863760e-26
 1.48000000e+01  1.31264367e+09  2.49255600e+12  5.30231840e-26
 1.49000000e+01  1.23412260e+09  2.46249300e+12  5.04599920e-26
 1.50000000e+01  1.15713218e+09  2.43243000e+12  4.78968000e-26
 1.51000000e+01  1.08975418e+09  2.40592200e+12  4.56048340e-26
 1.52000000e+01  1.02358303e+09  2.37941400e+12  4.33128680e-26
 1.53000000e+01  9.58618718e+08  2.35290600e+12  4.10209020e-26
 1.54000000e+01  8.94861253e+08  2.32639800e+12  3.87289360e-26
 1.55000000e+01  8.32310631e+08  2.29989000e+12  3.64369700e-26
 1.56000000e+01  7.80585179e+08  2.27697300e+12  3.45164640e-26
 1.57000000e+01  7.29733986e+08  2.25405600e+12  3.25959580e-26
 1.58000000e+01  6.79757050e+08  2.23113900e+12  3.06754520e-26
 1.59000000e+01  6.30654372e+08  2.20822200e+12  2.87549460e-26
 1.60000000e+01  5.82425952e+08  2.18530500e+12  2.68344400e-26
 1.61000000e+01  5.46073156e+08  2.16170700e+12  2.54341880e-26
 1.62000000e+01  5.10376729e+08  2.13810900e+12  2.40339360e-26
 1.63000000e+01  4.75336669e+08  2.11451100e+12  2.26336840e-26
 1.64000000e+01  4.40952978e+08  2.09091300e+12  2.12334320e-26
 1.65000000e+01  4.07225656e+08  2.06731500e+12  1.98331800e-26
 1.66000000e+01  3.82949873e+08  2.04634500e+12  1.88419980e-26
 1.67000000e+01  3.59086965e+08  2.02537500e+12  1.78508160e-26
 1.68000000e+01  3.35636931e+08  2.00440500e+12  1.68596340e-26
 1.69000000e+01  3.12599772e+08  1.98343500e+12  1.58684520e-26
 1.70000000e+01  2.89975487e+08  1.96246500e+12  1.48772700e-26
 1.71000000e+01  2.74213849e+08  1.94209200e+12  1.42161980e-26
 1.72000000e+01  2.58719739e+08  1.92171900e+12  1.35551260e-26
 1.73000000e+01  2.43493158e+08  1.90134600e+12  1.28940540e-26
 1.74000000e+01  2.28534105e+08  1.88097300e+12  1.22329820e-26
 1.75000000e+01  2.13842580e+08  1.86060000e+12  1.15719100e-26
 1.76000000e+01  2.03071329e+08  1.84207200e+12  1.10995632e-26
 1.77000000e+01  1.92473921e+08  1.82354400e+12  1.06272164e-26
 1.78000000e+01  1.82050354e+08  1.80501600e+12  1.01548696e-26
 1.79000000e+01  1.71800631e+08  1.78648800e+12  9.68252280e-27
 1.80000000e+01  1.61724749e+08  1.76796000e+12  9.21017600e-27
 1.81000000e+01  1.54415831e+08  1.75343100e+12  8.86680220e-27
 1.82000000e+01  1.47206012e+08  1.73890200e+12  8.52342840e-27
 1.83000000e+01  1.40095291e+08  1.72437300e+12  8.18005460e-27
 1.84000000e+01  1.33083670e+08  1.70984400e+12  7.83668080e-27
 1.85000000e+01  1.26171147e+08  1.69531500e+12  7.49330700e-27
 1.86000000e+01  1.20811376e+08  1.67967600e+12  7.24179440e-27
 1.87000000e+01  1.15529737e+08  1.66403700e+12  6.99028180e-27
 1.88000000e+01  1.10326231e+08  1.64839800e+12  6.73876920e-27
 1.89000000e+01  1.05200859e+08  1.63275900e+12  6.48725660e-27
 1.90000000e+01  1.00153619e+08  1.61712000e+12  6.23574400e-27
 1.91000000e+01  9.61720412e+07  1.60252800e+12  6.04236680e-27
 1.92000000e+01  9.22465146e+07  1.58793600e+12  5.84898960e-27
 1.93000000e+01  8.83770393e+07  1.57334400e+12  5.65561240e-27
 1.94000000e+01  8.45636154e+07  1.55875200e+12  5.46223520e-27
 1.95000000e+01  8.08062429e+07  1.54416000e+12  5.26885800e-27
 1.96000000e+01  7.77174042e+07  1.52989500e+12  5.11470440e-27
 1.97000000e+01  7.46722464e+07  1.51563000e+12  4.96055080e-27
 1.98000000e+01  7.16707695e+07  1.50136500e+12  4.80639720e-27
 1.99000000e+01  6.87129735e+07  1.48710000e+12  4.65224360e-27
 2.00000000e+01  6.57988584e+07  1.47283500e+12  4.49809000e-27
 2.01000000e+01  6.35960619e+07  1.45965000e+12  4.38677510e-27
 2.02000000e+01  6.14224195e+07  1.44646500e+12  4.27546020e-27
 2.03000000e+01  5.92779311e+07  1.43328000e+12  4.16414530e-27
 2.04000000e+01  5.71625969e+07  1.42009500e+12  4.05283040e-27
 2.05000000e+01  5.50764167e+07  1.40691000e+12  3.94151550e-27
 2.06000000e+01  5.30394766e+07  1.39425300e+12  3.83020060e-27
 2.07000000e+01  5.10305230e+07  1.38159600e+12  3.71888570e-27
 2.08000000e+01  4.90495561e+07  1.36893900e+12  3.60757080e-27
 2.09000000e+01  4.70965758e+07  1.35628200e+12  3.49625590e-27
 2.10000000e+01  4.51715820e+07  1.34362500e+12  3.38494100e-27
 2.11000000e+01  4.38347982e+07  1.33330500e+12  3.31019350e-27
 2.12000000e+01  4.25133373e+07  1.32298500e+12  3.23544600e-27
 2.13000000e+01  4.12071993e+07  1.31266500e+12  3.16069850e-27
 2.14000000e+01  3.99163843e+07  1.30234500e+12  3.08595100e-27
 2.15000000e+01  3.86408922e+07  1.29202500e+12  3.01120350e-27
 2.16000000e+01  3.73789732e+07  1.28164500e+12  2.93645600e-27
 2.17000000e+01  3.61324663e+07  1.27126500e+12  2.86170850e-27
 2.18000000e+01  3.49013713e+07  1.26088500e+12  2.78696100e-27
 2.19000000e+01  3.36856885e+07  1.25050500e+12  2.71221350e-27
 2.20000000e+01  3.24854176e+07  1.24012500e+12  2.63746600e-27
 2.21000000e+01  3.14914641e+07  1.22738400e+12  2.58330850e-27
 2.22000000e+01  3.05112171e+07  1.21464300e+12  2.52915100e-27
 2.23000000e+01  2.95446767e+07  1.20190200e+12  2.47499350e-27
 2.24000000e+01  2.85918429e+07  1.18916100e+12  2.42083600e-27
 2.25000000e+01  2.76527156e+07  1.17642000e+12  2.36667850e-27
 2.26000000e+01  2.67813154e+07  1.16603100e+12  2.31252100e-27
 2.27000000e+01  2.59210915e+07  1.15564200e+12  2.25836350e-27
 2.28000000e+01  2.50720439e+07  1.14525300e+12  2.20420600e-27
 2.29000000e+01  2.42341727e+07  1.13486400e+12  2.15004850e-27
 2.30000000e+01  2.34074777e+07  1.12447500e+12  2.09589100e-27
 2.31000000e+01  2.27861857e+07  1.11534000e+12  2.05697130e-27
 2.32000000e+01  2.21719559e+07  1.10620500e+12  2.01805160e-27
 2.33000000e+01  2.15647883e+07  1.09707000e+12  1.97913190e-27
 2.34000000e+01  2.09646831e+07  1.08793500e+12  1.94021220e-27
 2.35000000e+01  2.03716401e+07  1.07880000e+12  1.90129250e-27
 2.36000000e+01  1.98033056e+07  1.07061900e+12  1.86237280e-27
 2.37000000e+01  1.92412958e+07  1.06243800e+12  1.82345310e-27
 2.38000000e+01  1.86856107e+07  1.05425700e+12  1.78453340e-27
 2.39000000e+01  1.81362503e+07  1.04607600e+12  1.74561370e-27
 2.40000000e+01  1.75932147e+07  1.03789500e+12  1.70669400e-27
 2.41000000e+01  1.71068491e+07  1.02834600e+12  1.67492220e-27
 2.42000000e+01  1.66265099e+07  1.01879700e+12  1.64315040e-27
 2.43000000e+01  1.61521973e+07  1.00924800e+12  1.61137860e-27
 2.44000000e+01  1.56839112e+07  9.99699000e+11  1.57960680e-27
 2.45000000e+01  1.52216516e+07  9.90150000e+11  1.54783500e-27
 2.46000000e+01  1.47588233e+07  9.80163000e+11  1.51606320e-27
 2.47000000e+01  1.43022979e+07  9.70176000e+11  1.48429140e-27
 2.48000000e+01  1.38520755e+07  9.60189000e+11  1.45251960e-27
 2.49000000e+01  1.34081560e+07  9.50202000e+11  1.42074780e-27
 2.50000000e+01  1.29705395e+07  9.40215000e+11  1.38897600e-27
 2.51000000e+01  1.26392817e+07  9.32241000e+11  1.36507990e-27
 2.52000000e+01  1.23118090e+07  9.24267000e+11  1.34118380e-27
 2.53000000e+01  1.19881213e+07  9.16293000e+11  1.31728770e-27
 2.54000000e+01  1.16682186e+07  9.08319000e+11  1.29339160e-27
 2.55000000e+01  1.13521010e+07  9.00345000e+11  1.26949550e-27
 2.56000000e+01  1.10607377e+07  8.94066000e+11  1.24559940e-27
 2.57000000e+01  1.07723548e+07  8.87787000e+11  1.22170330e-27
 2.58000000e+01  1.04869525e+07  8.81508000e+11  1.19780720e-27
 2.59000000e+01  1.02045306e+07  8.75229000e+11  1.17391110e-27
 2.60000000e+01  9.92508911e+06  8.68950000e+11  1.15001500e-27
 2.61000000e+01  9.67251419e+06  8.60385000e+11  1.13190616e-27
 2.62000000e+01  9.42302022e+06  8.51820000e+11  1.11379732e-27
 2.63000000e+01  9.17660720e+06  8.43255000e+11  1.09568848e-27
 2.64000000e+01  8.93327513e+06  8.34690000e+11  1.07757964e-27
 2.65000000e+01  8.69302400e+06  8.26125000e+11  1.05947080e-27
 2.66000000e+01  8.44576959e+06  8.16585000e+11  1.04136196e-27
 2.67000000e+01  8.20194685e+06  8.07045000e+11  1.02325312e-27
 2.68000000e+01  7.96155578e+06  7.97505000e+11  1.00514428e-27
 2.69000000e+01  7.72459637e+06  7.87965000e+11  9.87035440e-28
 2.70000000e+01  7.49106863e+06  7.78425000e+11  9.68926600e-28
 2.71000000e+01  7.32494878e+06  7.72416000e+11  9.54810550e-28
 2.72000000e+01  7.16051386e+06  7.66407000e+11  9.40694500e-28
 2.73000000e+01  6.99776386e+06  7.60398000e+11  9.26578450e-28
 2.74000000e+01  6.83669880e+06  7.54389000e+11  9.12462400e-28
 2.75000000e+01  6.67731866e+06  7.48380000e+11  8.98346350e-28
 2.76000000e+01  6.52025576e+06  7.42443000e+11  8.84230300e-28
 2.77000000e+01  6.36485761e+06  7.36506000e+11  8.70114250e-28
 2.78000000e+01  6.21112420e+06  7.30569000e+11  8.55998200e-28
 2.79000000e+01  6.05905552e+06  7.24632000e+11  8.41882150e-28
 2.80000000e+01  5.90865159e+06  7.18695000e+11  8.27766100e-28
 2.81000000e+01  5.76358409e+06  7.11795000e+11  8.15270220e-28
 2.82000000e+01  5.62022929e+06  7.04895000e+11  8.02774340e-28
 2.83000000e+01  5.47858720e+06  6.97995000e+11  7.90278460e-28
 2.84000000e+01  5.33865781e+06  6.91095000e+11  7.77782580e-28
 2.85000000e+01  5.20044112e+06  6.84195000e+11  7.65286700e-28
 2.86000000e+01  5.07373910e+06  6.78606000e+11  7.52790820e-28
 2.87000000e+01  4.94842437e+06  6.73017000e+11  7.40294940e-28
 2.88000000e+01  4.82449693e+06  6.67428000e+11  7.27799060e-28
 2.89000000e+01  4.70195678e+06  6.61839000e+11  7.15303180e-28
 2.90000000e+01  4.58080392e+06  6.56250000e+11  7.02807300e-28
 2.91000000e+01  4.48319894e+06  6.50679000e+11  6.93721410e-28
 2.92000000e+01  4.38659942e+06  6.45108000e+11  6.84635520e-28
 2.93000000e+01  4.29100537e+06  6.39537000e+11  6.75549630e-28
 2.94000000e+01  4.19641678e+06  6.33966000e+11  6.66463740e-28
 2.95000000e+01  4.10283366e+06  6.28395000e+11  6.57377850e-28
 2.96000000e+01  4.00844025e+06  6.22542000e+11  6.48291960e-28
 2.97000000e+01  3.91510320e+06  6.16689000e+11  6.39206070e-28
 2.98000000e+01  3.82282251e+06  6.10836000e+11  6.30120180e-28
 2.99000000e+01  3.73159819e+06  6.04983000e+11  6.21034290e-28
 3.00000000e+01  3.64143022e+06  5.99130000e+11  6.11948400e-28
 3.01000000e+01  3.56141833e+06  5.92386000e+11  6.05315900e-28
 3.02000000e+01  3.48229495e+06  5.85642000e+11  5.98683400e-28
 3.03000000e+01  3.40406008e+06  5.78898000e+11  5.92050900e-28
 3.04000000e+01  3.32671372e+06  5.72154000e+11  5.85418400e-28
 3.05000000e+01  3.25025586e+06  5.65410000e+11  5.78785900e-28
 3.06000000e+01  3.17536842e+06  5.58786000e+11  5.72153400e-28
 3.07000000e+01  3.10135368e+06  5.52162000e+11  5.65520900e-28
 3.08000000e+01  3.02821164e+06  5.45538000e+11  5.58888400e-28
 3.09000000e+01  2.95594230e+06  5.38914000e+11  5.52255900e-28
 3.10000000e+01  2.88454565e+06  5.32290000e+11  5.45623400e-28
 3.11000000e+01  2.82078286e+06  5.26929000e+11  5.38990900e-28
 3.12000000e+01  2.75772636e+06  5.21568000e+11  5.32358400e-28
 3.13000000e+01  2.69537617e+06  5.16207000e+11  5.25725900e-28
 3.14000000e+01  2.63373228e+06  5.10846000e+11  5.19093400e-28
 3.15000000e+01  2.57279468e+06  5.05485000e+11  5.12460900e-28
 3.16000000e+01  2.51111651e+06  4.99836000e+11  5.05828400e-28
 3.17000000e+01  2.45018258e+06  4.94187000e+11  4.99195900e-28
 3.18000000e+01  2.38999290e+06  4.88538000e+11  4.92563400e-28
 3.19000000e+01  2.33054746e+06  4.82889000e+11  4.85930900e-28
 3.20000000e+01  2.27184626e+06  4.77240000e+11  4.79298400e-28
 3.21000000e+01  2.22336000e+06  4.72017000e+11  4.74259485e-28
 3.22000000e+01  2.17539652e+06  4.66794000e+11  4.69220570e-28
 3.23000000e+01  2.12795583e+06  4.61571000e+11  4.64181655e-28
 3.24000000e+01  2.08103793e+06  4.56348000e+11  4.59142740e-28
 3.25000000e+01  2.03464281e+06  4.51125000e+11  4.54103825e-28
 3.26000000e+01  1.98458243e+06  4.44963000e+11  4.49064910e-28
 3.27000000e+01  1.93513883e+06  4.38801000e+11  4.44025995e-28
 3.28000000e+01  1.88631200e+06  4.32639000e+11  4.38987080e-28
 3.29000000e+01  1.83810194e+06  4.26477000e+11  4.33948165e-28
 3.30000000e+01  1.79050865e+06  4.20315000e+11  4.28909250e-28
 3.31000000e+01  1.74122092e+06  4.13604000e+11  4.23870335e-28
 3.32000000e+01  1.69260490e+06  4.06893000e+11  4.18831420e-28
 3.33000000e+01  1.64466061e+06  4.00182000e+11  4.13792505e-28
 3.34000000e+01  1.59738805e+06  3.93471000e+11  4.08753590e-28
 3.35000000e+01  1.55078721e+06  3.86760000e+11  4.03714675e-28
 3.36000000e+01  1.50855243e+06  3.80982000e+11  3.98675760e-28
 3.37000000e+01  1.46689600e+06  3.75204000e+11  3.93636845e-28
 3.38000000e+01  1.42581790e+06  3.69426000e+11  3.88597930e-28
 3.39000000e+01  1.38531814e+06  3.63648000e+11  3.83559015e-28
 3.40000000e+01  1.34539671e+06  3.57870000e+11  3.78520100e-28
 3.41000000e+01  1.31134501e+06  3.51936000e+11  3.75160540e-28
 3.42000000e+01  1.27768931e+06  3.46002000e+11  3.71800980e-28
 3.43000000e+01  1.24442961e+06  3.40068000e+11  3.68441420e-28
 3.44000000e+01  1.21156591e+06  3.34134000e+11  3.65081860e-28
 3.45000000e+01  1.17909822e+06  3.28200000e+11  3.61722300e-28
 3.46000000e+01  1.14594273e+06  3.21961500e+11  3.58362740e-28
 3.47000000e+01  1.11320356e+06  3.15723000e+11  3.55003180e-28
 3.48000000e+01  1.08088071e+06  3.09484500e+11  3.51643620e-28
 3.49000000e+01  1.04897419e+06  3.03246000e+11  3.48284060e-28
 3.50000000e+01  1.01748398e+06  2.97007500e+11  3.44924500e-28
 3.51000000e+01  9.87851200e+05  2.91193800e+11  3.41564940e-28
 3.52000000e+01  9.58606390e+05  2.85380100e+11  3.38205380e-28
 3.53000000e+01  9.29749552e+05  2.79566400e+11  3.34845820e-28
 3.54000000e+01  9.01280687e+05  2.73752700e+11  3.31486260e-28
 3.55000000e+01  8.73199795e+05  2.67939000e+11  3.28126700e-28
 3.56000000e+01  8.44230512e+05  2.61729600e+11  3.24767140e-28
 3.57000000e+01  8.15675608e+05  2.55520200e+11  3.21407580e-28
 3.58000000e+01  7.87535084e+05  2.49310800e+11  3.18048020e-28
 3.59000000e+01  7.59808940e+05  2.43101400e+11  3.14688460e-28
 3.60000000e+01  7.32497174e+05  2.36892000e+11  3.11328900e-28
 3.61000000e+01  7.05456611e+05  2.30109300e+11  3.08673975e-28
 3.62000000e+01  6.78773750e+05  2.23326600e+11  3.06019050e-28
 3.63000000e+01  6.52448590e+05  2.16543900e+11  3.03364125e-28
 3.64000000e+01  6.26481133e+05  2.09761200e+11  3.00709200e-28
 3.65000000e+01  6.00871376e+05  2.02978500e+11  2.98054275e-28
 3.66000000e+01  5.76058527e+05  1.96345500e+11  2.95399350e-28
 3.67000000e+01  5.51595484e+05  1.89712500e+11  2.92744425e-28
 3.68000000e+01  5.27482249e+05  1.83079500e+11  2.90089500e-28
 3.69000000e+01  5.03718820e+05  1.76446500e+11  2.87434575e-28
 3.70000000e+01  4.80305198e+05  1.69813500e+11  2.84779650e-28
 3.71000000e+01  4.57233818e+05  1.63177800e+11  2.82124725e-28
 3.72000000e+01  4.34512387e+05  1.56542100e+11  2.79469800e-28
 3.73000000e+01  4.12140905e+05  1.49906400e+11  2.76814875e-28
 3.74000000e+01  3.90119372e+05  1.43270700e+11  2.74159950e-28
 3.75000000e+01  3.68447789e+05  1.36635000e+11  2.71505025e-28
 3.76000000e+01  3.46455664e+05  1.29748200e+11  2.68850100e-28
 3.77000000e+01  3.24826731e+05  1.22861400e+11  2.66195175e-28
 3.78000000e+01  3.03560989e+05  1.15974600e+11  2.63540250e-28
 3.79000000e+01  2.82658439e+05  1.09087800e+11  2.60885325e-28
 3.80000000e+01  2.62119080e+05  1.02201000e+11  2.58230400e-28
 3.81000000e+01  2.41624485e+05  9.48192000e+10  2.56571570e-28
 3.82000000e+01  2.21373126e+05  8.74374000e+10  2.54912740e-28
 3.83000000e+01  2.01365005e+05  8.00556000e+10  2.53253910e-28
 3.84000000e+01  1.81600122e+05  7.26738000e+10  2.51595080e-28
 3.85000000e+01  1.62078476e+05  6.52920000e+10  2.49936250e-28
 3.86000000e+01  1.45668659e+05  5.90735100e+10  2.48277420e-28
 3.87000000e+01  1.29463747e+05  5.28550200e+10  2.46618590e-28
 3.88000000e+01  1.13463741e+05  4.66365300e+10  2.44959760e-28
 3.89000000e+01  9.76686400e+04  4.04180400e+10  2.43300930e-28
 3.90000000e+01  8.20784440e+04  3.41995500e+10  2.41642100e-28
 3.91000000e+01  7.12731404e+04  2.99025900e+10  2.39983270e-28
 3.92000000e+01  6.06094257e+04  2.56056300e+10  2.38324440e-28
 3.93000000e+01  5.00872999e+04  2.13086700e+10  2.36665610e-28
 3.94000000e+01  3.97067631e+04  1.70117100e+10  2.35006780e-28
 3.95000000e+01  2.94678152e+04  1.27147500e+10  2.33347950e-28
 3.96000000e+01  2.44862205e+04  1.06409400e+10  2.31689120e-28
 3.97000000e+01  1.95729599e+04  8.56713000e+09  2.30030290e-28
 3.98000000e+01  1.47280333e+04  6.49332000e+09  2.28371460e-28
 3.99000000e+01  9.95144067e+03  4.41951000e+09  2.26712630e-28
 4.00000000e+01  5.24318209e+03  2.34570000e+09  2.25053800e-28
 4.01000000e+01  4.16697368e+03  1.87656000e+09  2.23574455e-28
 4.02000000e+01  3.10455127e+03  1.40742000e+09  2.22095110e-28
 4.03000000e+01  2.05591486e+03  9.38280000e+08  2.20615765e-28
 4.04000000e+01  1.02106443e+03  4.69140000e+08  2.19136420e-28
 4.05000000e+01  0.00000000e+00  0.00000000e+00  2.17657075e-28
 4.06000000e+01  0.00000000e+00  0.00000000e+00  2.16177730e-28
 4.07000000e+01  0.00000000e+00  0.00000000e+00  2.14698385e-28
 4.08000000e+01  0.00000000e+00  0.00000000e+00  2.13219040e-28
 4.09000000e+01  0.00000000e+00  0.00000000e+00  2.11739695e-28
 4.10000000e+01  0.00000000e+00  0.00000000e+00  2.10260350e-28
 4.11000000e+01  0.00000000e+00  0.00000000e+00  2.08781005e-28
 4.12000000e+01  0.00000000e+00  0.00000000e+00  2.07301660e-28
 4.13000000e+01  0.00000000e+00  0.00000000e+00  2.05822315e-28
 4.14000000e+01  0.00000000e+00  0.00000000e+00  2.04342970e-28
 4.15000000e+01  0.00000000e+00  0.00000000e+00  2.02863625e-28
 4.16000000e+01  0.00000000e+00  0.00000000e+00  2.01384280e-28
 4.17000000e+01  0.00000000e+00  0.00000000e+00  1.99904935e-28
 4.18000000e+01  0.00000000e+00  0.00000000e+00  1.98425590e-28
 4.19000000e+01  0.00000000e+00  0.00000000e+00  1.96946245e-28
 4.20000000e+01  0.00000000e+00  0.00000000e+00  1.95466900e-28
 4.21000000e+01  0.00000000e+00  0.00000000e+00  1.94360320e-28
 4.22000000e+01  0.00000000e+00  0.00000000e+00  1.93253740e-28
 4.23000000e+01  0.00000000e+00  0.00000000e+00  1.92147160e-28
 4.24000000e+01  0.00000000e+00  0.00000000e+00  1.91040580e-28
 4.25000000e+01  0.00000000e+00  0.00000000e+00  1.89934000e-28
 4.26000000e+01  0.00000000e+00  0.00000000e+00  1.88827420e-28
 4.27000000e+01  0.00000000e+00  0.00000000e+00  1.87720840e-28
 4.28000000e+01  0.00000000e+00  0.00000000e+00  1.86614260e-28
 4.29000000e+01  0.00000000e+00  0.00000000e+00  1.85507680e-28
 4.30000000e+01  0.00000000e+00  0.00000000e+00  1.84401100e-28
 4.31000000e+01  0.00000000e+00  0.00000000e+00  1.83294520e-28
 4.32000000e+01  0.00000000e+00  0.00000000e+00  1.82187940e-28
 4.33000000e+01  0.00000000e+00  0.00000000e+00  1.81081360e-28
 4.34000000e+01  0.00000000e+00  0.00000000e+00  1.79974780e-28
 4.35000000e+01  0.00000000e+00  0.00000000e+00  1.78868200e-28
 4.36000000e+01  0.00000000e+00  0.00000000e+00  1.77761620e-28
 4.37000000e+01  0.00000000e+00  0.00000000e+00  1.76655040e-28
 4.38000000e+01  0.00000000e+00  0.00000000e+00  1.75548460e-28
 4.39000000e+01  0.00000000e+00  0.00000000e+00  1.74441880e-28
 4.40000000e+01  0.00000000e+00  0.00000000e+00  1.73335300e-28
 4.41000000e+01  0.00000000e+00  0.00000000e+00  1.72441315e-28
 4.42000000e+01  0.00000000e+00  0.00000000e+00  1.71547330e-28
 4.43000000e+01  0.00000000e+00  0.00000000e+00  1.70653345e-28
 4.44000000e+01  0.00000000e+00  0.00000000e+00  1.69759360e-28
 4.45000000e+01  0.00000000e+00  0.00000000e+00  1.68865375e-28
 4.46000000e+01  0.00000000e+00  0.00000000e+00  1.67971390e-28
 4.47000000e+01  0.00000000e+00  0.00000000e+00  1.67077405e-28
 4.48000000e+01  0.00000000e+00  0.00000000e+00  1.66183420e-28
 4.49000000e+01  0.00000000e+00  0.00000000e+00  1.65289435e-28
 4.50000000e+01  0.00000000e+00  0.00000000e+00  1.64395450e-28
 4.51000000e+01  0.00000000e+00  0.00000000e+00  1.63501465e-28
 4.52000000e+01  0.00000000e+00  0.00000000e+00  1.62607480e-28
 4.53000000e+01  0.00000000e+00  0.00000000e+00  1.61713495e-28
 4.54000000e+01  0.00000000e+00  0.00000000e+00  1.60819510e-28
 4.55000000e+01  0.00000000e+00  0.00000000e+00  1.59925525e-28
 4.56000000e+01  0.00000000e+00  0.00000000e+00  1.59031540e-28
 4.57000000e+01  0.00000000e+00  0.00000000e+00  1.58137555e-28
 4.58000000e+01  0.00000000e+00  0.00000000e+00  1.57243570e-28
 4.59000000e+01  0.00000000e+00  0.00000000e+00  1.56349585e-28
 4.60000000e+01  0.00000000e+00  0.00000000e+00  1.55455600e-28
 4.61000000e+01  0.00000000e+00  0.00000000e+00  1.54835485e-28
 4.62000000e+01  0.00000000e+00  0.00000000e+00  1.54215370e-28
 4.63000000e+01  0.00000000e+00  0.00000000e+00  1.53595255e-28
 4.64000000e+01  0.00000000e+00  0.00000000e+00  1.52975140e-28
 4.65000000e+01  0.00000000e+00  0.00000000e+00  1.52355025e-28
 4.66000000e+01  0.00000000e+00  0.00000000e+00  1.51734910e-28
 4.67000000e+01  0.00000000e+00  0.00000000e+00  1.51114795e-28
 4.68000000e+01  0.00000000e+00  0.00000000e+00  1.50494680e-28
 4.69000000e+01  0.00000000e+00  0.00000000e+00  1.49874565e-28
 4.70000000e+01  0.00000000e+00  0.00000000e+00  1.49254450e-28
 4.71000000e+01  0.00000000e+00  0.00000000e+00  1.48634335e-28
 4.72000000e+01  0.00000000e+00  0.00000000e+00  1.48014220e-28
 4.73000000e+01  0.00000000e+00  0.00000000e+00  1.47394105e-28
 4.74000000e+01  0.00000000e+00  0.00000000e+00  1.46773990e-28
 4.75000000e+01  0.00000000e+00  0.00000000e+00  1.46153875e-28
 4.76000000e+01  0.00000000e+00  0.00000000e+00  1.45533760e-28
 4.77000000e+01  0.00000000e+00  0.00000000e+00  1.44913645e-28
 4.78000000e+01  0.00000000e+00  0.00000000e+00  1.44293530e-28
 4.79000000e+01  0.00000000e+00  0.00000000e+00  1.43673415e-28
 4.80000000e+01  0.00000000e+00  0.00000000e+00  1.43053300e-28
 4.81000000e+01  0.00000000e+00  0.00000000e+00  1.42414940e-28
 4.82000000e+01  0.00000000e+00  0.00000000e+00  1.41776580e-28
 4.83000000e+01  0.00000000e+00  0.00000000e+00  1.41138220e-28
 4.84000000e+01  0.00000000e+00  0.00000000e+00  1.40499860e-28
 4.85000000e+01  0.00000000e+00  0.00000000e+00  1.39861500e-28
 4.86000000e+01  0.00000000e+00  0.00000000e+00  1.39223140e-28
 4.87000000e+01  0.00000000e+00  0.00000000e+00  1.38584780e-28
 4.88000000e+01  0.00000000e+00  0.00000000e+00  1.37946420e-28
 4.89000000e+01  0.00000000e+00  0.00000000e+00  1.37308060e-28
 4.90000000e+01  0.00000000e+00  0.00000000e+00  1.36669700e-28
 4.91000000e+01  0.00000000e+00  0.00000000e+00  1.36031340e-28
 4.92000000e+01  0.00000000e+00  0.00000000e+00  1.35392980e-28
 4.93000000e+01  0.00000000e+00  0.00000000e+00  1.34754620e-28
 4.94000000e+01  0.00000000e+00  0.00000000e+00  1.34116260e-28
 4.95000000e+01  0.00000000e+00  0.00000000e+00  1.33477900e-28
 4.96000000e+01  0.00000000e+00  0.00000000e+00  1.32839540e-28
 4.97000000e+01  0.00000000e+00  0.00000000e+00  1.32201180e-28
 4.98000000e+01  0.00000000e+00  0.00000000e+00  1.31562820e-28
 4.99000000e+01  0.00000000e+00  0.00000000e+00  1.30924460e-28
 5.00000000e+01  0.00000000e+00  0.00000000e+00  1.30286100e-28
