# energy(MeV) dYield(atoms/MeV/s) photonFlux(photons/MeV/uA/s) crossSection(mb)
# 501 4
# 501 4
 0.00000000e+00  0.00000000e+00  1.12167000e+14  0.00000000e+00
 1.00000000e-01  0.00000000e+00  1.14409200e+14  0.00000000e+00
 2.00000000e-01  0.00000000e+00  1.16651400e+14  0.00000000e+00
 3.00000000e-01  0.00000000e+00  1.18893600e+14  0.00000000e+00
 4.00000000e-01  0.00000000e+00  1.21135800e+14  0.00000000e+00
 5.00000000e-01  0.00000000e+00  1.23378000e+14  0.00000000e+00
 6.00000000e-01  0.00000000e+00  1.20453600e+14  0.00000000e+00
 7.00000000e-01  0.00000000e+00  1.17529200e+14  0.00000000e+00
 8.00000000e-01  0.00000000e+00  1.14604800e+14  0.00000000e+00
 9.00000000e-01  0.00000000e+00  1.11680400e+14  0.00000000e+00
 1.00000000e+00  0.00000000e+00  1.08756000e+14  0.00000000e+00
 1.10000000e+00  0.00000000e+00  1.01246700e+14  0.00000000e+00
 1.20000000e+00  0.00000000e+00  9.37374000e+13  0.00000000e+00
 1.30000000e+00  0.00000000e+00  8.62281000e+13  0.00000000e+00
 1.40000000e+00  0.00000000e+00  7.87188000e+13  0.00000000e+00
 1.50000000e+00  0.00000000e+00  7.12095000e+13  0.00000000e+00
 1.60000000e+00  0.00000000e+00  6.74487000e+13  0.00000000e+00
 1.70000000e+00  0.00000000e+00  6.36879000e+13  0.00000000e+00
 1.80000000e+00  0.00000000e+00  5.99271000e+13  0.00000000e+00
 1.90000000e+00  0.00000000e+00  5.61663000e+13  0.00000000e+00
 2.00000000e+00  0.00000000e+00  5.24055000e+13  0.00000000e+00
 2.10000000e+00  0.00000000e+00  5.00658000e+13  0.00000000e+00
 2.20000000e+00  0.00000000e+00  4.77261000e+13  0.00000000e+00
 2.30000000e+00  0.00000000e+00  4.53864000e+13  0.00000000e+00
 2.40000000e+00  0.00000000e+00  4.30467000e+13  0.00000000e+00
 2.50000000e+00  0.00000000e+00  4.07070000e+13  0.00000000e+00
 2.60000000e+00  0.00000000e+00  3.91350900e+13  0.00000000e+00
 2.70000000e+00  0.00000000e+00  3.75631800e+13  0.00000000e+00
 2.80000000e+00  0.00000000e+00  3.59912700e+13  0.00000000e+00
 2.90000000e+00  0.00000000e+00  3.44193600e+13  0.00000000e+00
 3.00000000e+00  0.00000000e+00  3.28474500e+13  0.00000000e+00
 3.10000000e+00  0.00000000e+00  3.17338800e+13  0.00000000e+00
 3.20000000e+00  0.00000000e+00  3.06203100e+13  0.00000000e+00
 3.30000000e+00  0.00000000e+00  2.95067400e+13  0.00000000e+00
 3.40000000e+00  0.00000000e+00  2.83931700e+13  0.00000000e+00
 3.50000000e+00  0.00000000e+00  2.72796000e+13  0.00000000e+00
 3.60000000e+00  0.00000000e+00  2.64591600e+13  0.00000000e+00
 3.70000000e+00  0.00000000e+00  2.56387200e+13  0.00000000e+00
 3.80000000e+00  0.00000000e+00  2.48182800e+13  0.00000000e+00
 3.90000000e+00  0.00000000e+00  2.39978400e+13  0.00000000e+00
 4.00000000e+00  0.00000000e+00  2.31774000e+13  0.00000000e+00
 4.10000000e+00  0.00000000e+00  2.25341400e+13  0.00000000e+00
 4.20000000e+00  0.00000000e+00  2.18908800e+13  0.00000000e+00
 4.30000000e+00  0.00000000e+00  2.12476200e+13  0.00000000e+00
 4.40000000e+00  0.00000000e+00  2.06043600e+13  0.00000000e+00
 4.50000000e+00  0.00000000e+00  1.99611000e+13  0.00000000e+00
 4.60000000e+00  0.00000000e+00  1.94476800e+13  0.00000000e+00
 4.70000000e+00  0.00000000e+00  1.89342600e+13  0.00000000e+00
 4.80000000e+00  0.00000000e+00  1.84208400e+13  0.00000000e+00
 4.90000000e+00  0.00000000e+00  1.79074200e+13  0.00000000e+00
 5.00000000e+00  0.00000000e+00  1.73940000e+13  0.00000000e+00
 5.10000000e+00  0.00000000e+00  1.69832100e+13  0.00000000e+00
 5.20000000e+00  0.00000000e+00  1.65724200e+13  0.00000000e+00
 5.30000000e+00  0.00000000e+00  1.61616300e+13  0.00000000e+00
 5.40000000e+00  0.00000000e+00  1.57508400e+13  0.00000000e+00
 5.50000000e+00  0.00000000e+00  1.53400500e+13  0.00000000e+00
 5.60000000e+00  0.00000000e+00  1.50020100e+13  0.00000000e+00
 5.70000000e+00  0.00000000e+00  1.46639700e+13  0.00000000e+00
 5.80000000e+00  0.00000000e+00  1.43259300e+13  0.00000000e+00
 5.90000000e+00  0.00000000e+00  1.39878900e+13  0.00000000e+00
 6.00000000e+00  0.00000000e+00  1.36498500e+13  0.00000000e+00
 6.10000000e+00  0.00000000e+00  1.33695300e+13  0.00000000e+00
 6.20000000e+00  0.00000000e+00  1.30892100e+13  0.00000000e+00
 6.30000000e+00  0.00000000e+00  1.28088900e+13  0.00000000e+00
 6.40000000e+00  0.00000000e+00  1.25285700e+13  0.00000000e+00
 6.50000000e+00  0.00000000e+00  1.22482500e+13  0.00000000e+00
 6.60000000e+00  1.51831470e+09  1.20138900e+13  1.27245380e-26
 6.70000000e+00  1.60660041e+09  1.17795300e+13  1.37323160e-26
 6.80000000e+00  1.69019459e+09  1.15451700e+13  1.47400940e-26
 6.90000000e+00  1.76909724e+09  1.13108100e+13  1.57478720e-26
 7.00000000e+00  1.84330836e+09  1.10764500e+13  1.67556500e-26
 7.10000000e+00  1.92584344e+09  1.08708300e+13  1.78370140e-26
 7.20000000e+00  2.00396177e+09  1.06652100e+13  1.89183780e-26
 7.30000000e+00  2.07766334e+09  1.04595900e+13  1.99997420e-26
 7.40000000e+00  2.14694815e+09  1.02539700e+13  2.10811060e-26
 7.50000000e+00  2.21181621e+09  1.00483500e+13  2.21624700e-26
 7.60000000e+00  2.31995650e+09  9.86574000e+12  2.36763120e-26
 7.70000000e+00  2.42260555e+09  9.68313000e+12  2.51901540e-26
 7.80000000e+00  2.51976334e+09  9.50052000e+12  2.67039960e-26
 7.90000000e+00  2.61142988e+09  9.31791000e+12  2.82178380e-26
 8.00000000e+00  2.69760517e+09  9.13530000e+12  2.97316800e-26
 8.10000000e+00  2.84724468e+09  8.98113000e+12  3.19196180e-26
 8.20000000e+00  2.99018378e+09  8.82696000e+12  3.41075560e-26
 8.30000000e+00  3.12642248e+09  8.67279000e+12  3.62954940e-26
 8.40000000e+00  3.25596077e+09  8.51862000e+12  3.84834320e-26
 8.50000000e+00  3.37879866e+09  8.36445000e+12  4.06713700e-26
 8.60000000e+00  3.58617051e+09  8.22927000e+12  4.38766540e-26
 8.70000000e+00  3.78493549e+09  8.09409000e+12  4.70819380e-26
 8.80000000e+00  3.97509361e+09  7.95891000e+12  5.02872220e-26
 8.90000000e+00  4.15664486e+09  7.82373000e+12  5.34925060e-26
 9.00000000e+00  4.32958924e+09  7.68855000e+12  5.66977900e-26
 9.10000000e+00  4.61747463e+09  7.56891000e+12  6.14235700e-26
 9.20000000e+00  4.89412907e+09  7.44927000e+12  6.61493500e-26
 9.30000000e+00  5.15955258e+09  7.32963000e+12  7.08751300e-26
 9.40000000e+00  5.41374515e+09  7.20999000e+12  7.56009100e-26
 9.50000000e+00  5.65670678e+09  7.09035000e+12  8.03266900e-26
 9.60000000e+00  6.05633755e+09  6.98424000e+12  8.73081520e-26
 9.70000000e+00  6.44125303e+09  6.87813000e+12  9.42896140e-26
 9.80000000e+00  6.81145322e+09  6.77202000e+12  1.01271076e-25
 9.90000000e+00  7.16693812e+09  6.66591000e+12  1.08252538e-25
 1.00000000e+01  7.50770774e+09  6.55980000e+12  1.15234000e-25
 1.01000000e+01  8.05838859e+09  6.46368000e+12  1.25525580e-25
 1.02000000e+01  8.58941948e+09  6.36756000e+12  1.35817160e-25
 1.03000000e+01  9.10080039e+09  6.27144000e+12  1.46108740e-25
 1.04000000e+01  9.59253134e+09  6.17532000e+12  1.56400320e-25
 1.05000000e+01  1.00646123e+10  6.07920000e+12  1.66691900e-25
 1.06000000e+01  1.07929237e+10  5.99523000e+12  1.81257980e-25
 1.07000000e+01  1.14969392e+10  5.91126000e+12  1.95824060e-25
 1.08000000e+01  1.21766588e+10  5.82729000e+12  2.10390140e-25
 1.09000000e+01  1.28320825e+10  5.74332000e+12  2.24956220e-25
 1.10000000e+01  1.34632103e+10  5.65935000e+12  2.39522300e-25
 1.11000000e+01  1.41560654e+10  5.57745000e+12  2.55546980e-25
 1.12000000e+01  1.48228506e+10  5.49555000e+12  2.71571660e-25
 1.13000000e+01  1.54635660e+10  5.41365000e+12  2.87596340e-25
 1.14000000e+01  1.60782114e+10  5.33175000e+12  3.03621020e-25
 1.15000000e+01  1.66667869e+10  5.24985000e+12  3.19645700e-25
 1.16000000e+01  1.60135561e+10  5.17947000e+12  3.11290840e-25
 1.17000000e+01  1.53720056e+10  5.10909000e+12  3.02935980e-25
 1.18000000e+01  1.47421354e+10  5.03871000e+12  2.94581120e-25
 1.19000000e+01  1.41239455e+10  4.96833000e+12  2.86226260e-25
 1.20000000e+01  1.35174359e+10  4.89795000e+12  2.77871400e-25
 1.21000000e+01  1.26054557e+10  4.84092000e+12  2.62176960e-25
 1.22000000e+01  1.17112549e+10  4.78389000e+12  2.46482520e-25
 1.23000000e+01  1.08348333e+10  4.72686000e+12  2.30788080e-25
 1.24000000e+01  9.97619115e+09  4.66983000e+12  2.15093640e-25
 1.25000000e+01  9.13532828e+09  4.61280000e+12  1.99399200e-25
 1.26000000e+01  8.46840371e+09  4.55217000e+12  1.87303960e-25
 1.27000000e+01  7.81604607e+09  4.49154000e+12  1.75208720e-25
 1.28000000e+01  7.17825536e+09  4.43091000e+12  1.63113480e-25
 1.29000000e+01  6.55503159e+09  4.37028000e+12  1.51018240e-25
 1.30000000e+01  5.94637476e+09  4.30965000e+12  1.38923000e-25
 1.31000000e+01  5.52411515e+09  4.25358000e+12  1.30759122e-25
 1.32000000e+01  5.11094825e+09  4.19751000e+12  1.22595244e-25
 1.33000000e+01  4.70687406e+09  4.14144000e+12  1.14431366e-25
 1.34000000e+01  4.31189257e+09  4.08537000e+12  1.06267488e-25
 1.35000000e+01  3.92600379e+09  4.02930000e+12  9.81036100e-26
 1.36000000e+01  3.70097450e+09  3.98322000e+12  9.35504060e-26
 1.37000000e+01  3.48011290e+09  3.93714000e+12  8.89972020e-26
 1.38000000e+01  3.26341899e+09  3.89106000e+12  8.44439980e-26
 1.39000000e+01  3.05089278e+09  3.84498000e+12  7.98907940e-26
 1.40000000e+01  2.84253425e+09  3.79890000e+12  7.53375900e-26
 1.41000000e+01  2.70082348e+09  3.75531000e+12  7.24126240e-26
 1.42000000e+01  2.56164535e+09  3.71172000e+12  6.94876580e-26
 1.43000000e+01  2.42499986e+09  3.66813000e+12  6.65626920e-26
 1.44000000e+01  2.29088702e+09  3.62454000e+12  6.36377260e-26
 1.45000000e+01  2.15930681e+09  3.58095000e+12  6.07127600e-26
 1.46000000e+01  2.04496198e+09  3.54081000e+12  5.81495680e-26
 1.47000000e+01  1.93266088e+09  3.50067000e+12  5.55863760e-26
 1.48000000e+01  1.82240351e+09  3.46053000e+12  5.30231840e-26
 1.49000000e+01  1.71418988e+09  3.42039000e+12  5.04599920e-26
 1.50000000e+01  1.60801999e+09  3.38025000e+12  4.78968000e-26
 1.51000000e+01  1.51369317e+09  3.34188000e+12  4.56048340e-26
 1.52000000e+01  1.42111325e+09  3.30351000e+12  4.33128680e-26
 1.53000000e+01  1.33028022e+09  3.26514000e+12  4.10209020e-26
 1.54000000e+01  1.24119409e+09  3.22677000e+12  3.87289360e-26
 1.55000000e+01  1.15385484e+09  3.18840000e+12  3.64369700e-26
 1.56000000e+01  1.08088983e+09  3.15296400e+12  3.45164640e-26
 1.57000000e+01  1.00927667e+09  3.11752800e+12  3.25959580e-26
 1.58000000e+01  9.39015348e+08  3.08209200e+12  3.06754520e-26
 1.59000000e+01  8.70105871e+08  3.04665600e+12  2.87549460e-26
 1.60000000e+01  8.02548237e+08  3.01122000e+12  2.68344400e-26
 1.61000000e+01  7.53096531e+08  2.98123800e+12  2.54341880e-26
 1.62000000e+01  7.04478763e+08  2.95125600e+12  2.40339360e-26
 1.63000000e+01  6.56694930e+08  2.92127400e+12  2.26336840e-26
 1.64000000e+01  6.09745034e+08  2.89129200e+12  2.12334320e-26
 1.65000000e+01  5.63629075e+08  2.86131000e+12  1.98331800e-26
 1.66000000e+01  5.30018816e+08  2.83222800e+12  1.88419980e-26
 1.67000000e+01  4.96981147e+08  2.80314600e+12  1.78508160e-26
 1.68000000e+01  4.64516068e+08  2.77406400e+12  1.68596340e-26
 1.69000000e+01  4.32623579e+08  2.74498200e+12  1.58684520e-26
 1.70000000e+01  4.01303680e+08  2.71590000e+12  1.48772700e-26
 1.71000000e+01  3.79202845e+08  2.68566600e+12  1.42161980e-26
 1.72000000e+01  3.57499028e+08  2.65543200e+12  1.35551260e-26
 1.73000000e+01  3.36192230e+08  2.62519800e+12  1.28940540e-26
 1.74000000e+01  3.15282449e+08  2.59496400e+12  1.22329820e-26
 1.75000000e+01  2.94769688e+08  2.56473000e+12  1.15719100e-26
 1.76000000e+01  2.79768108e+08  2.53779300e+12  1.10995632e-26
 1.77000000e+01  2.65019269e+08  2.51085600e+12  1.06272164e-26
 1.78000000e+01  2.50523172e+08  2.48391900e+12  1.01548696e-26
 1.79000000e+01  2.36279817e+08  2.45698200e+12  9.68252280e-27
 1.80000000e+01  2.22289202e+08  2.43004500e+12  9.21017600e-27
 1.81000000e+01  2.11780201e+08  2.40481800e+12  8.86680220e-27
 1.82000000e+01  2.01443267e+08  2.37959100e+12  8.52342840e-27
 1.83000000e+01  1.91278401e+08  2.35436400e+12  8.18005460e-27
 1.84000000e+01  1.81285602e+08  2.32913700e+12  7.83668080e-27
 1.85000000e+01  1.71464871e+08  2.30391000e+12  7.49330700e-27
 1.86000000e+01  1.63997043e+08  2.28009900e+12  7.24179440e-27
 1.87000000e+01  1.56648175e+08  2.25628800e+12  6.99028180e-27
 1.88000000e+01  1.49418268e+08  2.23247700e+12  6.73876920e-27
 1.89000000e+01  1.42307321e+08  2.20866600e+12  6.48725660e-27
 1.90000000e+01  1.35315336e+08  2.18485500e+12  6.23574400e-27
 1.91000000e+01  1.29860414e+08  2.16388200e+12  6.04236680e-27
 1.92000000e+01  1.24486054e+08  2.14290900e+12  5.84898960e-27
 1.93000000e+01  1.19192256e+08  2.12193600e+12  5.65561240e-27
 1.94000000e+01  1.13979021e+08  2.10096300e+12  5.46223520e-27
 1.95000000e+01  1.08846348e+08  2.07999000e+12  5.26885800e-27
 1.96000000e+01  1.04611453e+08  2.05931400e+12  5.11470440e-27
 1.97000000e+01  1.00439869e+08  2.03863800e+12  4.96055080e-27
 1.98000000e+01  9.63315978e+07  2.01796200e+12  4.80639720e-27
 1.99000000e+01  9.22866384e+07  1.99728600e+12  4.65224360e-27
 2.00000000e+01  8.83049911e+07  1.97661000e+12  4.49809000e-27
 2.01000000e+01  8.52860376e+07  1.95747600e+12  4.38677510e-27
 2.02000000e+01  8.23093925e+07  1.93834200e+12  4.27546020e-27
 2.03000000e+01  7.93750555e+07  1.91920800e+12  4.16414530e-27
 2.04000000e+01  7.64830269e+07  1.90007400e+12  4.05283040e-27
 2.05000000e+01  7.36333065e+07  1.88094000e+12  3.94151550e-27
 2.06000000e+01  7.09337420e+07  1.86464100e+12  3.83020060e-27
 2.07000000e+01  6.82702172e+07  1.84834200e+12  3.71888570e-27
 2.08000000e+01  6.56427320e+07  1.83204300e+12  3.60757080e-27
 2.09000000e+01  6.30512864e+07  1.81574400e+12  3.49625590e-27
 2.10000000e+01  6.04958805e+07  1.79944500e+12  3.38494100e-27
 2.11000000e+01  5.86294556e+07  1.78330800e+12  3.31019350e-27
 2.12000000e+01  5.67869906e+07  1.76717100e+12  3.23544600e-27
 2.13000000e+01  5.49684855e+07  1.75103400e+12  3.16069850e-27
 2.14000000e+01  5.31739403e+07  1.73489700e+12  3.08595100e-27
 2.15000000e+01  5.14033551e+07  1.71876000e+12  3.01120350e-27
 2.16000000e+01  4.95883091e+07  1.70027700e+12  2.93645600e-27
 2.17000000e+01  4.78007063e+07  1.68179400e+12  2.86170850e-27
 2.18000000e+01  4.60405468e+07  1.66331100e+12  2.78696100e-27
 2.19000000e+01  4.43078305e+07  1.64482800e+12  2.71221350e-27
 2.20000000e+01  4.26025574e+07  1.62634500e+12  2.63746600e-27
 2.21000000e+01  4.12898656e+07  1.60927800e+12  2.58330850e-27
 2.22000000e+01  3.99955341e+07  1.59221100e+12  2.52915100e-27
 2.23000000e+01  3.87195631e+07  1.57514400e+12  2.47499350e-27
 2.24000000e+01  3.74619524e+07  1.55807700e+12  2.42083600e-27
 2.25000000e+01  3.62227021e+07  1.54101000e+12  2.36667850e-27
 2.26000000e+01  3.50882865e+07  1.52770800e+12  2.31252100e-27
 2.27000000e+01  3.39681809e+07  1.51440600e+12  2.25836350e-27
 2.28000000e+01  3.28623854e+07  1.50110400e+12  2.20420600e-27
 2.29000000e+01  3.17708999e+07  1.48780200e+12  2.15004850e-27
 2.30000000e+01  3.06937246e+07  1.47450000e+12  2.09589100e-27
 2.31000000e+01  2.98417027e+07  1.46069400e+12  2.05697130e-27
 2.32000000e+01  2.90003543e+07  1.44688800e+12  2.01805160e-27
 2.33000000e+01  2.81696793e+07  1.43308200e+12  1.97913190e-27
 2.34000000e+01  2.73496776e+07  1.41927600e+12  1.94021220e-27
 2.35000000e+01  2.65403495e+07  1.40547000e+12  1.90129250e-27
 2.36000000e+01  2.57750449e+07  1.39346700e+12  1.86237280e-27
 2.37000000e+01  2.50190198e+07  1.38146400e+12  1.82345310e-27
 2.38000000e+01  2.42722743e+07  1.36946100e+12  1.78453340e-27
 2.39000000e+01  2.35348083e+07  1.35745800e+12  1.74561370e-27
 2.40000000e+01  2.28066218e+07  1.34545500e+12  1.70669400e-27
 2.41000000e+01  2.21870715e+07  1.33373400e+12  1.67492220e-27
 2.42000000e+01  2.15749185e+07  1.32201300e+12  1.64315040e-27
 2.43000000e+01  2.09701628e+07  1.31029200e+12  1.61137860e-27
 2.44000000e+01  2.03728044e+07  1.29857100e+12  1.57960680e-27
 2.45000000e+01  1.97828433e+07  1.28685000e+12  1.54783500e-27
 2.46000000e+01  1.91647287e+07  1.27276800e+12  1.51606320e-27
 2.47000000e+01  1.85555014e+07  1.25868600e+12  1.48429140e-27
 2.48000000e+01  1.79551615e+07  1.24460400e+12  1.45251960e-27
 2.49000000e+01  1.73637089e+07  1.23052200e+12  1.42074780e-27
 2.50000000e+01  1.67811437e+07  1.21644000e+12  1.38897600e-27
 2.51000000e+01  1.63075356e+07  1.20280200e+12  1.36507990e-27
 2.52000000e+01  1.58404011e+07  1.18916400e+12  1.34118380e-27
 2.53000000e+01  1.53797401e+07  1.17552600e+12  1.31728770e-27
 2.54000000e+01  1.49255528e+07  1.16188800e+12  1.29339160e-27
 2.55000000e+01  1.44778390e+07  1.14825000e+12  1.26949550e-27
 2.56000000e+01  1.40768301e+07  1.13786400e+12  1.24559940e-27
 2.57000000e+01  1.36807512e+07  1.12747800e+12  1.22170330e-27
 2.58000000e+01  1.32896022e+07  1.11709200e+12  1.19780720e-27
 2.59000000e+01  1.29033832e+07  1.10670600e+12  1.17391110e-27
 2.60000000e+01  1.25220941e+07  1.09632000e+12  1.15001500e-27
 2.61000000e+01  1.22220148e+07  1.08716700e+12  1.13190616e-27
 2.62000000e+01  1.19252280e+07  1.07801400e+12  1.11379732e-27
 2.63000000e+01  1.16317336e+07  1.06886100e+12  1.09568848e-27
 2.64000000e+01  1.13415317e+07  1.05970800e+12  1.07757964e-27
 2.65000000e+01  1.10546223e+07  1.05055500e+12  1.05947080e-27
 2.66000000e+01  1.07765283e+07  1.04193600e+12  1.04136196e-27
 2.67000000e+01  1.05015348e+07  1.03331700e+12  1.02325312e-27
 2.68000000e+01  1.02296415e+07  1.02469800e+12  1.00514428e-27
 2.69000000e+01  9.96084871e+06  1.01607900e+12  9.87035440e-28
 2.70000000e+01  9.69515625e+06  1.00746000e+12  9.68926600e-28
 2.71000000e+01  9.45837653e+06  9.97386000e+11  9.54810550e-28
 2.72000000e+01  9.22442156e+06  9.87312000e+11  9.40694500e-28
 2.73000000e+01  8.99329136e+06  9.77238000e+11  9.26578450e-28
 2.74000000e+01  8.76498591e+06  9.67164000e+11  9.12462400e-28
 2.75000000e+01  8.53950522e+06  9.57090000e+11  8.98346350e-28
 2.76000000e+01  8.29924983e+06  9.45012000e+11  8.84230300e-28
 2.77000000e+01  8.06238112e+06  9.32934000e+11  8.70114250e-28
 2.78000000e+01  7.82889910e+06  9.20856000e+11  8.55998200e-28
 2.79000000e+01  7.59880375e+06  9.08778000e+11  8.41882150e-28
 2.80000000e+01  7.37209509e+06  8.96700000e+11  8.27766100e-28
 2.81000000e+01  7.19662780e+06  8.88774000e+11  8.15270220e-28
 2.82000000e+01  7.02312789e+06  8.80848000e+11  8.02774340e-28
 2.83000000e+01  6.85159535e+06  8.72922000e+11  7.90278460e-28
 2.84000000e+01  6.68203018e+06  8.64996000e+11  7.77782580e-28
 2.85000000e+01  6.51443240e+06  8.57070000e+11  7.65286700e-28
 2.86000000e+01  6.33354950e+06  8.47104000e+11  7.52790820e-28
 2.87000000e+01  6.15514033e+06  8.37138000e+11  7.40294940e-28
 2.88000000e+01  5.97920491e+06  8.27172000e+11  7.27799060e-28
 2.89000000e+01  5.80574323e+06  8.17206000e+11  7.15303180e-28
 2.90000000e+01  5.63475528e+06  8.07240000e+11  7.02807300e-28
 2.91000000e+01  5.49063870e+06  7.96896000e+11  6.93721410e-28
 2.92000000e+01  5.34838902e+06  7.86552000e+11  6.84635520e-28
 2.93000000e+01  5.20800625e+06  7.76208000e+11  6.75549630e-28
 2.94000000e+01  5.06949038e+06  7.65864000e+11  6.66463740e-28
 2.95000000e+01  4.93284142e+06  7.55520000e+11  6.57377850e-28
 2.96000000e+01  4.81691225e+06  7.48104000e+11  6.48291960e-28
 2.97000000e+01  4.70232153e+06  7.40688000e+11  6.39206070e-28
 2.98000000e+01  4.58906926e+06  7.33272000e+11  6.30120180e-28
 2.99000000e+01  4.47715545e+06  7.25856000e+11  6.21034290e-28
 3.00000000e+01  4.36658009e+06  7.18440000e+11  6.11948400e-28
 3.01000000e+01  4.26923990e+06  7.10121000e+11  6.05315900e-28
 3.02000000e+01  4.17299573e+06  7.01802000e+11  5.98683400e-28
 3.03000000e+01  4.07784756e+06  6.93483000e+11  5.92050900e-28
 3.04000000e+01  3.98379541e+06  6.85164000e+11  5.85418400e-28
 3.05000000e+01  3.89083926e+06  6.76845000e+11  5.78785900e-28
 3.06000000e+01  3.80535503e+06  6.69648000e+11  5.72153400e-28
 3.07000000e+01  3.72081898e+06  6.62451000e+11  5.65520900e-28
 3.08000000e+01  3.63723112e+06  6.55254000e+11  5.58888400e-28
 3.09000000e+01  3.55459145e+06  6.48057000e+11  5.52255900e-28
 3.10000000e+01  3.47289997e+06  6.40860000e+11  5.45623400e-28
 3.11000000e+01  3.39493502e+06  6.34182000e+11  5.38990900e-28
 3.12000000e+01  3.31784988e+06  6.27504000e+11  5.32358400e-28
 3.13000000e+01  3.24164455e+06  6.20826000e+11  5.25725900e-28
 3.14000000e+01  3.16631903e+06  6.14148000e+11  5.19093400e-28
 3.15000000e+01  3.09187332e+06  6.07470000e+11  5.12460900e-28
 3.16000000e+01  3.00727499e+06  5.98596000e+11  5.05828400e-28
 3.17000000e+01  2.92384578e+06  5.89722000e+11  4.99195900e-28
 3.18000000e+01  2.84158570e+06  5.80848000e+11  4.92563400e-28
 3.19000000e+01  2.76049475e+06  5.71974000e+11  4.85930900e-28
 3.20000000e+01  2.68057294e+06  5.63100000e+11  4.79298400e-28
 3.21000000e+01  2.60273540e+06  5.52558000e+11  4.74259485e-28
 3.22000000e+01  2.52595304e+06  5.42016000e+11  4.69220570e-28
 3.23000000e+01  2.45022585e+06  5.31474000e+11  4.64181655e-28
 3.24000000e+01  2.37555385e+06  5.20932000e+11  4.59142740e-28
 3.25000000e+01  2.30193703e+06  5.10390000e+11  4.54103825e-28
 3.26000000e+01  2.24155147e+06  5.02578000e+11  4.49064910e-28
 3.27000000e+01  2.18194785e+06  4.94766000e+11  4.44025995e-28
 3.28000000e+01  2.12312614e+06  4.86954000e+11  4.38987080e-28
 3.29000000e+01  2.06508637e+06  4.79142000e+11  4.33948165e-28
 3.30000000e+01  2.00782852e+06  4.71330000e+11  4.28909250e-28
 3.31000000e+01  1.95636655e+06  4.64709000e+11  4.23870335e-28
 3.32000000e+01  1.90556730e+06  4.58088000e+11  4.18831420e-28
 3.33000000e+01  1.85543076e+06  4.51467000e+11  4.13792505e-28
 3.34000000e+01  1.80595694e+06  4.44846000e+11  4.08753590e-28
 3.35000000e+01  1.75714584e+06  4.38225000e+11  4.03714675e-28
 3.36000000e+01  1.70619402e+06  4.30896000e+11  3.98675760e-28
 3.37000000e+01  1.65597578e+06  4.23567000e+11  3.93636845e-28
 3.38000000e+01  1.60649113e+06  4.16238000e+11  3.88597930e-28
 3.39000000e+01  1.55774005e+06  4.08909000e+11  3.83559015e-28
 3.40000000e+01  1.50972256e+06  4.01580000e+11  3.78520100e-28
 3.41000000e+01  1.46976343e+06  3.94452000e+11  3.75160540e-28
 3.42000000e+01  1.43027998e+06  3.87324000e+11  3.71800980e-28
 3.43000000e+01  1.39127222e+06  3.80196000e+11  3.68441420e-28
 3.44000000e+01  1.35274013e+06  3.73068000e+11  3.65081860e-28
 3.45000000e+01  1.31468373e+06  3.65940000e+11  3.61722300e-28
 3.46000000e+01  1.27596049e+06  3.58491000e+11  3.58362740e-28
 3.47000000e+01  1.23773435e+06  3.51042000e+11  3.55003180e-28
 3.48000000e+01  1.20000532e+06  3.43593000e+11  3.51643620e-28
 3.49000000e+01  1.16277339e+06  3.36144000e+11  3.48284060e-28
 3.50000000e+01  1.12603856e+06  3.28695000e+11  3.44924500e-28
 3.51000000e+01  1.08813685e+06  3.20755500e+11  3.41564940e-28
 3.52000000e+01  1.05076498e+06  3.12816000e+11  3.38205380e-28
 3.53000000e+01  1.01392295e+06  3.04876500e+11  3.34845820e-28
 3.54000000e+01  9.77610754e+05  2.96937000e+11  3.31486260e-28
 3.55000000e+01  9.41828393e+05  2.88997500e+11  3.28126700e-28
 3.56000000e+01  9.07529995e+05  2.81353800e+11  3.24767140e-28
 3.57000000e+01  8.73741694e+05  2.73710100e+11  3.21407580e-28
 3.58000000e+01  8.40463489e+05  2.66066400e+11  3.18048020e-28
 3.59000000e+01  8.07695380e+05  2.58422700e+11  3.14688460e-28
 3.60000000e+01  7.75437368e+05  2.50779000e+11  3.11328900e-28
 3.61000000e+01  7.46161744e+05  2.43386700e+11  3.08673975e-28
 3.62000000e+01  7.17275971e+05  2.35994400e+11  3.06019050e-28
 3.63000000e+01  6.88780048e+05  2.28602100e+11  3.03364125e-28
 3.64000000e+01  6.60673976e+05  2.21209800e+11  3.00709200e-28
 3.65000000e+01  6.32957754e+05  2.13817500e+11  2.98054275e-28
 3.66000000e+01  6.05314521e+05  2.06317200e+11  2.95399350e-28
 3.67000000e+01  5.78066834e+05  1.98816900e+11  2.92744425e-28
 3.68000000e+01  5.51214693e+05  1.91316600e+11  2.90089500e-28
 3.69000000e+01  5.24758098e+05  1.83816300e+11  2.87434575e-28
 3.70000000e+01  4.98697049e+05  1.76316000e+11  2.84779650e-28
 3.71000000e+01  4.73332487e+05  1.68923100e+11  2.82124725e-28
 3.72000000e+01  4.48357808e+05  1.61530200e+11  2.79469800e-28
 3.73000000e+01  4.23773010e+05  1.54137300e+11  2.76814875e-28
 3.74000000e+01  3.99578094e+05  1.46744400e+11  2.74159950e-28
 3.75000000e+01  3.75773060e+05  1.39351500e+11  2.71505025e-28
 3.76000000e+01  3.50074073e+05  1.31103300e+11  2.68850100e-28
 3.77000000e+01  3.24810074e+05  1.22855100e+11  2.66195175e-28
 3.78000000e+01  2.99981064e+05  1.14606900e+11  2.63540250e-28
 3.79000000e+01  2.75587042e+05  1.06358700e+11  2.60885325e-28
 3.80000000e+01  2.51628008e+05  9.81105000e+10  2.58230400e-28
 3.81000000e+01  2.29648147e+05  9.01194000e+10  2.56571570e-28
 3.82000000e+01  2.07931600e+05  8.21283000e+10  2.54912740e-28
 3.83000000e+01  1.86478368e+05  7.41372000e+10  2.53253910e-28
 3.84000000e+01  1.65288451e+05  6.61461000e+10  2.51595080e-28
 3.85000000e+01  1.44361848e+05  5.81550000e+10  2.49936250e-28
 3.86000000e+01  1.28451854e+05  5.20915200e+10  2.48277420e-28
 3.87000000e+01  1.12741657e+05  4.60280400e+10  2.46618590e-28
 3.88000000e+01  9.72312582e+04  3.99645600e+10  2.44959760e-28
 3.89000000e+01  8.19206567e+04  3.39010800e+10  2.43300930e-28
 3.90000000e+01  6.68098526e+04  2.78376000e+10  2.41642100e-28
 3.91000000e+01  5.74252989e+04  2.40927390e+10  2.39983270e-28
 3.92000000e+01  4.81641420e+04  2.03478780e+10  2.38324440e-28
 3.93000000e+01  3.90263818e+04  1.66030170e+10  2.36665610e-28
 3.94000000e+01  3.00120184e+04  1.28581560e+10  2.35006780e-28
 3.95000000e+01  2.11210517e+04  9.11329500e+09  2.33347950e-28
 3.96000000e+01  1.74333277e+04  7.57597500e+09  2.31689120e-28
 3.97000000e+01  1.37962599e+04  6.03865500e+09  2.30030290e-28
 3.98000000e+01  1.02098482e+04  4.50133500e+09  2.28371460e-28
 3.99000000e+01  6.67409269e+03  2.96401500e+09  2.26712630e-28
 4.00000000e+01  3.18899333e+03  1.42669500e+09  2.25053800e-28
 4.01000000e+01  2.53442491e+03  1.14135600e+09  2.23574455e-28
 4.02000000e+01  1.88824137e+03  8.56017000e+08  2.22095110e-28
 4.03000000e+01  1.25044270e+03  5.70678000e+08  2.20615765e-28
 4.04000000e+01  6.21028912e+02  2.85339000e+08  2.19136420e-28
 4.05000000e+01  0.00000000e+00  0.00000000e+00  2.17657075e-28
 4.06000000e+01  0.00000000e+00  0.00000000e+00  2.16177730e-28
 4.07000000e+01  0.00000000e+00  0.00000000e+00  2.14698385e-28
 4.08000000e+01  0.00000000e+00  0.00000000e+00  2.13219040e-28
 4.09000000e+01  0.00000000e+00  0.00000000e+00  2.11739695e-28
 4.10000000e+01  0.00000000e+00  0.00000000e+00  2.10260350e-28
 4.11000000e+01  0.00000000e+00  0.00000000e+00  2.08781005e-28
 4.12000000e+01  0.00000000e+00  0.00000000e+00  2.07301660e-28
 4.13000000e+01  0.00000000e+00  0.00000000e+00  2.05822315e-28
 4.14000000e+01  0.00000000e+00  0.00000000e+00  2.04342970e-28
 4.15000000e+01  0.00000000e+00  0.00000000e+00  2.02863625e-28
 4.16000000e+01  0.00000000e+00  0.00000000e+00  2.01384280e-28
 4.17000000e+01  0.00000000e+00  0.00000000e+00  1.99904935e-28
 4.18000000e+01  0.00000000e+00  0.00000000e+00  1.98425590e-28
 4.19000000e+01  0.00000000e+00  0.00000000e+00  1.96946245e-28
 4.20000000e+01  0.00000000e+00  0.00000000e+00  1.95466900e-28
 4.21000000e+01  0.00000000e+00  0.00000000e+00  1.94360320e-28
 4.22000000e+01  0.00000000e+00  0.00000000e+00  1.93253740e-28
 4.23000000e+01  0.00000000e+00  0.00000000e+00  1.92147160e-28
 4.24000000e+01  0.00000000e+00  0.00000000e+00  1.91040580e-28
 4.25000000e+01  0.00000000e+00  0.00000000e+00  1.89934000e-28
 4.26000000e+01  0.00000000e+00  0.00000000e+00  1.88827420e-28
 4.27000000e+01  0.00000000e+00  0.00000000e+00  1.87720840e-28
 4.28000000e+01  0.00000000e+00  0.00000000e+00  1.86614260e-28
 4.29000000e+01  0.00000000e+00  0.00000000e+00  1.85507680e-28
 4.30000000e+01  0.00000000e+00  0.00000000e+00  1.84401100e-28
 4.31000000e+01  0.00000000e+00  0.00000000e+00  1.83294520e-28
 4.32000000e+01  0.00000000e+00  0.00000000e+00  1.82187940e-28
 4.33000000e+01  0.00000000e+00  0.00000000e+00  1.81081360e-28
 4.34000000e+01  0.00000000e+00  0.00000000e+00  1.79974780e-28
 4.35000000e+01  0.00000000e+00  0.00000000e+00  1.78868200e-28
 4.36000000e+01  0.00000000e+00  0.00000000e+00  1.77761620e-28
 4.37000000e+01  0.00000000e+00  0.00000000e+00  1.76655040e-28
 4.38000000e+01  0.00000000e+00  0.00000000e+00  1.75548460e-28
 4.39000000e+01  0.00000000e+00  0.00000000e+00  1.74441880e-28
 4.40000000e+01  0.00000000e+00  0.00000000e+00  1.73335300e-28
 4.41000000e+01  0.00000000e+00  0.00000000e+00  1.72441315e-28
 4.42000000e+01  0.00000000e+00  0.00000000e+00  1.71547330e-28
 4.43000000e+01  0.00000000e+00  0.00000000e+00  1.70653345e-28
 4.44000000e+01  0.00000000e+00  0.00000000e+00  1.69759360e-28
 4.45000000e+01  0.00000000e+00  0.00000000e+00  1.68865375e-28
 4.46000000e+01  0.00000000e+00  0.00000000e+00  1.67971390e-28
 4.47000000e+01  0.00000000e+00  0.00000000e+00  1.67077405e-28
 4.48000000e+01  0.00000000e+00  0.00000000e+00  1.66183420e-28
 4.49000000e+01  0.00000000e+00  0.00000000e+00  1.65289435e-28
 4.50000000e+01  0.00000000e+00  0.00000000e+00  1.64395450e-28
 4.51000000e+01  0.00000000e+00  0.00000000e+00  1.63501465e-28
 4.52000000e+01  0.00000000e+00  0.00000000e+00  1.62607480e-28
 4.53000000e+01  0.00000000e+00  0.00000000e+00  1.61713495e-28
 4.54000000e+01  0.00000000e+00  0.00000000e+00  1.60819510e-28
 4.55000000e+01  0.00000000e+00  0.00000000e+00  1.59925525e-28
 4.56000000e+01  0.00000000e+00  0.00000000e+00  1.59031540e-28
 4.57000000e+01  0.00000000e+00  0.00000000e+00  1.58137555e-28
 4.58000000e+01  0.00000000e+00  0.00000000e+00  1.57243570e-28
 4.59000000e+01  0.00000000e+00  0.00000000e+00  1.56349585e-28
 4.60000000e+01  0.00000000e+00  0.00000000e+00  1.55455600e-28
 4.61000000e+01  0.00000000e+00  0.00000000e+00  1.54835485e-28
 4.62000000e+01  0.00000000e+00  0.00000000e+00  1.54215370e-28
 4.63000000e+01  0.00000000e+00  0.00000000e+00  1.53595255e-28
 4.64000000e+01  0.00000000e+00  0.00000000e+00  1.52975140e-28
 4.65000000e+01  0.00000000e+00  0.00000000e+00  1.52355025e-28
 4.66000000e+01  0.00000000e+00  0.00000000e+00  1.51734910e-28
 4.67000000e+01  0.00000000e+00  0.00000000e+00  1.51114795e-28
 4.68000000e+01  0.00000000e+00  0.00000000e+00  1.50494680e-28
 4.69000000e+01  0.00000000e+00  0.00000000e+00  1.49874565e-28
 4.70000000e+01  0.00000000e+00  0.00000000e+00  1.49254450e-28
 4.71000000e+01  0.00000000e+00  0.00000000e+00  1.48634335e-28
 4.72000000e+01  0.00000000e+00  0.00000000e+00  1.48014220e-28
 4.73000000e+01  0.00000000e+00  0.00000000e+00  1.47394105e-28
 4.74000000e+01  0.00000000e+00  0.00000000e+00  1.46773990e-28
 4.75000000e+01  0.00000000e+00  0.00000000e+00  1.46153875e-28
 4.76000000e+01  0.00000000e+00  0.00000000e+00  1.45533760e-28
 4.77000000e+01  0.00000000e+00  0.00000000e+00  1.44913645e-28
 4.78000000e+01  0.00000000e+00  0.00000000e+00  1.44293530e-28
 4.79000000e+01  0.00000000e+00  0.00000000e+00  1.43673415e-28
 4.80000000e+01  0.00000000e+00  0.00000000e+00  1.43053300e-28
 4.81000000e+01  0.00000000e+00  0.00000000e+00  1.42414940e-28
 4.82000000e+01  0.00000000e+00  0.00000000e+00  1.41776580e-28
 4.83000000e+01  0.00000000e+00  0.00000000e+00  1.41138220e-28
 4.84000000e+01  0.00000000e+00  0.00000000e+00  1.40499860e-28
 4.85000000e+01  0.00000000e+00  0.00000000e+00  1.39861500e-28
 4.86000000e+01  0.00000000e+00  0.00000000e+00  1.39223140e-28
 4.87000000e+01  0.00000000e+00  0.00000000e+00  1.38584780e-28
 4.88000000e+01  0.00000000e+00  0.00000000e+00  1.37946420e-28
 4.89000000e+01  0.00000000e+00  0.00000000e+00  1.37308060e-28
 4.90000000e+01  0.00000000e+00  0.00000000e+00  1.36669700e-28
 4.91000000e+01  0.00000000e+00  0.00000000e+00  1.36031340e-28
 4.92000000e+01  0.00000000e+00  0.00000000e+00  1.35392980e-28
 4.93000000e+01  0.00000000e+00  0.00000000e+00  1.34754620e-28
 4.94000000e+01  0.00000000e+00  0.00000000e+00  1.34116260e-28
 4.95000000e+01  0.00000000e+00  0.00000000e+00  1.33477900e-28
 4.96000000e+01  0.00000000e+00  0.00000000e+00  1.32839540e-28
 4.97000000e+01  0.00000000e+00  0.00000000e+00  1.32201180e-28
 4.98000000e+01  0.00000000e+00  0.00000000e+00  1.31562820e-28
 4.99000000e+01  0.00000000e+00  0.00000000e+00  1.30924460e-28
 5.00000000e+01  0.00000000e+00  0.00000000e+00  1.30286100e-28
