# energy(MeV) dYield(atoms/MeV/s) photonFlux(photons/MeV/uA/s) crossSection(mb)
# 501 4
# 501 4
 0.00000000e+00  0.00000000e+00  0.00000000e+00  0.00000000e+00
 1.00000000e-01  7.83947719e+07  3.46620000e+10  2.27718000e-25
 2.00000000e-01  5.13668411e+07  3.31444483e+10  1.56040000e-25
 3.00000000e-01  3.75731737e+07  3.16268967e+10  1.19614872e-25
 4.00000000e-01  2.79566376e+07  3.01093450e+10  9.34862000e-26
 5.00000000e-01  2.52880261e+07  2.85917933e+10  8.90507154e-26
 6.00000000e-01  2.37766849e+07  2.70742417e+10  8.84217039e-26
 7.00000000e-01  2.28146892e+07  2.55566900e+10  8.98822280e-26
 8.00000000e-01  2.24658310e+07  2.40391383e+10  9.40952000e-26
 9.00000000e-01  2.20765392e+07  2.25215867e+10  9.86951671e-26
 1.00000000e+00  2.12473197e+07  2.10040350e+10  1.01851000e-25
 1.10000000e+00  2.19279351e+07  2.07828049e+10  1.06232513e-25
 1.20000000e+00  2.29362462e+07  2.05615748e+10  1.12312953e-25
 1.30000000e+00  2.43963770e+07  2.03403447e+10  1.20762169e-25
 1.40000000e+00  2.58193777e+07  2.01191146e+10  1.29211386e-25
 1.50000000e+00  2.73926759e+07  1.98978845e+10  1.38609000e-25
 1.60000000e+00  2.79532693e+07  1.96766544e+10  1.43035958e-25
 1.70000000e+00  2.84944085e+07  1.94554243e+10  1.47462916e-25
 1.80000000e+00  2.89759919e+07  1.92341942e+10  1.51679955e-25
 1.90000000e+00  2.94203454e+07  1.90129641e+10  1.55797978e-25
 2.00000000e+00  2.98466022e+07  1.87917341e+10  1.59916000e-25
 2.10000000e+00  2.80488379e+07  1.85705040e+10  1.52074032e-25
 2.20000000e+00  2.64361994e+07  1.83492739e+10  1.45058778e-25
 2.30000000e+00  2.49416863e+07  1.81280438e+10  1.38528378e-25
 2.40000000e+00  2.35763734e+07  1.79068137e+10  1.32563074e-25
 2.50000000e+00  2.23143420e+07  1.76855836e+10  1.27036514e-25
 2.60000000e+00  2.11759870e+07  1.74643535e+10  1.22082953e-25
 2.70000000e+00  2.00964971e+07  1.72431234e+10  1.17346005e-25
 2.80000000e+00  1.91058804e+07  1.70218933e+10  1.13011612e-25
 2.90000000e+00  1.81884648e+07  1.68006632e+10  1.09001756e-25
 3.00000000e+00  1.73247488e+07  1.65794331e+10  1.05211000e-25
 3.10000000e+00  1.55867246e+07  1.63582030e+10  9.59363400e-26
 3.20000000e+00  1.40531432e+07  1.61369729e+10  8.76829757e-26
 3.30000000e+00  1.27000440e+07  1.59157428e+10  8.03419169e-26
 3.40000000e+00  1.15108033e+07  1.56945127e+10  7.38450985e-26
 3.50000000e+00  1.04580999e+07  1.54732826e+10  6.80509518e-26
 3.60000000e+00  9.51026491e+06  1.52520525e+10  6.27809958e-26
 3.70000000e+00  8.67315592e+06  1.50308224e+10  5.80976127e-26
 3.80000000e+00  7.92230737e+06  1.48095924e+10  5.38607581e-26
 3.90000000e+00  7.25408942e+06  1.45883623e+10  5.00656944e-26
 4.00000000e+00  6.64533853e+06  1.43671322e+10  4.65705000e-26
 4.10000000e+00  5.78959730e+06  1.41459021e+10  4.12080049e-26
 4.20000000e+00  5.06190199e+06  1.39246720e+10  3.66009735e-26
 4.30000000e+00  4.43079320e+06  1.37034419e+10  3.25548498e-26
 4.40000000e+00  3.89128408e+06  1.34822118e+10  2.90600041e-26
 4.50000000e+00  3.42292538e+06  1.32609817e+10  2.59887645e-26
 4.60000000e+00  3.01788649e+06  1.30397516e+10  2.33022287e-26
 4.70000000e+00  2.66847707e+06  1.28185215e+10  2.09599102e-26
 4.80000000e+00  2.36125645e+06  1.25972914e+10  1.88725185e-26
 4.90000000e+00  2.09492319e+06  1.23760613e+10  1.70431368e-26
 5.00000000e+00  1.86038347e+06  1.21548312e+10  1.54105244e-26
 5.10000000e+00  1.65661776e+06  1.19336011e+10  1.39770228e-26
 5.20000000e+00  1.47700970e+06  1.17123710e+10  1.26970375e-26
 5.30000000e+00  1.31850298e+06  1.14911409e+10  1.15526560e-26
 5.40000000e+00  1.17876062e+06  1.12699108e+10  1.05309855e-26
 5.50000000e+00  1.05464705e+06  1.10486807e+10  9.61082339e-27
 5.60000000e+00  9.45220719e+05  1.08274507e+10  8.78963615e-27
 5.70000000e+00  8.48593264e+05  1.06062206e+10  8.05569109e-27
 5.80000000e+00  7.62354527e+05  1.03849905e+10  7.39119668e-27
 5.90000000e+00  6.85257824e+05  1.01637604e+10  6.78833809e-27
 6.00000000e+00  6.16467774e+05  9.94253028e+09  6.24277000e-27
 6.10000000e+00  5.48199308e+05  9.72130018e+09  5.67777277e-27
 6.20000000e+00  4.87612967e+05  9.50007009e+09  5.16787875e-27
 6.30000000e+00  4.34363595e+05  9.27883999e+09  4.71328403e-27
 6.40000000e+00  3.87207630e+05  9.05760990e+09  4.30421714e-27
 6.50000000e+00  3.20594555e+05  8.83637980e+09  3.65296613e-27
 6.60000000e+00  2.60443679e+05  8.61514971e+09  3.04379130e-27
 6.70000000e+00  2.12057915e+05  8.39391961e+09  2.54362778e-27
 6.80000000e+00  1.73004171e+05  8.17268952e+09  2.13135332e-27
 6.90000000e+00  1.41450904e+05  7.95145942e+09  1.79111206e-27
 7.00000000e+00  1.15766566e+05  7.73022933e+09  1.50783788e-27
 7.10000000e+00  9.49129880e+04  7.50899924e+09  1.27264555e-27
 7.20000000e+00  7.79948291e+04  7.28776914e+09  1.07754417e-27
 7.30000000e+00  6.41214238e+04  7.06653905e+09  9.13608796e-28
 7.40000000e+00  5.28018843e+04  6.84530895e+09  7.76640877e-28
 7.50000000e+00  4.35170645e+04  6.62407886e+09  6.61451454e-28
 7.60000000e+00  3.59122966e+04  6.40284876e+09  5.64720838e-28
 7.70000000e+00  2.96725526e+04  6.18161867e+09  4.83299756e-28
 7.80000000e+00  2.45321964e+04  5.96038857e+09  4.14405715e-28
 7.90000000e+00  2.02771771e+04  5.73915848e+09  3.55732180e-28
 8.00000000e+00  1.67703499e+04  5.51792838e+09  3.06006000e-28
 8.10000000e+00  1.43619042e+04  5.29669829e+09  2.73005042e-28
 8.20000000e+00  1.22883199e+04  5.07546820e+09  2.43770011e-28
 8.30000000e+00  1.05137634e+04  4.85423810e+09  2.18072551e-28
 8.40000000e+00  8.98294469e+03  4.63300801e+09  1.95217862e-28
 8.50000000e+00  7.67141973e+03  4.41177791e+09  1.75075744e-28
 8.60000000e+00  6.54069477e+03  4.19054782e+09  1.57150932e-28
 8.70000000e+00  5.56970837e+03  3.96931772e+09  1.41279930e-28
 8.80000000e+00  4.73478263e+03  3.74808763e+09  1.27190357e-28
 8.90000000e+00  4.01064485e+03  3.52685753e+09  1.14495961e-28
 9.00000000e+00  3.39076621e+03  3.30562744e+09  1.03278000e-28
 9.10000000e+00  3.00850152e+03  3.08439735e+09  9.82073048e-29
 9.20000000e+00  2.65777676e+03  2.86316725e+09  9.34621268e-29
 9.30000000e+00  2.33278118e+03  2.64193716e+09  8.89027915e-29
 9.40000000e+00  2.03437521e+03  2.42070706e+09  8.46160398e-29
 9.50000000e+00  1.76208074e+03  2.19947697e+09  8.06622372e-29
 9.60000000e+00  1.51072172e+03  1.97824687e+09  7.68896465e-29
 9.70000000e+00  1.27872946e+03  1.75701678e+09  7.32768243e-29
 9.80000000e+00  1.06693859e+03  1.53578668e+09  6.99475336e-29
 9.90000000e+00  8.71687721e+02  1.31455659e+09  6.67644876e-29
 1.00000000e+01  6.91921763e+02  1.09332650e+09  6.37193000e-29
 1.01000000e+01  6.74254262e+02  1.09211234e+09  6.21613254e-29
 1.02000000e+01  6.56624336e+02  1.09089818e+09  6.06033508e-29
 1.03000000e+01  6.39740751e+02  1.08968402e+09  5.91108648e-29
 1.04000000e+01  6.23388000e+02  1.08846986e+09  5.76641519e-29
 1.05000000e+01  6.07952765e+02  1.08725570e+09  5.62991741e-29
 1.06000000e+01  5.92857005e+02  1.08604154e+09  5.49626163e-29
 1.07000000e+01  5.77793480e+02  1.08482738e+09  5.36260585e-29
 1.08000000e+01  5.63949838e+02  1.08361322e+09  5.23998520e-29
 1.09000000e+01  5.50253815e+02  1.08239906e+09  5.11846260e-29
 1.10000000e+01  5.36587101e+02  1.08118490e+09  4.99694000e-29
 1.11000000e+01  5.26534720e+02  1.07997074e+09  4.90884029e-29
 1.12000000e+01  5.16503587e+02  1.07875658e+09  4.82074059e-29
 1.13000000e+01  5.06493702e+02  1.07754242e+09  4.73264088e-29
 1.14000000e+01  4.97161348e+02  1.07632826e+09  4.65068035e-29
 1.15000000e+01  4.88304308e+02  1.07511410e+09  4.57298603e-29
 1.16000000e+01  4.79466006e+02  1.07389994e+09  4.49529171e-29
 1.17000000e+01  4.70872869e+02  1.07268578e+09  4.41972269e-29
 1.18000000e+01  4.62734075e+02  1.07147162e+09  4.34825179e-29
 1.19000000e+01  4.54612517e+02  1.07025747e+09  4.27678090e-29
 1.20000000e+01  4.46508197e+02  1.06904331e+09  4.20531000e-29
 1.21000000e+01  4.39291291e+02  1.06782915e+09  4.14204393e-29
 1.22000000e+01  4.32089643e+02  1.06661499e+09  4.07877786e-29
 1.23000000e+01  4.24903254e+02  1.06540083e+09  4.01551179e-29
 1.24000000e+01  4.17732124e+02  1.06418667e+09  3.95224572e-29
 1.25000000e+01  4.11011135e+02  1.06297251e+09  3.89309887e-29
 1.26000000e+01  4.04470587e+02  1.06175835e+09  3.83552783e-29
 1.27000000e+01  3.97943924e+02  1.06054419e+09  3.77795680e-29
 1.28000000e+01  3.91431146e+02  1.05933003e+09  3.72038576e-29
 1.29000000e+01  3.85290367e+02  1.05811587e+09  3.66622235e-29
 1.30000000e+01  3.79186906e+02  1.05690171e+09  3.61229000e-29
 1.31000000e+01  3.74029451e+02  1.05568755e+09  3.56725600e-29
 1.32000000e+01  3.68882857e+02  1.05447339e+09  3.52222200e-29
 1.33000000e+01  3.63747125e+02  1.05325923e+09  3.47718800e-29
 1.34000000e+01  3.58622254e+02  1.05204507e+09  3.43215400e-29
 1.35000000e+01  3.53508244e+02  1.05083091e+09  3.38712000e-29
 1.36000000e+01  3.49136915e+02  1.04961675e+09  3.34910600e-29
 1.37000000e+01  3.44774754e+02  1.04840260e+09  3.31109200e-29
 1.38000000e+01  3.40421762e+02  1.04718844e+09  3.27307800e-29
 1.39000000e+01  3.36077937e+02  1.04597428e+09  3.23506400e-29
 1.40000000e+01  3.31743281e+02  1.04476012e+09  3.19705000e-29
 1.41000000e+01  3.27998329e+02  1.04354596e+09  3.16463720e-29
 1.42000000e+01  3.24261194e+02  1.04233180e+09  3.13222441e-29
 1.43000000e+01  3.20531877e+02  1.04111764e+09  3.09981161e-29
 1.44000000e+01  3.16810377e+02  1.03990348e+09  3.06739881e-29
 1.45000000e+01  3.13120346e+02  1.03868932e+09  3.03521529e-29
 1.46000000e+01  3.09688518e+02  1.03747516e+09  3.00546223e-29
 1.47000000e+01  3.06263865e+02  1.03626100e+09  2.97570917e-29
 1.48000000e+01  3.02846389e+02  1.03504684e+09  2.94595611e-29
 1.49000000e+01  2.99436088e+02  1.03383268e+09  2.91620306e-29
 1.50000000e+01  2.96032963e+02  1.03261852e+09  2.88645000e-29
 1.51000000e+01  2.92994885e+02  1.03140436e+09  2.86019046e-29
 1.52000000e+01  2.89963141e+02  1.03019020e+09  2.83393091e-29
 1.53000000e+01  2.86937731e+02  1.02897604e+09  2.80767137e-29
 1.54000000e+01  2.83918653e+02  1.02776188e+09  2.78141182e-29
 1.55000000e+01  2.80905909e+02  1.02654773e+09  2.75515228e-29
 1.56000000e+01  2.77899498e+02  1.02533357e+09  2.72889274e-29
 1.57000000e+01  2.74899420e+02  1.02411941e+09  2.70263319e-29
 1.58000000e+01  2.72019488e+02  1.02290525e+09  2.67749390e-29
 1.59000000e+01  2.69234646e+02  1.02169109e+09  2.65323195e-29
 1.60000000e+01  2.66455655e+02  1.02047693e+09  2.62897000e-29
 1.61000000e+01  2.64753370e+02  1.01926277e+09  2.61528615e-29
 1.62000000e+01  2.63054384e+02  1.01804861e+09  2.60160229e-29
 1.63000000e+01  2.61358699e+02  1.01683445e+09  2.58791844e-29
 1.64000000e+01  2.59666313e+02  1.01562029e+09  2.57423459e-29
 1.65000000e+01  2.57977229e+02  1.01440613e+09  2.56055074e-29
 1.66000000e+01  2.56291444e+02  1.01319197e+09  2.54686688e-29
 1.67000000e+01  2.54608960e+02  1.01197781e+09  2.53318303e-29
 1.68000000e+01  2.52929776e+02  1.01076365e+09  2.51949918e-29
 1.69000000e+01  2.51253892e+02  1.00954949e+09  2.50581533e-29
 1.70000000e+01  2.49623573e+02  1.00833533e+09  2.49255350e-29
 1.71000000e+01  2.48097629e+02  1.00712117e+09  2.48030315e-29
 1.72000000e+01  2.46574638e+02  1.00590701e+09  2.46805280e-29
 1.73000000e+01  2.45054603e+02  1.00469286e+09  2.45580245e-29
 1.74000000e+01  2.43537521e+02  1.00347870e+09  2.44355210e-29
 1.75000000e+01  2.42023395e+02  1.00226454e+09  2.43130175e-29
 1.76000000e+01  2.40512223e+02  1.00105038e+09  2.41905140e-29
 1.77000000e+01  2.39004005e+02  9.99836217e+08  2.40680105e-29
 1.78000000e+01  2.37498742e+02  9.98622058e+08  2.39455070e-29
 1.79000000e+01  2.35996433e+02  9.97407898e+08  2.38230035e-29
 1.80000000e+01  2.34497079e+02  9.96193739e+08  2.37005000e-29
 1.81000000e+01  2.34930743e+02  9.94979580e+08  2.37733050e-29
 1.82000000e+01  2.35362650e+02  9.93765420e+08  2.38461100e-29
 1.83000000e+01  2.35792802e+02  9.92551261e+08  2.39189150e-29
 1.84000000e+01  2.36221197e+02  9.91337101e+08  2.39917200e-29
 1.85000000e+01  2.36647837e+02  9.90122942e+08  2.40645250e-29
 1.86000000e+01  2.37072721e+02  9.88908782e+08  2.41373300e-29
 1.87000000e+01  2.37495849e+02  9.87694623e+08  2.42101350e-29
 1.88000000e+01  2.37917220e+02  9.86480463e+08  2.42829400e-29
 1.89000000e+01  2.38336837e+02  9.85266304e+08  2.43557450e-29
 1.90000000e+01  2.38754697e+02  9.84052144e+08  2.44285500e-29
 1.91000000e+01  2.39170801e+02  9.82837985e+08  2.45013550e-29
 1.92000000e+01  2.39585149e+02  9.81623826e+08  2.45741600e-29
 1.93000000e+01  2.39997741e+02  9.80409666e+08  2.46469650e-29
 1.94000000e+01  2.40408578e+02  9.79195507e+08  2.47197700e-29
 1.95000000e+01  2.40817658e+02  9.77981347e+08  2.47925750e-29
 1.96000000e+01  2.41224983e+02  9.76767188e+08  2.48653800e-29
 1.97000000e+01  2.41630552e+02  9.75553028e+08  2.49381850e-29
 1.98000000e+01  2.42034365e+02  9.74338869e+08  2.50109900e-29
 1.99000000e+01  2.42436422e+02  9.73124709e+08  2.50837950e-29
 2.00000000e+01  2.42836723e+02  9.71910550e+08  2.51566000e-29
 2.01000000e+01  0.00000000e+00  9.70696391e+08  0.00000000e+00
 2.02000000e+01  0.00000000e+00  9.69482231e+08  0.00000000e+00
 2.03000000e+01  0.00000000e+00  9.68268072e+08  0.00000000e+00
 2.04000000e+01  0.00000000e+00  9.67053912e+08  0.00000000e+00
 2.05000000e+01  0.00000000e+00  9.65839753e+08  0.00000000e+00
 2.06000000e+01  0.00000000e+00  9.64625593e+08  0.00000000e+00
 2.07000000e+01  0.00000000e+00  9.63411434e+08  0.00000000e+00
 2.08000000e+01  0.00000000e+00  9.62197274e+08  0.00000000e+00
 2.09000000e+01  0.00000000e+00  9.60983115e+08  0.00000000e+00
 2.10000000e+01  0.00000000e+00  9.59768956e+08  0.00000000e+00
 2.11000000e+01  0.00000000e+00  9.58554796e+08  0.00000000e+00
 2.12000000e+01  0.00000000e+00  9.57340637e+08  0.00000000e+00
 2.13000000e+01  0.00000000e+00  9.56126477e+08  0.00000000e+00
 2.14000000e+01  0.00000000e+00  9.54912318e+08  0.00000000e+00
 2.15000000e+01  0.00000000e+00  9.53698158e+08  0.00000000e+00
 2.16000000e+01  0.00000000e+00  9.52483999e+08  0.00000000e+00
 2.17000000e+01  0.00000000e+00  9.51269839e+08  0.00000000e+00
 2.18000000e+01  0.00000000e+00  9.50055680e+08  0.00000000e+00
 2.19000000e+01  0.00000000e+00  9.48841520e+08  0.00000000e+00
 2.20000000e+01  0.00000000e+00  9.47627361e+08  0.00000000e+00
 2.21000000e+01  0.00000000e+00  9.46413202e+08  0.00000000e+00
 2.22000000e+01  0.00000000e+00  9.45199042e+08  0.00000000e+00
 2.23000000e+01  0.00000000e+00  9.43984883e+08  0.00000000e+00
 2.24000000e+01  0.00000000e+00  9.42770723e+08  0.00000000e+00
 2.25000000e+01  0.00000000e+00  9.41556564e+08  0.00000000e+00
 2.26000000e+01  0.00000000e+00  9.40342404e+08  0.00000000e+00
 2.27000000e+01  0.00000000e+00  9.39128245e+08  0.00000000e+00
 2.28000000e+01  0.00000000e+00  9.37914085e+08  0.00000000e+00
 2.29000000e+01  0.00000000e+00  9.36699926e+08  0.00000000e+00
 2.30000000e+01  0.00000000e+00  9.35485766e+08  0.00000000e+00
 2.31000000e+01  0.00000000e+00  9.34271607e+08  0.00000000e+00
 2.32000000e+01  0.00000000e+00  9.33057448e+08  0.00000000e+00
 2.33000000e+01  0.00000000e+00  9.31843288e+08  0.00000000e+00
 2.34000000e+01  0.00000000e+00  9.30629129e+08  0.00000000e+00
 2.35000000e+01  0.00000000e+00  9.29414969e+08  0.00000000e+00
 2.36000000e+01  0.00000000e+00  9.28200810e+08  0.00000000e+00
 2.37000000e+01  0.00000000e+00  9.26986650e+08  0.00000000e+00
 2.38000000e+01  0.00000000e+00  9.25772491e+08  0.00000000e+00
 2.39000000e+01  0.00000000e+00  9.24558331e+08  0.00000000e+00
 2.40000000e+01  0.00000000e+00  9.23344172e+08  0.00000000e+00
 2.41000000e+01  0.00000000e+00  9.22130013e+08  0.00000000e+00
 2.42000000e+01  0.00000000e+00  9.20915853e+08  0.00000000e+00
 2.43000000e+01  0.00000000e+00  9.19701694e+08  0.00000000e+00
 2.44000000e+01  0.00000000e+00  9.18487534e+08  0.00000000e+00
 2.45000000e+01  0.00000000e+00  9.17273375e+08  0.00000000e+00
 2.46000000e+01  0.00000000e+00  9.16059215e+08  0.00000000e+00
 2.47000000e+01  0.00000000e+00  9.14845056e+08  0.00000000e+00
 2.48000000e+01  0.00000000e+00  9.13630896e+08  0.00000000e+00
 2.49000000e+01  0.00000000e+00  9.12416737e+08  0.00000000e+00
 2.50000000e+01  0.00000000e+00  9.11202578e+08  0.00000000e+00
 2.51000000e+01  0.00000000e+00  9.09988418e+08  0.00000000e+00
 2.52000000e+01  0.00000000e+00  9.08774259e+08  0.00000000e+00
 2.53000000e+01  0.00000000e+00  9.07560099e+08  0.00000000e+00
 2.54000000e+01  0.00000000e+00  9.06345940e+08  0.00000000e+00
 2.55000000e+01  0.00000000e+00  9.05131780e+08  0.00000000e+00
 2.56000000e+01  0.00000000e+00  9.03917621e+08  0.00000000e+00
 2.57000000e+01  0.00000000e+00  9.02703461e+08  0.00000000e+00
 2.58000000e+01  0.00000000e+00  9.01489302e+08  0.00000000e+00
 2.59000000e+01  0.00000000e+00  9.00275142e+08  0.00000000e+00
 2.60000000e+01  0.00000000e+00  8.99060983e+08  0.00000000e+00
 2.61000000e+01  0.00000000e+00  8.97846824e+08  0.00000000e+00
 2.62000000e+01  0.00000000e+00  8.96632664e+08  0.00000000e+00
 2.63000000e+01  0.00000000e+00  8.95418505e+08  0.00000000e+00
 2.64000000e+01  0.00000000e+00  8.94204345e+08  0.00000000e+00
 2.65000000e+01  0.00000000e+00  8.92990186e+08  0.00000000e+00
 2.66000000e+01  0.00000000e+00  8.91776026e+08  0.00000000e+00
 2.67000000e+01  0.00000000e+00  8.90561867e+08  0.00000000e+00
 2.68000000e+01  0.00000000e+00  8.89347707e+08  0.00000000e+00
 2.69000000e+01  0.00000000e+00  8.88133548e+08  0.00000000e+00
 2.70000000e+01  0.00000000e+00  8.86919388e+08  0.00000000e+00
 2.71000000e+01  0.00000000e+00  8.85705229e+08  0.00000000e+00
 2.72000000e+01  0.00000000e+00  8.84491070e+08  0.00000000e+00
 2.73000000e+01  0.00000000e+00  8.83276910e+08  0.00000000e+00
 2.74000000e+01  0.00000000e+00  8.82062751e+08  0.00000000e+00
 2.75000000e+01  0.00000000e+00  8.80848591e+08  0.00000000e+00
 2.76000000e+01  0.00000000e+00  8.79634432e+08  0.00000000e+00
 2.77000000e+01  0.00000000e+00  8.78420272e+08  0.00000000e+00
 2.78000000e+01  0.00000000e+00  8.77206113e+08  0.00000000e+00
 2.79000000e+01  0.00000000e+00  8.75991953e+08  0.00000000e+00
 2.80000000e+01  0.00000000e+00  8.74777794e+08  0.00000000e+00
 2.81000000e+01  0.00000000e+00  8.73563635e+08  0.00000000e+00
 2.82000000e+01  0.00000000e+00  8.72349475e+08  0.00000000e+00
 2.83000000e+01  0.00000000e+00  8.71135316e+08  0.00000000e+00
 2.84000000e+01  0.00000000e+00  8.69921156e+08  0.00000000e+00
 2.85000000e+01  0.00000000e+00  8.68706997e+08  0.00000000e+00
 2.86000000e+01  0.00000000e+00  8.67492837e+08  0.00000000e+00
 2.87000000e+01  0.00000000e+00  8.66278678e+08  0.00000000e+00
 2.88000000e+01  0.00000000e+00  8.65064518e+08  0.00000000e+00
 2.89000000e+01  0.00000000e+00  8.63850359e+08  0.00000000e+00
 2.90000000e+01  0.00000000e+00  8.62636199e+08  0.00000000e+00
 2.91000000e+01  0.00000000e+00  8.61422040e+08  0.00000000e+00
 2.92000000e+01  0.00000000e+00  8.60207881e+08  0.00000000e+00
 2.93000000e+01  0.00000000e+00  8.58993721e+08  0.00000000e+00
 2.94000000e+01  0.00000000e+00  8.57779562e+08  0.00000000e+00
 2.95000000e+01  0.00000000e+00  8.56565402e+08  0.00000000e+00
 2.96000000e+01  0.00000000e+00  8.55351243e+08  0.00000000e+00
 2.97000000e+01  0.00000000e+00  8.54137083e+08  0.00000000e+00
 2.98000000e+01  0.00000000e+00  8.52922924e+08  0.00000000e+00
 2.99000000e+01  0.00000000e+00  8.51708764e+08  0.00000000e+00
 3.00000000e+01  0.00000000e+00  8.50494605e+08  0.00000000e+00
 3.01000000e+01  0.00000000e+00  8.49280446e+08  0.00000000e+00
 3.02000000e+01  0.00000000e+00  8.48066286e+08  0.00000000e+00
 3.03000000e+01  0.00000000e+00  8.46852127e+08  0.00000000e+00
 3.04000000e+01  0.00000000e+00  8.45637967e+08  0.00000000e+00
 3.05000000e+01  0.00000000e+00  8.44423808e+08  0.00000000e+00
 3.06000000e+01  0.00000000e+00  8.43209648e+08  0.00000000e+00
 3.07000000e+01  0.00000000e+00  8.41995489e+08  0.00000000e+00
 3.08000000e+01  0.00000000e+00  8.40781329e+08  0.00000000e+00
 3.09000000e+01  0.00000000e+00  8.39567170e+08  0.00000000e+00
 3.10000000e+01  0.00000000e+00  8.38353010e+08  0.00000000e+00
 3.11000000e+01  0.00000000e+00  8.37138851e+08  0.00000000e+00
 3.12000000e+01  0.00000000e+00  8.35924692e+08  0.00000000e+00
 3.13000000e+01  0.00000000e+00  8.34710532e+08  0.00000000e+00
 3.14000000e+01  0.00000000e+00  8.33496373e+08  0.00000000e+00
 3.15000000e+01  0.00000000e+00  8.32282213e+08  0.00000000e+00
 3.16000000e+01  0.00000000e+00  8.31068054e+08  0.00000000e+00
 3.17000000e+01  0.00000000e+00  8.29853894e+08  0.00000000e+00
 3.18000000e+01  0.00000000e+00  8.28639735e+08  0.00000000e+00
 3.19000000e+01  0.00000000e+00  8.27425575e+08  0.00000000e+00
 3.20000000e+01  0.00000000e+00  8.26211416e+08  0.00000000e+00
 3.21000000e+01  0.00000000e+00  8.24997257e+08  0.00000000e+00
 3.22000000e+01  0.00000000e+00  8.23783097e+08  0.00000000e+00
 3.23000000e+01  0.00000000e+00  8.22568938e+08  0.00000000e+00
 3.24000000e+01  0.00000000e+00  8.21354778e+08  0.00000000e+00
 3.25000000e+01  0.00000000e+00  8.20140619e+08  0.00000000e+00
 3.26000000e+01  0.00000000e+00  8.18926459e+08  0.00000000e+00
 3.27000000e+01  0.00000000e+00  8.17712300e+08  0.00000000e+00
 3.28000000e+01  0.00000000e+00  8.16498140e+08  0.00000000e+00
 3.29000000e+01  0.00000000e+00  8.15283981e+08  0.00000000e+00
 3.30000000e+01  0.00000000e+00  8.14069821e+08  0.00000000e+00
 3.31000000e+01  0.00000000e+00  8.12855662e+08  0.00000000e+00
 3.32000000e+01  0.00000000e+00  8.11641503e+08  0.00000000e+00
 3.33000000e+01  0.00000000e+00  8.10427343e+08  0.00000000e+00
 3.34000000e+01  0.00000000e+00  8.09213184e+08  0.00000000e+00
 3.35000000e+01  0.00000000e+00  8.07999024e+08  0.00000000e+00
 3.36000000e+01  0.00000000e+00  8.06784865e+08  0.00000000e+00
 3.37000000e+01  0.00000000e+00  8.05570705e+08  0.00000000e+00
 3.38000000e+01  0.00000000e+00  8.04356546e+08  0.00000000e+00
 3.39000000e+01  0.00000000e+00  8.03142386e+08  0.00000000e+00
 3.40000000e+01  0.00000000e+00  8.01928227e+08  0.00000000e+00
 3.41000000e+01  0.00000000e+00  8.00714068e+08  0.00000000e+00
 3.42000000e+01  0.00000000e+00  7.99499908e+08  0.00000000e+00
 3.43000000e+01  0.00000000e+00  7.98285749e+08  0.00000000e+00
 3.44000000e+01  0.00000000e+00  7.97071589e+08  0.00000000e+00
 3.45000000e+01  0.00000000e+00  7.95857430e+08  0.00000000e+00
 3.46000000e+01  0.00000000e+00  7.94643270e+08  0.00000000e+00
 3.47000000e+01  0.00000000e+00  7.93429111e+08  0.00000000e+00
 3.48000000e+01  0.00000000e+00  7.92214951e+08  0.00000000e+00
 3.49000000e+01  0.00000000e+00  7.91000792e+08  0.00000000e+00
 3.50000000e+01  0.00000000e+00  7.89786632e+08  0.00000000e+00
 3.51000000e+01  0.00000000e+00  7.88572473e+08  0.00000000e+00
 3.52000000e+01  0.00000000e+00  7.87358314e+08  0.00000000e+00
 3.53000000e+01  0.00000000e+00  7.86144154e+08  0.00000000e+00
 3.54000000e+01  0.00000000e+00  7.84929995e+08  0.00000000e+00
 3.55000000e+01  0.00000000e+00  7.83715835e+08  0.00000000e+00
 3.56000000e+01  0.00000000e+00  7.82501676e+08  0.00000000e+00
 3.57000000e+01  0.00000000e+00  7.81287516e+08  0.00000000e+00
 3.58000000e+01  0.00000000e+00  7.80073357e+08  0.00000000e+00
 3.59000000e+01  0.00000000e+00  7.78859197e+08  0.00000000e+00
 3.60000000e+01  0.00000000e+00  7.77645038e+08  0.00000000e+00
 3.61000000e+01  0.00000000e+00  7.76430879e+08  0.00000000e+00
 3.62000000e+01  0.00000000e+00  7.75216719e+08  0.00000000e+00
 3.63000000e+01  0.00000000e+00  7.74002560e+08  0.00000000e+00
 3.64000000e+01  0.00000000e+00  7.72788400e+08  0.00000000e+00
 3.65000000e+01  0.00000000e+00  7.71574241e+08  0.00000000e+00
 3.66000000e+01  0.00000000e+00  7.70360081e+08  0.00000000e+00
 3.67000000e+01  0.00000000e+00  7.69145922e+08  0.00000000e+00
 3.68000000e+01  0.00000000e+00  7.67931762e+08  0.00000000e+00
 3.69000000e+01  0.00000000e+00  7.66717603e+08  0.00000000e+00
 3.70000000e+01  0.00000000e+00  7.65503444e+08  0.00000000e+00
 3.71000000e+01  0.00000000e+00  7.64289284e+08  0.00000000e+00
 3.72000000e+01  0.00000000e+00  7.63075125e+08  0.00000000e+00
 3.73000000e+01  0.00000000e+00  7.61860965e+08  0.00000000e+00
 3.74000000e+01  0.00000000e+00  7.60646806e+08  0.00000000e+00
 3.75000000e+01  0.00000000e+00  7.59432646e+08  0.00000000e+00
 3.76000000e+01  0.00000000e+00  7.58218487e+08  0.00000000e+00
 3.77000000e+01  0.00000000e+00  7.57004327e+08  0.00000000e+00
 3.78000000e+01  0.00000000e+00  7.55790168e+08  0.00000000e+00
 3.79000000e+01  0.00000000e+00  7.54576008e+08  0.00000000e+00
 3.80000000e+01  0.00000000e+00  7.53361849e+08  0.00000000e+00
 3.81000000e+01  0.00000000e+00  7.52147690e+08  0.00000000e+00
 3.82000000e+01  0.00000000e+00  7.50933530e+08  0.00000000e+00
 3.83000000e+01  0.00000000e+00  7.49719371e+08  0.00000000e+00
 3.84000000e+01  0.00000000e+00  7.48505211e+08  0.00000000e+00
 3.85000000e+01  0.00000000e+00  7.47291052e+08  0.00000000e+00
 3.86000000e+01  0.00000000e+00  7.46076892e+08  0.00000000e+00
 3.87000000e+01  0.00000000e+00  7.44862733e+08  0.00000000e+00
 3.88000000e+01  0.00000000e+00  7.43648573e+08  0.00000000e+00
 3.89000000e+01  0.00000000e+00  7.42434414e+08  0.00000000e+00
 3.90000000e+01  0.00000000e+00  7.41220254e+08  0.00000000e+00
 3.91000000e+01  0.00000000e+00  7.40006095e+08  0.00000000e+00
 3.92000000e+01  0.00000000e+00  7.38791936e+08  0.00000000e+00
 3.93000000e+01  0.00000000e+00  7.37577776e+08  0.00000000e+00
 3.94000000e+01  0.00000000e+00  7.36363617e+08  0.00000000e+00
 3.95000000e+01  0.00000000e+00  7.35149457e+08  0.00000000e+00
 3.96000000e+01  0.00000000e+00  7.33935298e+08  0.00000000e+00
 3.97000000e+01  0.00000000e+00  7.32721138e+08  0.00000000e+00
 3.98000000e+01  0.00000000e+00  7.31506979e+08  0.00000000e+00
 3.99000000e+01  0.00000000e+00  7.30292819e+08  0.00000000e+00
 4.00000000e+01  0.00000000e+00  7.29078660e+08  0.00000000e+00
 4.01000000e+01  0.00000000e+00  7.27864501e+08  0.00000000e+00
 4.02000000e+01  0.00000000e+00  7.26650341e+08  0.00000000e+00
 4.03000000e+01  0.00000000e+00  7.25436182e+08  0.00000000e+00
 4.04000000e+01  0.00000000e+00  7.24222022e+08  0.00000000e+00
 4.05000000e+01  0.00000000e+00  7.23007863e+08  0.00000000e+00
 4.06000000e+01  0.00000000e+00  7.21793703e+08  0.00000000e+00
 4.07000000e+01  0.00000000e+00  7.20579544e+08  0.00000000e+00
 4.08000000e+01  0.00000000e+00  7.19365384e+08  0.00000000e+00
 4.09000000e+01  0.00000000e+00  7.18151225e+08  0.00000000e+00
 4.10000000e+01  0.00000000e+00  7.16937066e+08  0.00000000e+00
 4.11000000e+01  0.00000000e+00  7.15722906e+08  0.00000000e+00
 4.12000000e+01  0.00000000e+00  7.14508747e+08  0.00000000e+00
 4.13000000e+01  0.00000000e+00  7.13294587e+08  0.00000000e+00
 4.14000000e+01  0.00000000e+00  7.12080428e+08  0.00000000e+00
 4.15000000e+01  0.00000000e+00  7.10866268e+08  0.00000000e+00
 4.16000000e+01  0.00000000e+00  7.09652109e+08  0.00000000e+00
 4.17000000e+01  0.00000000e+00  7.08437949e+08  0.00000000e+00
 4.18000000e+01  0.00000000e+00  7.07223790e+08  0.00000000e+00
 4.19000000e+01  0.00000000e+00  7.06009630e+08  0.00000000e+00
 4.20000000e+01  0.00000000e+00  7.04795471e+08  0.00000000e+00
 4.21000000e+01  0.00000000e+00  7.03581312e+08  0.00000000e+00
 4.22000000e+01  0.00000000e+00  7.02367152e+08  0.00000000e+00
 4.23000000e+01  0.00000000e+00  7.01152993e+08  0.00000000e+00
 4.24000000e+01  0.00000000e+00  6.99938833e+08  0.00000000e+00
 4.25000000e+01  0.00000000e+00  6.98724674e+08  0.00000000e+00
 4.26000000e+01  0.00000000e+00  6.97510514e+08  0.00000000e+00
 4.27000000e+01  0.00000000e+00  6.96296355e+08  0.00000000e+00
 4.28000000e+01  0.00000000e+00  6.95082195e+08  0.00000000e+00
 4.29000000e+01  0.00000000e+00  6.93868036e+08  0.00000000e+00
 4.30000000e+01  0.00000000e+00  6.92653876e+08  0.00000000e+00
 4.31000000e+01  0.00000000e+00  6.91439717e+08  0.00000000e+00
 4.32000000e+01  0.00000000e+00  6.90225558e+08  0.00000000e+00
 4.33000000e+01  0.00000000e+00  6.89011398e+08  0.00000000e+00
 4.34000000e+01  0.00000000e+00  6.87797239e+08  0.00000000e+00
 4.35000000e+01  0.00000000e+00  6.86583079e+08  0.00000000e+00
 4.36000000e+01  0.00000000e+00  6.85368920e+08  0.00000000e+00
 4.37000000e+01  0.00000000e+00  6.84154760e+08  0.00000000e+00
 4.38000000e+01  0.00000000e+00  6.82940601e+08  0.00000000e+00
 4.39000000e+01  0.00000000e+00  6.81726441e+08  0.00000000e+00
 4.40000000e+01  0.00000000e+00  6.80512282e+08  0.00000000e+00
 4.41000000e+01  0.00000000e+00  6.79298123e+08  0.00000000e+00
 4.42000000e+01  0.00000000e+00  6.78083963e+08  0.00000000e+00
 4.43000000e+01  0.00000000e+00  6.76869804e+08  0.00000000e+00
 4.44000000e+01  0.00000000e+00  6.75655644e+08  0.00000000e+00
 4.45000000e+01  0.00000000e+00  6.74441485e+08  0.00000000e+00
 4.46000000e+01  0.00000000e+00  6.73227325e+08  0.00000000e+00
 4.47000000e+01  0.00000000e+00  6.72013166e+08  0.00000000e+00
 4.48000000e+01  0.00000000e+00  6.70799006e+08  0.00000000e+00
 4.49000000e+01  0.00000000e+00  6.69584847e+08  0.00000000e+00
 4.50000000e+01  0.00000000e+00  6.68370688e+08  0.00000000e+00
 4.51000000e+01  0.00000000e+00  6.67156528e+08  0.00000000e+00
 4.52000000e+01  0.00000000e+00  6.65942369e+08  0.00000000e+00
 4.53000000e+01  0.00000000e+00  6.64728209e+08  0.00000000e+00
 4.54000000e+01  0.00000000e+00  6.63514050e+08  0.00000000e+00
 4.55000000e+01  0.00000000e+00  6.62299890e+08  0.00000000e+00
 4.56000000e+01  0.00000000e+00  6.61085731e+08  0.00000000e+00
 4.57000000e+01  0.00000000e+00  6.59871571e+08  0.00000000e+00
 4.58000000e+01  0.00000000e+00  6.58657412e+08  0.00000000e+00
 4.59000000e+01  0.00000000e+00  6.57443252e+08  0.00000000e+00
 4.60000000e+01  0.00000000e+00  6.56229093e+08  0.00000000e+00
 4.61000000e+01  0.00000000e+00  6.55014934e+08  0.00000000e+00
 4.62000000e+01  0.00000000e+00  6.53800774e+08  0.00000000e+00
 4.63000000e+01  0.00000000e+00  6.52586615e+08  0.00000000e+00
 4.64000000e+01  0.00000000e+00  6.51372455e+08  0.00000000e+00
 4.65000000e+01  0.00000000e+00  6.50158296e+08  0.00000000e+00
 4.66000000e+01  0.00000000e+00  6.48944136e+08  0.00000000e+00
 4.67000000e+01  0.00000000e+00  6.47729977e+08  0.00000000e+00
 4.68000000e+01  0.00000000e+00  6.46515817e+08  0.00000000e+00
 4.69000000e+01  0.00000000e+00  6.45301658e+08  0.00000000e+00
 4.70000000e+01  0.00000000e+00  6.44087498e+08  0.00000000e+00
 4.71000000e+01  0.00000000e+00  6.42873339e+08  0.00000000e+00
 4.72000000e+01  0.00000000e+00  6.41659180e+08  0.00000000e+00
 4.73000000e+01  0.00000000e+00  6.40445020e+08  0.00000000e+00
 4.74000000e+01  0.00000000e+00  6.39230861e+08  0.00000000e+00
 4.75000000e+01  0.00000000e+00  6.38016701e+08  0.00000000e+00
 4.76000000e+01  0.00000000e+00  6.36802542e+08  0.00000000e+00
 4.77000000e+01  0.00000000e+00  6.35588382e+08  0.00000000e+00
 4.78000000e+01  0.00000000e+00  6.34374223e+08  0.00000000e+00
 4.79000000e+01  0.00000000e+00  6.33160063e+08  0.00000000e+00
 4.80000000e+01  0.00000000e+00  6.31945904e+08  0.00000000e+00
 4.81000000e+01  0.00000000e+00  6.30731745e+08  0.00000000e+00
 4.82000000e+01  0.00000000e+00  6.29517585e+08  0.00000000e+00
 4.83000000e+01  0.00000000e+00  6.28303426e+08  0.00000000e+00
 4.84000000e+01  0.00000000e+00  6.27089266e+08  0.00000000e+00
 4.85000000e+01  0.00000000e+00  6.25875107e+08  0.00000000e+00
 4.86000000e+01  0.00000000e+00  6.24660947e+08  0.00000000e+00
 4.87000000e+01  0.00000000e+00  6.23446788e+08  0.00000000e+00
 4.88000000e+01  0.00000000e+00  6.22232628e+08  0.00000000e+00
 4.89000000e+01  0.00000000e+00  6.21018469e+08  0.00000000e+00
 4.90000000e+01  0.00000000e+00  6.19804310e+08  0.00000000e+00
 4.91000000e+01  0.00000000e+00  6.18590150e+08  0.00000000e+00
 4.92000000e+01  0.00000000e+00  6.17375991e+08  0.00000000e+00
 4.93000000e+01  0.00000000e+00  6.16161831e+08  0.00000000e+00
 4.94000000e+01  0.00000000e+00  6.14947672e+08  0.00000000e+00
 4.95000000e+01  0.00000000e+00  6.13733512e+08  0.00000000e+00
 4.96000000e+01  0.00000000e+00  6.12519353e+08  0.00000000e+00
 4.97000000e+01  0.00000000e+00  6.11305193e+08  0.00000000e+00
 4.98000000e+01  0.00000000e+00  6.10091034e+08  0.00000000e+00
 4.99000000e+01  0.00000000e+00  6.08876874e+08  0.00000000e+00
 5.00000000e+01  0.00000000e+00  6.07662715e+08  0.00000000e+00
