# energy(MeV) dYield(atoms/MeV/s) photonFlux(photons/MeV/uA/s) crossSection(mb)
# 501 4
# 501 4
 0.00000000e+00  0.00000000e+00  1.71036000e+14  0.00000000e+00
 1.00000000e-01  0.00000000e+00  1.67420400e+14  0.00000000e+00
 2.00000000e-01  0.00000000e+00  1.63804800e+14  0.00000000e+00
 3.00000000e-01  0.00000000e+00  1.60189200e+14  0.00000000e+00
 4.00000000e-01  0.00000000e+00  1.56573600e+14  0.00000000e+00
 5.00000000e-01  0.00000000e+00  1.52958000e+14  0.00000000e+00
 6.00000000e-01  0.00000000e+00  1.43396100e+14  0.00000000e+00
 7.00000000e-01  0.00000000e+00  1.33834200e+14  0.00000000e+00
 8.00000000e-01  0.00000000e+00  1.24272300e+14  0.00000000e+00
 9.00000000e-01  0.00000000e+00  1.14710400e+14  0.00000000e+00
 1.00000000e+00  0.00000000e+00  1.05148500e+14  0.00000000e+00
 1.10000000e+00  0.00000000e+00  9.69192000e+13  0.00000000e+00
 1.20000000e+00  0.00000000e+00  8.86899000e+13  0.00000000e+00
 1.30000000e+00  0.00000000e+00  8.04606000e+13  0.00000000e+00
 1.40000000e+00  0.00000000e+00  7.22313000e+13  0.00000000e+00
 1.50000000e+00  0.00000000e+00  6.40020000e+13  0.00000000e+00
 1.60000000e+00  0.00000000e+00  6.04317000e+13  0.00000000e+00
 1.70000000e+00  0.00000000e+00  5.68614000e+13  0.00000000e+00
 1.80000000e+00  0.00000000e+00  5.32911000e+13  0.00000000e+00
 1.90000000e+00  0.00000000e+00  4.97208000e+13  0.00000000e+00
 2.00000000e+00  0.00000000e+00  4.61505000e+13  0.00000000e+00
 2.10000000e+00  0.00000000e+00  4.40436000e+13  0.00000000e+00
 2.20000000e+00  0.00000000e+00  4.19367000e+13  0.00000000e+00
 2.30000000e+00  0.00000000e+00  3.98298000e+13  0.00000000e+00
 2.40000000e+00  0.00000000e+00  3.77229000e+13  0.00000000e+00
 2.50000000e+00  0.00000000e+00  3.56160000e+13  0.00000000e+00
 2.60000000e+00  0.00000000e+00  3.42283800e+13  0.00000000e+00
 2.70000000e+00  0.00000000e+00  3.28407600e+13  0.00000000e+00
 2.80000000e+00  0.00000000e+00  3.14531400e+13  0.00000000e+00
 2.90000000e+00  0.00000000e+00  3.00655200e+13  0.00000000e+00
 3.00000000e+00  0.00000000e+00  2.86779000e+13  0.00000000e+00
 3.10000000e+00  0.00000000e+00  2.77052700e+13  0.00000000e+00
 3.20000000e+00  0.00000000e+00  2.67326400e+13  0.00000000e+00
 3.30000000e+00  0.00000000e+00  2.57600100e+13  0.00000000e+00
 3.40000000e+00  0.00000000e+00  2.47873800e+13  0.00000000e+00
 3.50000000e+00  0.00000000e+00  2.38147500e+13  0.00000000e+00
 3.60000000e+00  0.00000000e+00  2.30964000e+13  0.00000000e+00
 3.70000000e+00  0.00000000e+00  2.23780500e+13  0.00000000e+00
 3.80000000e+00  0.00000000e+00  2.16597000e+13  0.00000000e+00
 3.90000000e+00  0.00000000e+00  2.09413500e+13  0.00000000e+00
 4.00000000e+00  0.00000000e+00  2.02230000e+13  0.00000000e+00
 4.10000000e+00  0.00000000e+00  1.96695600e+13  0.00000000e+00
 4.20000000e+00  0.00000000e+00  1.91161200e+13  0.00000000e+00
 4.30000000e+00  0.00000000e+00  1.85626800e+13  0.00000000e+00
 4.40000000e+00  0.00000000e+00  1.80092400e+13  0.00000000e+00
 4.50000000e+00  0.00000000e+00  1.74558000e+13  0.00000000e+00
 4.60000000e+00  0.00000000e+00  1.70158200e+13  0.00000000e+00
 4.70000000e+00  0.00000000e+00  1.65758400e+13  0.00000000e+00
 4.80000000e+00  0.00000000e+00  1.61358600e+13  0.00000000e+00
 4.90000000e+00  0.00000000e+00  1.56958800e+13  0.00000000e+00
 5.00000000e+00  0.00000000e+00  1.52559000e+13  0.00000000e+00
 5.10000000e+00  0.00000000e+00  1.49000100e+13  0.00000000e+00
 5.20000000e+00  0.00000000e+00  1.45441200e+13  0.00000000e+00
 5.30000000e+00  0.00000000e+00  1.41882300e+13  0.00000000e+00
 5.40000000e+00  0.00000000e+00  1.38323400e+13  0.00000000e+00
 5.50000000e+00  0.00000000e+00  1.34764500e+13  0.00000000e+00
 5.60000000e+00  0.00000000e+00  1.31891400e+13  0.00000000e+00
 5.70000000e+00  0.00000000e+00  1.29018300e+13  0.00000000e+00
 5.80000000e+00  0.00000000e+00  1.26145200e+13  0.00000000e+00
 5.90000000e+00  0.00000000e+00  1.23272100e+13  0.00000000e+00
 6.00000000e+00  0.00000000e+00  1.20399000e+13  0.00000000e+00
 6.10000000e+00  0.00000000e+00  1.17966900e+13  0.00000000e+00
 6.20000000e+00  0.00000000e+00  1.15534800e+13  0.00000000e+00
 6.30000000e+00  0.00000000e+00  1.13102700e+13  0.00000000e+00
 6.40000000e+00  0.00000000e+00  1.10670600e+13  0.00000000e+00
 6.50000000e+00  1.25957903e+09  1.08238500e+13  1.17167600e-26
 6.60000000e+00  1.34197298e+09  1.06185600e+13  1.27245380e-26
 6.70000000e+00  1.42025733e+09  1.04132700e+13  1.37323160e-26
 6.80000000e+00  1.49443209e+09  1.02079800e+13  1.47400940e-26
 6.90000000e+00  1.56449726e+09  1.00026900e+13  1.57478720e-26
 7.00000000e+00  1.63045284e+09  9.79740000e+12  1.67556500e-26
 7.10000000e+00  1.70448048e+09  9.62130000e+12  1.78370140e-26
 7.20000000e+00  1.77472546e+09  9.44520000e+12  1.89183780e-26
 7.30000000e+00  1.84118778e+09  9.26910000e+12  1.99997420e-26
 7.40000000e+00  1.90386743e+09  9.09300000e+12  2.10811060e-26
 7.50000000e+00  1.96276443e+09  8.91690000e+12  2.21624700e-26
 7.60000000e+00  2.06070053e+09  8.76324000e+12  2.36763120e-26
 7.70000000e+00  2.15401593e+09  8.60958000e+12  2.51901540e-26
 7.80000000e+00  2.24271063e+09  8.45592000e+12  2.67039960e-26
 7.90000000e+00  2.32678464e+09  8.30226000e+12  2.82178380e-26
 8.00000000e+00  2.40623795e+09  8.14860000e+12  2.97316800e-26
 8.10000000e+00  2.53980948e+09  8.01138000e+12  3.19196180e-26
 8.20000000e+00  2.66741727e+09  7.87416000e+12  3.41075560e-26
 8.30000000e+00  2.78906132e+09  7.73694000e+12  3.62954940e-26
 8.40000000e+00  2.90474163e+09  7.59972000e+12  3.84834320e-26
 8.50000000e+00  3.01445821e+09  7.46250000e+12  4.06713700e-26
 8.60000000e+00  3.20109145e+09  7.34562000e+12  4.38766540e-26
 8.70000000e+00  3.38028297e+09  7.22874000e+12  4.70819380e-26
 8.80000000e+00  3.55203278e+09  7.11186000e+12  5.02872220e-26
 8.90000000e+00  3.71634088e+09  6.99498000e+12  5.34925060e-26
 9.00000000e+00  3.87320727e+09  6.87810000e+12  5.66977900e-26
 9.10000000e+00  4.13304581e+09  6.77484000e+12  6.14235700e-26
 9.20000000e+00  4.38319105e+09  6.67158000e+12  6.61493500e-26
 9.30000000e+00  4.62364299e+09  6.56832000e+12  7.08751300e-26
 9.40000000e+00  4.85440163e+09  6.46506000e+12  7.56009100e-26
 9.50000000e+00  5.07546696e+09  6.36180000e+12  8.03266900e-26
 9.60000000e+00  5.43428357e+09  6.26688000e+12  8.73081520e-26
 9.70000000e+00  5.77993671e+09  6.17196000e+12  9.42896140e-26
 9.80000000e+00  6.11242638e+09  6.07704000e+12  1.01271076e-25
 9.90000000e+00  6.43175259e+09  5.98212000e+12  1.08252538e-25
 1.00000000e+01  6.73791533e+09  5.88720000e+12  1.15234000e-25
 1.01000000e+01  7.24221195e+09  5.80902000e+12  1.25525580e-25
 1.02000000e+01  7.73052609e+09  5.73084000e+12  1.35817160e-25
 1.03000000e+01  8.20285777e+09  5.65266000e+12  1.46108740e-25
 1.04000000e+01  8.65920699e+09  5.57448000e+12  1.56400320e-25
 1.05000000e+01  9.09957373e+09  5.49630000e+12  1.66691900e-25
 1.06000000e+01  9.76289162e+09  5.42307000e+12  1.81257980e-25
 1.07000000e+01  1.04050211e+10  5.34984000e+12  1.95824060e-25
 1.08000000e+01  1.10259622e+10  5.27661000e+12  2.10390140e-25
 1.09000000e+01  1.16257150e+10  5.20338000e+12  2.24956220e-25
 1.10000000e+01  1.22042793e+10  5.13015000e+12  2.39522300e-25
 1.11000000e+01  1.28440510e+10  5.06052000e+12  2.55546980e-25
 1.12000000e+01  1.34616584e+10  4.99089000e+12  2.71571660e-25
 1.13000000e+01  1.40571017e+10  4.92126000e+12  2.87596340e-25
 1.14000000e+01  1.46303808e+10  4.85163000e+12  3.03621020e-25
 1.15000000e+01  1.51814957e+10  4.78200000e+12  3.19645700e-25
 1.16000000e+01  1.45913882e+10  4.71948000e+12  3.11290840e-25
 1.17000000e+01  1.40116567e+10  4.65696000e+12  3.02935980e-25
 1.18000000e+01  1.34423010e+10  4.59444000e+12  2.94581120e-25
 1.19000000e+01  1.28833211e+10  4.53192000e+12  2.86226260e-25
 1.20000000e+01  1.23347172e+10  4.46940000e+12  2.77871400e-25
 1.21000000e+01  1.14932877e+10  4.41381000e+12  2.62176960e-25
 1.22000000e+01  1.06691887e+10  4.35822000e+12  2.46482520e-25
 1.23000000e+01  9.86242008e+09  4.30263000e+12  2.30788080e-25
 1.24000000e+01  9.07298186e+09  4.24704000e+12  2.15093640e-25
 1.25000000e+01  8.30087403e+09  4.19145000e+12  1.99399200e-25
 1.26000000e+01  7.70694555e+09  4.14285000e+12  1.87303960e-25
 1.27000000e+01  7.12469367e+09  4.09425000e+12  1.75208720e-25
 1.28000000e+01  6.55411841e+09  4.04565000e+12  1.63113480e-25
 1.29000000e+01  5.99521977e+09  3.99705000e+12  1.51018240e-25
 1.30000000e+01  5.44799773e+09  3.94845000e+12  1.38923000e-25
 1.31000000e+01  5.06741507e+09  3.90192000e+12  1.30759122e-25
 1.32000000e+01  4.69437804e+09  3.85539000e+12  1.22595244e-25
 1.33000000e+01  4.32888665e+09  3.80886000e+12  1.14431366e-25
 1.34000000e+01  3.97094089e+09  3.76233000e+12  1.06267488e-25
 1.35000000e+01  3.62054076e+09  3.71580000e+12  9.81036100e-26
 1.36000000e+01  3.41113814e+09  3.67128000e+12  9.35504060e-26
 1.37000000e+01  3.20576211e+09  3.62676000e+12  8.89972020e-26
 1.38000000e+01  3.00441269e+09  3.58224000e+12  8.44439980e-26
 1.39000000e+01  2.80708987e+09  3.53772000e+12  7.98907940e-26
 1.40000000e+01  2.61379364e+09  3.49320000e+12  7.53375900e-26
 1.41000000e+01  2.48452372e+09  3.45456000e+12  7.24126240e-26
 1.42000000e+01  2.35749884e+09  3.41592000e+12  6.94876580e-26
 1.43000000e+01  2.23271900e+09  3.37728000e+12  6.65626920e-26
 1.44000000e+01  2.11018420e+09  3.33864000e+12  6.36377260e-26
 1.45000000e+01  1.98989444e+09  3.30000000e+12  6.07127600e-26
 1.46000000e+01  1.88625379e+09  3.26601000e+12  5.81495680e-26
 1.47000000e+01  1.78434374e+09  3.23202000e+12  5.55863760e-26
 1.48000000e+01  1.68416431e+09  3.19803000e+12  5.30231840e-26
 1.49000000e+01  1.58571548e+09  3.16404000e+12  5.04599920e-26
 1.50000000e+01  1.48899725e+09  3.13005000e+12  4.78968000e-26
 1.51000000e+01  1.40251698e+09  3.09642900e+12  4.56048340e-26
 1.52000000e+01  1.31756739e+09  3.06280800e+12  4.33128680e-26
 1.53000000e+01  1.23414848e+09  3.02918700e+12  4.10209020e-26
 1.54000000e+01  1.15226025e+09  2.99556600e+12  3.87289360e-26
 1.55000000e+01  1.07190271e+09  2.96194500e+12  3.64369700e-26
 1.56000000e+01  1.00511972e+09  2.93194200e+12  3.45164640e-26
 1.57000000e+01  9.39481323e+08  2.90193900e+12  3.25959580e-26
 1.58000000e+01  8.74987503e+08  2.87193600e+12  3.06754520e-26
 1.59000000e+01  8.11638264e+08  2.84193300e+12  2.87549460e-26
 1.60000000e+01  7.49433606e+08  2.81193000e+12  2.68344400e-26
 1.61000000e+01  7.03330954e+08  2.78423400e+12  2.54341880e-26
 1.62000000e+01  6.57998655e+08  2.75653800e+12  2.40339360e-26
 1.63000000e+01  6.13436708e+08  2.72884200e+12  2.26336840e-26
 1.64000000e+01  5.69645114e+08  2.70114600e+12  2.12334320e-26
 1.65000000e+01  5.26623872e+08  2.67345000e+12  1.98331800e-26
 1.66000000e+01  4.94973020e+08  2.64495600e+12  1.88419980e-26
 1.67000000e+01  4.63883182e+08  2.61646200e+12  1.78508160e-26
 1.68000000e+01  4.33354356e+08  2.58796800e+12  1.68596340e-26
 1.69000000e+01  4.03386544e+08  2.55947400e+12  1.58684520e-26
 1.70000000e+01  3.73979744e+08  2.53098000e+12  1.48772700e-26
 1.71000000e+01  3.53454791e+08  2.50330800e+12  1.42161980e-26
 1.72000000e+01  3.33293213e+08  2.47563600e+12  1.35551260e-26
 1.73000000e+01  3.13495011e+08  2.44796400e+12  1.28940540e-26
 1.74000000e+01  2.94060184e+08  2.42029200e+12  1.22329820e-26
 1.75000000e+01  2.74988732e+08  2.39262000e+12  1.15719100e-26
 1.76000000e+01  2.61015501e+08  2.36768700e+12  1.10995632e-26
 1.77000000e+01  2.47276209e+08  2.34275400e+12  1.06272164e-26
 1.78000000e+01  2.33770856e+08  2.31782100e+12  1.01548696e-26
 1.79000000e+01  2.20499440e+08  2.29288800e+12  9.68252280e-27
 1.80000000e+01  2.07461964e+08  2.26795500e+12  9.21017600e-27
 1.81000000e+01  1.97896496e+08  2.24716500e+12  8.86680220e-27
 1.82000000e+01  1.88472832e+08  2.22637500e+12  8.52342840e-27
 1.83000000e+01  1.79190971e+08  2.20558500e+12  8.18005460e-27
 1.84000000e+01  1.70050915e+08  2.18479500e+12  7.83668080e-27
 1.85000000e+01  1.61052662e+08  2.16400500e+12  7.49330700e-27
 1.86000000e+01  1.54170810e+08  2.14348200e+12  7.24179440e-27
 1.87000000e+01  1.47391491e+08  2.12295900e+12  6.99028180e-27
 1.88000000e+01  1.40714706e+08  2.10243600e+12  6.73876920e-27
 1.89000000e+01  1.34140455e+08  2.08191300e+12  6.48725660e-27
 1.90000000e+01  1.27668738e+08  2.06139000e+12  6.23574400e-27
 1.91000000e+01  1.22533582e+08  2.04179400e+12  6.04236680e-27
 1.92000000e+01  1.17473700e+08  2.02219800e+12  5.84898960e-27
 1.93000000e+01  1.12489091e+08  2.00260200e+12  5.65561240e-27
 1.94000000e+01  1.07579754e+08  1.98300600e+12  5.46223520e-27
 1.95000000e+01  1.02745690e+08  1.96341000e+12  5.26885800e-27
 1.96000000e+01  9.88480831e+07  1.94586000e+12  5.11470440e-27
 1.97000000e+01  9.50042157e+07  1.92831000e+12  4.96055080e-27
 1.98000000e+01  9.12140882e+07  1.91076000e+12  4.80639720e-27
 1.99000000e+01  8.74777006e+07  1.89321000e+12  4.65224360e-27
 2.00000000e+01  8.37950529e+07  1.87566000e+12  4.49809000e-27
 2.01000000e+01  8.09398602e+07  1.85772300e+12  4.38677510e-27
 2.02000000e+01  7.81243289e+07  1.83978600e+12  4.27546020e-27
 2.03000000e+01  7.53484591e+07  1.82184900e+12  4.16414530e-27
 2.04000000e+01  7.26122509e+07  1.80391200e+12  4.05283040e-27
 2.05000000e+01  6.99157042e+07  1.78597500e+12  3.94151550e-27
 2.06000000e+01  6.72744540e+07  1.76844900e+12  3.83020060e-27
 2.07000000e+01  6.46719566e+07  1.75092300e+12  3.71888570e-27
 2.08000000e+01  6.21082118e+07  1.73339700e+12  3.60757080e-27
 2.09000000e+01  5.95832198e+07  1.71587100e+12  3.49625590e-27
 2.10000000e+01  5.70969806e+07  1.69834500e+12  3.38494100e-27
 2.11000000e+01  5.52960442e+07  1.68191700e+12  3.31019350e-27
 2.12000000e+01  5.35194999e+07  1.66548900e+12  3.23544600e-27
 2.13000000e+01  5.17673475e+07  1.64906100e+12  3.16069850e-27
 2.14000000e+01  5.00395872e+07  1.63263300e+12  3.08595100e-27
 2.15000000e+01  4.83362189e+07  1.61620500e+12  3.01120350e-27
 2.16000000e+01  4.66687043e+07  1.60017000e+12  2.93645600e-27
 2.17000000e+01  4.50249983e+07  1.58413500e+12  2.86170850e-27
 2.18000000e+01  4.34051007e+07  1.56810000e+12  2.78696100e-27
 2.19000000e+01  4.18090116e+07  1.55206500e+12  2.71221350e-27
 2.20000000e+01  4.02367310e+07  1.53603000e+12  2.63746600e-27
 2.21000000e+01  3.90186482e+07  1.52075700e+12  2.58330850e-27
 2.22000000e+01  3.78169958e+07  1.50548400e+12  2.52915100e-27
 2.23000000e+01  3.66317739e+07  1.49021100e+12  2.47499350e-27
 2.24000000e+01  3.54629823e+07  1.47493800e+12  2.42083600e-27
 2.25000000e+01  3.43106213e+07  1.45966500e+12  2.36667850e-27
 2.26000000e+01  3.32585465e+07  1.44804300e+12  2.31252100e-27
 2.27000000e+01  3.22189745e+07  1.43642100e+12  2.25836350e-27
 2.28000000e+01  3.11919053e+07  1.42479900e+12  2.20420600e-27
 2.29000000e+01  3.01773388e+07  1.41317700e+12  2.15004850e-27
 2.30000000e+01  2.91752751e+07  1.40155500e+12  2.09589100e-27
 2.31000000e+01  2.83572113e+07  1.38803100e+12  2.05697130e-27
 2.32000000e+01  2.75496030e+07  1.37450700e+12  2.01805160e-27
 2.33000000e+01  2.67524500e+07  1.36098300e+12  1.97913190e-27
 2.34000000e+01  2.59657525e+07  1.34745900e+12  1.94021220e-27
 2.35000000e+01  2.51895103e+07  1.33393500e+12  1.90129250e-27
 2.36000000e+01  2.44234461e+07  1.32039600e+12  1.86237280e-27
 2.37000000e+01  2.36678489e+07  1.30685700e+12  1.82345310e-27
 2.38000000e+01  2.29227187e+07  1.29331800e+12  1.78453340e-27
 2.39000000e+01  2.21880555e+07  1.27977900e+12  1.74561370e-27
 2.40000000e+01  2.14638593e+07  1.26624000e+12  1.70669400e-27
 2.41000000e+01  2.08811336e+07  1.25523000e+12  1.67492220e-27
 2.42000000e+01  2.03053564e+07  1.24422000e+12  1.64315040e-27
 2.43000000e+01  1.97365278e+07  1.23321000e+12  1.61137860e-27
 2.44000000e+01  1.91746478e+07  1.22220000e+12  1.57960680e-27
 2.45000000e+01  1.86197164e+07  1.21119000e+12  1.54783500e-27
 2.46000000e+01  1.80492376e+07  1.19868600e+12  1.51606320e-27
 2.47000000e+01  1.74866502e+07  1.18618200e+12  1.48429140e-27
 2.48000000e+01  1.69319543e+07  1.17367800e+12  1.45251960e-27
 2.49000000e+01  1.63851498e+07  1.16117400e+12  1.42074780e-27
 2.50000000e+01  1.58462368e+07  1.14867000e+12  1.38897600e-27
 2.51000000e+01  1.54210894e+07  1.13742000e+12  1.36507990e-27
 2.52000000e+01  1.50012820e+07  1.12617000e+12  1.34118380e-27
 2.53000000e+01  1.45868147e+07  1.11492000e+12  1.31728770e-27
 2.54000000e+01  1.41776874e+07  1.10367000e+12  1.29339160e-27
 2.55000000e+01  1.37739001e+07  1.09242000e+12  1.26949550e-27
 2.56000000e+01  1.33877377e+07  1.08216300e+12  1.24559940e-27
 2.57000000e+01  1.30064439e+07  1.07190600e+12  1.22170330e-27
 2.58000000e+01  1.26300188e+07  1.06164900e+12  1.19780720e-27
 2.59000000e+01  1.22584624e+07  1.05139200e+12  1.17391110e-27
 2.60000000e+01  1.18917747e+07  1.04113500e+12  1.15001500e-27
 2.61000000e+01  1.15743363e+07  1.02955500e+12  1.13190616e-27
 2.62000000e+01  1.12610634e+07  1.01797500e+12  1.11379732e-27
 2.63000000e+01  1.09519559e+07  1.00639500e+12  1.09568848e-27
 2.64000000e+01  1.06470140e+07  9.94815000e+11  1.07757964e-27
 2.65000000e+01  1.03462375e+07  9.83235000e+11  1.05947080e-27
 2.66000000e+01  1.00595866e+07  9.72618000e+11  1.04136196e-27
 2.67000000e+01  9.77675479e+06  9.62001000e+11  1.02325312e-27
 2.68000000e+01  9.49774206e+06  9.51384000e+11  1.00514428e-27
 2.69000000e+01  9.22254841e+06  9.40767000e+11  9.87035440e-28
 2.70000000e+01  8.95117383e+06  9.30150000e+11  9.68926600e-28
 2.71000000e+01  8.73888876e+06  9.21516000e+11  9.54810550e-28
 2.72000000e+01  8.52902467e+06  9.12882000e+11  9.40694500e-28
 2.73000000e+01  8.32158156e+06  9.04248000e+11  9.26578450e-28
 2.74000000e+01  8.11655943e+06  8.95614000e+11  9.12462400e-28
 2.75000000e+01  7.91395829e+06  8.86980000e+11  8.98346350e-28
 2.76000000e+01  7.70756035e+06  8.77638000e+11  8.84230300e-28
 2.77000000e+01  7.50378192e+06  8.68296000e+11  8.70114250e-28
 2.78000000e+01  7.30262299e+06  8.58954000e+11  8.55998200e-28
 2.79000000e+01  7.10408356e+06  8.49612000e+11  8.41882150e-28
 2.80000000e+01  6.90816364e+06  8.40270000e+11  8.27766100e-28
 2.81000000e+01  6.73508439e+06  8.31774000e+11  8.15270220e-28
 2.82000000e+01  6.56411399e+06  8.23278000e+11  8.02774340e-28
 2.83000000e+01  6.39525245e+06  8.14782000e+11  7.90278460e-28
 2.84000000e+01  6.22849977e+06  8.06286000e+11  7.77782580e-28
 2.85000000e+01  6.06385595e+06  7.97790000e+11  7.65286700e-28
 2.86000000e+01  5.90304811e+06  7.89525000e+11  7.52790820e-28
 2.87000000e+01  5.74429179e+06  7.81260000e+11  7.40294940e-28
 2.88000000e+01  5.58758698e+06  7.72995000e+11  7.27799060e-28
 2.89000000e+01  5.43293370e+06  7.64730000e+11  7.15303180e-28
 2.90000000e+01  5.28033194e+06  7.56465000e+11  7.02807300e-28
 2.91000000e+01  5.14929275e+06  7.47354000e+11  6.93721410e-28
 2.92000000e+01  5.01989793e+06  7.38243000e+11  6.84635520e-28
 2.93000000e+01  4.89214748e+06  7.29132000e+11  6.75549630e-28
 2.94000000e+01  4.76604141e+06  7.20021000e+11  6.66463740e-28
 2.95000000e+01  4.64157970e+06  7.10910000e+11  6.57377850e-28
 2.96000000e+01  4.51941912e+06  7.01901000e+11  6.48291960e-28
 2.97000000e+01  4.39888451e+06  6.92892000e+11  6.39206070e-28
 2.98000000e+01  4.27997585e+06  6.83883000e+11  6.30120180e-28
 2.99000000e+01  4.16269316e+06  6.74874000e+11  6.21034290e-28
 3.00000000e+01  4.04703642e+06  6.65865000e+11  6.11948400e-28
 3.01000000e+01  3.95267259e+06  6.57465000e+11  6.05315900e-28
 3.02000000e+01  3.85941543e+06  6.49065000e+11  5.98683400e-28
 3.03000000e+01  3.76726496e+06  6.40665000e+11  5.92050900e-28
 3.04000000e+01  3.67622117e+06  6.32265000e+11  5.85418400e-28
 3.05000000e+01  3.58628406e+06  6.23865000e+11  5.78785900e-28
 3.06000000e+01  3.50246570e+06  6.16347000e+11  5.72153400e-28
 3.07000000e+01  3.41963783e+06  6.08829000e+11  5.65520900e-28
 3.08000000e+01  3.33780043e+06  6.01311000e+11  5.58888400e-28
 3.09000000e+01  3.25695351e+06  5.93793000e+11  5.52255900e-28
 3.10000000e+01  3.17709708e+06  5.86275000e+11  5.45623400e-28
 3.11000000e+01  3.09651273e+06  5.78436000e+11  5.38990900e-28
 3.12000000e+01  3.01696115e+06  5.70597000e+11  5.32358400e-28
 3.13000000e+01  2.93844234e+06  5.62758000e+11  5.25725900e-28
 3.14000000e+01  2.86095630e+06  5.54919000e+11  5.19093400e-28
 3.15000000e+01  2.78450303e+06  5.47080000e+11  5.12460900e-28
 3.16000000e+01  2.70917297e+06  5.39259000e+11  5.05828400e-28
 3.17000000e+01  2.63487330e+06  5.31438000e+11  4.99195900e-28
 3.18000000e+01  2.56160403e+06  5.23617000e+11  4.92563400e-28
 3.19000000e+01  2.48936517e+06  5.15796000e+11  4.85930900e-28
 3.20000000e+01  2.41815670e+06  5.07975000e+11  4.79298400e-28
 3.21000000e+01  2.35140114e+06  4.99200000e+11  4.74259485e-28
 3.22000000e+01  2.28552389e+06  4.90425000e+11  4.69220570e-28
 3.23000000e+01  2.22052496e+06  4.81650000e+11  4.64181655e-28
 3.24000000e+01  2.15640434e+06  4.72875000e+11  4.59142740e-28
 3.25000000e+01  2.09316204e+06  4.64100000e+11  4.54103825e-28
 3.26000000e+01  2.03644455e+06  4.56591000e+11  4.49064910e-28
 3.27000000e+01  1.98047866e+06  4.49082000e+11  4.44025995e-28
 3.28000000e+01  1.92526436e+06  4.41573000e+11  4.38987080e-28
 3.29000000e+01  1.87080166e+06  4.34064000e+11  4.33948165e-28
 3.30000000e+01  1.81709056e+06  4.26555000e+11  4.28909250e-28
 3.31000000e+01  1.76574764e+06  4.19430000e+11  4.23870335e-28
 3.32000000e+01  1.71511789e+06  4.12305000e+11  4.18831420e-28
 3.33000000e+01  1.66520130e+06  4.05180000e+11  4.13792505e-28
 3.34000000e+01  1.61599788e+06  3.98055000e+11  4.08753590e-28
 3.35000000e+01  1.56750761e+06  3.90930000e+11  4.03714675e-28
 3.36000000e+01  1.51758042e+06  3.83262000e+11  3.98675760e-28
 3.37000000e+01  1.46842074e+06  3.75594000e+11  3.93636845e-28
 3.38000000e+01  1.42002858e+06  3.67926000e+11  3.88597930e-28
 3.39000000e+01  1.37240392e+06  3.60258000e+11  3.83559015e-28
 3.40000000e+01  1.32554678e+06  3.52590000e+11  3.78520100e-28
 3.41000000e+01  1.28905554e+06  3.45954000e+11  3.75160540e-28
 3.42000000e+01  1.25300715e+06  3.39318000e+11  3.71800980e-28
 3.43000000e+01  1.21740161e+06  3.32682000e+11  3.68441420e-28
 3.44000000e+01  1.18223892e+06  3.26046000e+11  3.65081860e-28
 3.45000000e+01  1.14751908e+06  3.19410000e+11  3.61722300e-28
 3.46000000e+01  1.10882683e+06  3.11533500e+11  3.58362740e-28
 3.47000000e+01  1.07066021e+06  3.03657000e+11  3.55003180e-28
 3.48000000e+01  1.03301922e+06  2.95780500e+11  3.51643620e-28
 3.49000000e+01  9.95903868e+05  2.87904000e+11  3.48284060e-28
 3.50000000e+01  9.59314146e+05  2.80027500e+11  3.44924500e-28
 3.51000000e+01  9.25263117e+05  2.72744400e+11  3.41564940e-28
 3.52000000e+01  8.91698119e+05  2.65461300e+11  3.38205380e-28
 3.53000000e+01  8.58619154e+05  2.58178200e+11  3.34845820e-28
 3.54000000e+01  8.26026220e+05  2.50895100e+11  3.31486260e-28
 3.55000000e+01  7.93919319e+05  2.43612000e+11  3.28126700e-28
 3.56000000e+01  7.65306950e+05  2.37261600e+11  3.24767140e-28
 3.57000000e+01  7.37118371e+05  2.30911200e+11  3.21407580e-28
 3.58000000e+01  7.09353580e+05  2.24560800e+11  3.18048020e-28
 3.59000000e+01  6.82012578e+05  2.18210400e+11  3.14688460e-28
 3.60000000e+01  6.55095366e+05  2.11860000e+11  3.11328900e-28
 3.61000000e+01  6.29401897e+05  2.05301400e+11  3.08673975e-28
 3.62000000e+01  6.04054312e+05  1.98742800e+11  3.06019050e-28
 3.63000000e+01  5.79052610e+05  1.92184200e+11  3.03364125e-28
 3.64000000e+01  5.54396791e+05  1.85625600e+11  3.00709200e-28
 3.65000000e+01  5.30086855e+05  1.79067000e+11  2.98054275e-28
 3.66000000e+01  5.05357935e+05  1.72247700e+11  2.95399350e-28
 3.67000000e+01  4.80988646e+05  1.65428400e+11  2.92744425e-28
 3.68000000e+01  4.56978989e+05  1.58609100e+11  2.90089500e-28
 3.69000000e+01  4.33328964e+05  1.51789800e+11  2.87434575e-28
 3.70000000e+01  4.10038570e+05  1.44970500e+11  2.84779650e-28
 3.71000000e+01  3.85931785e+05  1.37731500e+11  2.82124725e-28
 3.72000000e+01  3.62206765e+05  1.30492500e+11  2.79469800e-28
 3.73000000e+01  3.38863511e+05  1.23253500e+11  2.76814875e-28
 3.74000000e+01  3.15902023e+05  1.16014500e+11  2.74159950e-28
 3.75000000e+01  2.93322300e+05  1.08775500e+11  2.71505025e-28
 3.76000000e+01  2.73003641e+05  1.02240300e+11  2.68850100e-28
 3.77000000e+01  2.53029631e+05  9.57051000e+10  2.66195175e-28
 3.78000000e+01  2.33400271e+05  8.91699000e+10  2.63540250e-28
 3.79000000e+01  2.14115559e+05  8.26347000e+10  2.60885325e-28
 3.80000000e+01  1.95175497e+05  7.60995000e+10  2.58230400e-28
 3.81000000e+01  1.79511280e+05  7.04445000e+10  2.56571570e-28
 3.82000000e+01  1.64033402e+05  6.47895000e+10  2.54912740e-28
 3.83000000e+01  1.48741861e+05  5.91345000e+10  2.53253910e-28
 3.84000000e+01  1.33636657e+05  5.34795000e+10  2.51595080e-28
 3.85000000e+01  1.18717792e+05  4.78245000e+10  2.49936250e-28
 3.86000000e+01  1.05926929e+05  4.29569100e+10  2.48277420e-28
 3.87000000e+01  9.32964571e+04  3.80893200e+10  2.46618590e-28
 3.88000000e+01  8.08263774e+04  3.32217300e+10  2.44959760e-28
 3.89000000e+01  6.85166894e+04  2.83541400e+10  2.43300930e-28
 3.90000000e+01  5.63673931e+04  2.34865500e+10  2.41642100e-28
 3.91000000e+01  4.86392188e+04  2.04065460e+10  2.39983270e-28
 3.92000000e+01  4.10125336e+04  1.73265420e+10  2.38324440e-28
 3.93000000e+01  3.34873374e+04  1.42465380e+10  2.36665610e-28
 3.94000000e+01  2.60636303e+04  1.11665340e+10  2.35006780e-28
 3.95000000e+01  1.87414123e+04  8.08653000e+09  2.33347950e-28
 3.96000000e+01  1.55108345e+04  6.74052000e+09  2.31689120e-28
 3.97000000e+01  1.23246090e+04  5.39451000e+09  2.30030290e-28
 3.98000000e+01  9.18273590e+03  4.04850000e+09  2.28371460e-28
 3.99000000e+01  6.08521508e+03  2.70249000e+09  2.26712630e-28
 4.00000000e+01  3.03204657e+03  1.35648000e+09  2.25053800e-28
 4.01000000e+01  2.40969283e+03  1.08518400e+09  2.23574455e-28
 4.02000000e+01  1.79531130e+03  8.13888000e+08  2.22095110e-28
 4.03000000e+01  1.18890198e+03  5.42592000e+08  2.20615765e-28
 4.04000000e+01  5.90464885e+02  2.71296000e+08  2.19136420e-28
 4.05000000e+01  0.00000000e+00  0.00000000e+00  2.17657075e-28
 4.06000000e+01  0.00000000e+00  0.00000000e+00  2.16177730e-28
 4.07000000e+01  0.00000000e+00  0.00000000e+00  2.14698385e-28
 4.08000000e+01  0.00000000e+00  0.00000000e+00  2.13219040e-28
 4.09000000e+01  0.00000000e+00  0.00000000e+00  2.11739695e-28
 4.10000000e+01  0.00000000e+00  0.00000000e+00  2.10260350e-28
 4.11000000e+01  0.00000000e+00  0.00000000e+00  2.08781005e-28
 4.12000000e+01  0.00000000e+00  0.00000000e+00  2.07301660e-28
 4.13000000e+01  0.00000000e+00  0.00000000e+00  2.05822315e-28
 4.14000000e+01  0.00000000e+00  0.00000000e+00  2.04342970e-28
 4.15000000e+01  0.00000000e+00  0.00000000e+00  2.02863625e-28
 4.16000000e+01  0.00000000e+00  0.00000000e+00  2.01384280e-28
 4.17000000e+01  0.00000000e+00  0.00000000e+00  1.99904935e-28
 4.18000000e+01  0.00000000e+00  0.00000000e+00  1.98425590e-28
 4.19000000e+01  0.00000000e+00  0.00000000e+00  1.96946245e-28
 4.20000000e+01  0.00000000e+00  0.00000000e+00  1.95466900e-28
 4.21000000e+01  0.00000000e+00  0.00000000e+00  1.94360320e-28
 4.22000000e+01  0.00000000e+00  0.00000000e+00  1.93253740e-28
 4.23000000e+01  0.00000000e+00  0.00000000e+00  1.92147160e-28
 4.24000000e+01  0.00000000e+00  0.00000000e+00  1.91040580e-28
 4.25000000e+01  0.00000000e+00  0.00000000e+00  1.89934000e-28
 4.26000000e+01  0.00000000e+00  0.00000000e+00  1.88827420e-28
 4.27000000e+01  0.00000000e+00  0.00000000e+00  1.87720840e-28
 4.28000000e+01  0.00000000e+00  0.00000000e+00  1.86614260e-28
 4.29000000e+01  0.00000000e+00  0.00000000e+00  1.85507680e-28
 4.30000000e+01  0.00000000e+00  0.00000000e+00  1.84401100e-28
 4.31000000e+01  0.00000000e+00  0.00000000e+00  1.83294520e-28
 4.32000000e+01  0.00000000e+00  0.00000000e+00  1.82187940e-28
 4.33000000e+01  0.00000000e+00  0.00000000e+00  1.81081360e-28
 4.34000000e+01  0.00000000e+00  0.00000000e+00  1.79974780e-28
 4.35000000e+01  0.00000000e+00  0.00000000e+00  1.78868200e-28
 4.36000000e+01  0.00000000e+00  0.00000000e+00  1.77761620e-28
 4.37000000e+01  0.00000000e+00  0.00000000e+00  1.76655040e-28
 4.38000000e+01  0.00000000e+00  0.00000000e+00  1.75548460e-28
 4.39000000e+01  0.00000000e+00  0.00000000e+00  1.74441880e-28
 4.40000000e+01  0.00000000e+00  0.00000000e+00  1.73335300e-28
 4.41000000e+01  0.00000000e+00  0.00000000e+00  1.72441315e-28
 4.42000000e+01  0.00000000e+00  0.00000000e+00  1.71547330e-28
 4.43000000e+01  0.00000000e+00  0.00000000e+00  1.70653345e-28
 4.44000000e+01  0.00000000e+00  0.00000000e+00  1.69759360e-28
 4.45000000e+01  0.00000000e+00  0.00000000e+00  1.68865375e-28
 4.46000000e+01  0.00000000e+00  0.00000000e+00  1.67971390e-28
 4.47000000e+01  0.00000000e+00  0.00000000e+00  1.67077405e-28
 4.48000000e+01  0.00000000e+00  0.00000000e+00  1.66183420e-28
 4.49000000e+01  0.00000000e+00  0.00000000e+00  1.65289435e-28
 4.50000000e+01  0.00000000e+00  0.00000000e+00  1.64395450e-28
 4.51000000e+01  0.00000000e+00  0.00000000e+00  1.63501465e-28
 4.52000000e+01  0.00000000e+00  0.00000000e+00  1.62607480e-28
 4.53000000e+01  0.00000000e+00  0.00000000e+00  1.61713495e-28
 4.54000000e+01  0.00000000e+00  0.00000000e+00  1.60819510e-28
 4.55000000e+01  0.00000000e+00  0.00000000e+00  1.59925525e-28
 4.56000000e+01  0.00000000e+00  0.00000000e+00  1.59031540e-28
 4.57000000e+01  0.00000000e+00  0.00000000e+00  1.58137555e-28
 4.58000000e+01  0.00000000e+00  0.00000000e+00  1.57243570e-28
 4.59000000e+01  0.00000000e+00  0.00000000e+00  1.56349585e-28
 4.60000000e+01  0.00000000e+00  0.00000000e+00  1.55455600e-28
 4.61000000e+01  0.00000000e+00  0.00000000e+00  1.54835485e-28
 4.62000000e+01  0.00000000e+00  0.00000000e+00  1.54215370e-28
 4.63000000e+01  0.00000000e+00  0.00000000e+00  1.53595255e-28
 4.64000000e+01  0.00000000e+00  0.00000000e+00  1.52975140e-28
 4.65000000e+01  0.00000000e+00  0.00000000e+00  1.52355025e-28
 4.66000000e+01  0.00000000e+00  0.00000000e+00  1.51734910e-28
 4.67000000e+01  0.00000000e+00  0.00000000e+00  1.51114795e-28
 4.68000000e+01  0.00000000e+00  0.00000000e+00  1.50494680e-28
 4.69000000e+01  0.00000000e+00  0.00000000e+00  1.49874565e-28
 4.70000000e+01  0.00000000e+00  0.00000000e+00  1.49254450e-28
 4.71000000e+01  0.00000000e+00  0.00000000e+00  1.48634335e-28
 4.72000000e+01  0.00000000e+00  0.00000000e+00  1.48014220e-28
 4.73000000e+01  0.00000000e+00  0.00000000e+00  1.47394105e-28
 4.74000000e+01  0.00000000e+00  0.00000000e+00  1.46773990e-28
 4.75000000e+01  0.00000000e+00  0.00000000e+00  1.46153875e-28
 4.76000000e+01  0.00000000e+00  0.00000000e+00  1.45533760e-28
 4.77000000e+01  0.00000000e+00  0.00000000e+00  1.44913645e-28
 4.78000000e+01  0.00000000e+00  0.00000000e+00  1.44293530e-28
 4.79000000e+01  0.00000000e+00  0.00000000e+00  1.43673415e-28
 4.80000000e+01  0.00000000e+00  0.00000000e+00  1.43053300e-28
 4.81000000e+01  0.00000000e+00  0.00000000e+00  1.42414940e-28
 4.82000000e+01  0.00000000e+00  0.00000000e+00  1.41776580e-28
 4.83000000e+01  0.00000000e+00  0.00000000e+00  1.41138220e-28
 4.84000000e+01  0.00000000e+00  0.00000000e+00  1.40499860e-28
 4.85000000e+01  0.00000000e+00  0.00000000e+00  1.39861500e-28
 4.86000000e+01  0.00000000e+00  0.00000000e+00  1.39223140e-28
 4.87000000e+01  0.00000000e+00  0.00000000e+00  1.38584780e-28
 4.88000000e+01  0.00000000e+00  0.00000000e+00  1.37946420e-28
 4.89000000e+01  0.00000000e+00  0.00000000e+00  1.37308060e-28
 4.90000000e+01  0.00000000e+00  0.00000000e+00  1.36669700e-28
 4.91000000e+01  0.00000000e+00  0.00000000e+00  1.36031340e-28
 4.92000000e+01  0.00000000e+00  0.00000000e+00  1.35392980e-28
 4.93000000e+01  0.00000000e+00  0.00000000e+00  1.34754620e-28
 4.94000000e+01  0.00000000e+00  0.00000000e+00  1.34116260e-28
 4.95000000e+01  0.00000000e+00  0.00000000e+00  1.33477900e-28
 4.96000000e+01  0.00000000e+00  0.00000000e+00  1.32839540e-28
 4.97000000e+01  0.00000000e+00  0.00000000e+00  1.32201180e-28
 4.98000000e+01  0.00000000e+00  0.00000000e+00  1.31562820e-28
 4.99000000e+01  0.00000000e+00  0.00000000e+00  1.30924460e-28
 5.00000000e+01  0.00000000e+00  0.00000000e+00  1.30286100e-28
