# energy(MeV) dYield(atoms/MeV/s) photonFlux(photons/MeV/uA/s) crossSection(mb)
# 501 4
# 501 4
 0.00000000e+00  0.00000000e+00  2.26338000e+14  0.00000000e+00
 1.00000000e-01  0.00000000e+00  2.25398400e+14  0.00000000e+00
 2.00000000e-01  0.00000000e+00  2.24458800e+14  0.00000000e+00
 3.00000000e-01  0.00000000e+00  2.23519200e+14  0.00000000e+00
 4.00000000e-01  0.00000000e+00  2.22579600e+14  0.00000000e+00
 5.00000000e-01  0.00000000e+00  2.21640000e+14  0.00000000e+00
 6.00000000e-01  0.00000000e+00  2.11153500e+14  0.00000000e+00
 7.00000000e-01  0.00000000e+00  2.00667000e+14  0.00000000e+00
 8.00000000e-01  0.00000000e+00  1.90180500e+14  0.00000000e+00
 9.00000000e-01  0.00000000e+00  1.79694000e+14  0.00000000e+00
 1.00000000e+00  0.00000000e+00  1.69207500e+14  0.00000000e+00
 1.10000000e+00  0.00000000e+00  1.56004200e+14  0.00000000e+00
 1.20000000e+00  0.00000000e+00  1.42800900e+14  0.00000000e+00
 1.30000000e+00  0.00000000e+00  1.29597600e+14  0.00000000e+00
 1.40000000e+00  0.00000000e+00  1.16394300e+14  0.00000000e+00
 1.50000000e+00  0.00000000e+00  1.03191000e+14  0.00000000e+00
 1.60000000e+00  0.00000000e+00  9.74259000e+13  0.00000000e+00
 1.70000000e+00  0.00000000e+00  9.16608000e+13  0.00000000e+00
 1.80000000e+00  0.00000000e+00  8.58957000e+13  0.00000000e+00
 1.90000000e+00  0.00000000e+00  8.01306000e+13  0.00000000e+00
 2.00000000e+00  0.00000000e+00  7.43655000e+13  0.00000000e+00
 2.10000000e+00  0.00000000e+00  7.09137000e+13  0.00000000e+00
 2.20000000e+00  0.00000000e+00  6.74619000e+13  0.00000000e+00
 2.30000000e+00  0.00000000e+00  6.40101000e+13  0.00000000e+00
 2.40000000e+00  0.00000000e+00  6.05583000e+13  0.00000000e+00
 2.50000000e+00  0.00000000e+00  5.71065000e+13  0.00000000e+00
 2.60000000e+00  0.00000000e+00  5.48463000e+13  0.00000000e+00
 2.70000000e+00  0.00000000e+00  5.25861000e+13  0.00000000e+00
 2.80000000e+00  0.00000000e+00  5.03259000e+13  0.00000000e+00
 2.90000000e+00  0.00000000e+00  4.80657000e+13  0.00000000e+00
 3.00000000e+00  0.00000000e+00  4.58055000e+13  0.00000000e+00
 3.10000000e+00  0.00000000e+00  4.42221000e+13  0.00000000e+00
 3.20000000e+00  0.00000000e+00  4.26387000e+13  0.00000000e+00
 3.30000000e+00  0.00000000e+00  4.10553000e+13  0.00000000e+00
 3.40000000e+00  0.00000000e+00  3.94719000e+13  0.00000000e+00
 3.50000000e+00  0.00000000e+00  3.78885000e+13  0.00000000e+00
 3.60000000e+00  0.00000000e+00  3.67140900e+13  0.00000000e+00
 3.70000000e+00  0.00000000e+00  3.55396800e+13  0.00000000e+00
 3.80000000e+00  0.00000000e+00  3.43652700e+13  0.00000000e+00
 3.90000000e+00  0.00000000e+00  3.31908600e+13  0.00000000e+00
 4.00000000e+00  0.00000000e+00  3.20164500e+13  0.00000000e+00
 4.10000000e+00  0.00000000e+00  3.11147400e+13  0.00000000e+00
 4.20000000e+00  0.00000000e+00  3.02130300e+13  0.00000000e+00
 4.30000000e+00  0.00000000e+00  2.93113200e+13  0.00000000e+00
 4.40000000e+00  0.00000000e+00  2.84096100e+13  0.00000000e+00
 4.50000000e+00  0.00000000e+00  2.75079000e+13  0.00000000e+00
 4.60000000e+00  0.00000000e+00  2.67991200e+13  0.00000000e+00
 4.70000000e+00  0.00000000e+00  2.60903400e+13  0.00000000e+00
 4.80000000e+00  0.00000000e+00  2.53815600e+13  0.00000000e+00
 4.90000000e+00  0.00000000e+00  2.46727800e+13  0.00000000e+00
 5.00000000e+00  0.00000000e+00  2.39640000e+13  0.00000000e+00
 5.10000000e+00  0.00000000e+00  2.33909700e+13  0.00000000e+00
 5.20000000e+00  0.00000000e+00  2.28179400e+13  0.00000000e+00
 5.30000000e+00  0.00000000e+00  2.22449100e+13  0.00000000e+00
 5.40000000e+00  0.00000000e+00  2.16718800e+13  0.00000000e+00
 5.50000000e+00  0.00000000e+00  2.10988500e+13  0.00000000e+00
 5.60000000e+00  0.00000000e+00  2.06284200e+13  0.00000000e+00
 5.70000000e+00  0.00000000e+00  2.01579900e+13  0.00000000e+00
 5.80000000e+00  0.00000000e+00  1.96875600e+13  0.00000000e+00
 5.90000000e+00  0.00000000e+00  1.92171300e+13  0.00000000e+00
 6.00000000e+00  0.00000000e+00  1.87467000e+13  0.00000000e+00
 6.10000000e+00  0.00000000e+00  1.83580500e+13  0.00000000e+00
 6.20000000e+00  0.00000000e+00  1.79694000e+13  0.00000000e+00
 6.30000000e+00  0.00000000e+00  1.75807500e+13  0.00000000e+00
 6.40000000e+00  0.00000000e+00  1.71921000e+13  0.00000000e+00
 6.50000000e+00  0.00000000e+00  1.68034500e+13  0.00000000e+00
 6.60000000e+00  2.08199324e+09  1.64740800e+13  1.27245380e-26
 6.70000000e+00  2.20196372e+09  1.61447100e+13  1.37323160e-26
 6.80000000e+00  2.31534071e+09  1.58153400e+13  1.47400940e-26
 6.90000000e+00  2.42212422e+09  1.54859700e+13  1.57478720e-26
 7.00000000e+00  2.52231424e+09  1.51566000e+13  1.67556500e-26
 7.10000000e+00  2.63468751e+09  1.48720500e+13  1.78370140e-26
 7.20000000e+00  2.74094859e+09  1.45875000e+13  1.89183780e-26
 7.30000000e+00  2.84109748e+09  1.43029500e+13  1.99997420e-26
 7.40000000e+00  2.93513419e+09  1.40184000e+13  2.10811060e-26
 7.50000000e+00  3.02305872e+09  1.37338500e+13  2.21624700e-26
 7.60000000e+00  3.17146600e+09  1.34868300e+13  2.36763120e-26
 7.70000000e+00  3.31244516e+09  1.32398100e+13  2.51901540e-26
 7.80000000e+00  3.44599621e+09  1.29927900e+13  2.67039960e-26
 7.90000000e+00  3.57211914e+09  1.27457700e+13  2.82178380e-26
 8.00000000e+00  3.69081395e+09  1.24987500e+13  2.97316800e-26
 8.10000000e+00  3.89435044e+09  1.22840400e+13  3.19196180e-26
 8.20000000e+00  4.08855538e+09  1.20693300e+13  3.41075560e-26
 8.30000000e+00  4.27342878e+09  1.18546200e+13  3.62954940e-26
 8.40000000e+00  4.44897065e+09  1.16399100e+13  3.84834320e-26
 8.50000000e+00  4.61518097e+09  1.14252000e+13  4.06713700e-26
 8.60000000e+00  4.89801479e+09  1.12395900e+13  4.38766540e-26
 8.70000000e+00  5.16903089e+09  1.10539800e+13  4.70819380e-26
 8.80000000e+00  5.42822926e+09  1.08683700e+13  5.02872220e-26
 8.90000000e+00  5.67560990e+09  1.06827600e+13  5.34925060e-26
 9.00000000e+00  5.91117281e+09  1.04971500e+13  5.66977900e-26
 9.10000000e+00  6.30440110e+09  1.03341000e+13  6.14235700e-26
 9.20000000e+00  6.68232343e+09  1.01710500e+13  6.61493500e-26
 9.30000000e+00  7.04493981e+09  1.00080000e+13  7.08751300e-26
 9.40000000e+00  7.39225024e+09  9.84495000e+12  7.56009100e-26
 9.50000000e+00  7.72425471e+09  9.68190000e+12  8.03266900e-26
 9.60000000e+00  8.26966035e+09  9.53667000e+12  8.73081520e-26
 9.70000000e+00  8.79492556e+09  9.39144000e+12  9.42896140e-26
 9.80000000e+00  9.30005034e+09  9.24621000e+12  1.01271076e-25
 9.90000000e+00  9.78503468e+09  9.10098000e+12  1.08252538e-25
 1.00000000e+01  1.02498786e+10  8.95575000e+12  1.15234000e-25
 1.01000000e+01  1.10029379e+10  8.82552000e+12  1.25525580e-25
 1.02000000e+01  1.17293741e+10  8.69529000e+12  1.35817160e-25
 1.03000000e+01  1.24291871e+10  8.56506000e+12  1.46108740e-25
 1.04000000e+01  1.31023771e+10  8.43483000e+12  1.56400320e-25
 1.05000000e+01  1.37489438e+10  8.30460000e+12  1.66691900e-25
 1.06000000e+01  1.47410920e+10  8.18835000e+12  1.81257980e-25
 1.07000000e+01  1.56996043e+10  8.07210000e+12  1.95824060e-25
 1.08000000e+01  1.66244808e+10  7.95585000e+12  2.10390140e-25
 1.09000000e+01  1.75157215e+10  7.83960000e+12  2.24956220e-25
 1.10000000e+01  1.83733265e+10  7.72335000e+12  2.39522300e-25
 1.11000000e+01  1.93356709e+10  7.61820000e+12  2.55546980e-25
 1.12000000e+01  2.02645446e+10  7.51305000e+12  2.71571660e-25
 1.13000000e+01  2.11599476e+10  7.40790000e+12  2.87596340e-25
 1.14000000e+01  2.20218799e+10  7.30275000e+12  3.03621020e-25
 1.15000000e+01  2.28503415e+10  7.19760000e+12  3.19645700e-25
 1.16000000e+01  2.19582232e+10  7.10223000e+12  3.11290840e-25
 1.17000000e+01  2.10819326e+10  7.00686000e+12  3.02935980e-25
 1.18000000e+01  2.02214696e+10  6.91149000e+12  2.94581120e-25
 1.19000000e+01  1.93768343e+10  6.81612000e+12  2.86226260e-25
 1.20000000e+01  1.85480267e+10  6.72075000e+12  2.77871400e-25
 1.21000000e+01  1.72719991e+10  6.63303000e+12  2.62176960e-25
 1.22000000e+01  1.60233186e+10  6.54531000e+12  2.46482520e-25
 1.23000000e+01  1.48019851e+10  6.45759000e+12  2.30788080e-25
 1.24000000e+01  1.36079987e+10  6.36987000e+12  2.15093640e-25
 1.25000000e+01  1.24413594e+10  6.28215000e+12  1.99399200e-25
 1.26000000e+01  1.15385691e+10  6.20253000e+12  1.87303960e-25
 1.27000000e+01  1.06549083e+10  6.12291000e+12  1.75208720e-25
 1.28000000e+01  9.79037689e+09  6.04329000e+12  1.63113480e-25
 1.29000000e+01  8.94497498e+09  5.96367000e+12  1.51018240e-25
 1.30000000e+01  8.11870254e+09  5.88405000e+12  1.38923000e-25
 1.31000000e+01  7.54840846e+09  5.81229000e+12  1.30759122e-25
 1.32000000e+01  6.98975149e+09  5.74053000e+12  1.22595244e-25
 1.33000000e+01  6.44273162e+09  5.66877000e+12  1.14431366e-25
 1.34000000e+01  5.90734887e+09  5.59701000e+12  1.06267488e-25
 1.35000000e+01  5.38360322e+09  5.52525000e+12  9.81036100e-26
 1.36000000e+01  5.07269378e+09  5.45955000e+12  9.35504060e-26
 1.37000000e+01  4.76772656e+09  5.39385000e+12  8.89972020e-26
 1.38000000e+01  4.46870156e+09  5.32815000e+12  8.44439980e-26
 1.39000000e+01  4.17561878e+09  5.26245000e+12  7.98907940e-26
 1.40000000e+01  3.88847821e+09  5.19675000e+12  7.53375900e-26
 1.41000000e+01  3.69295435e+09  5.13480000e+12  7.24126240e-26
 1.42000000e+01  3.50102988e+09  5.07285000e+12  6.94876580e-26
 1.43000000e+01  3.31270479e+09  5.01090000e+12  6.65626920e-26
 1.44000000e+01  3.12797908e+09  4.94895000e+12  6.36377260e-26
 1.45000000e+01  2.94685276e+09  4.88700000e+12  6.07127600e-26
 1.46000000e+01  2.78979893e+09  4.83048000e+12  5.81495680e-26
 1.47000000e+01  2.63562282e+09  4.77396000e+12  5.55863760e-26
 1.48000000e+01  2.48432443e+09  4.71744000e+12  5.30231840e-26
 1.49000000e+01  2.33590377e+09  4.66092000e+12  5.04599920e-26
 1.50000000e+01  2.19036084e+09  4.60440000e+12  4.78968000e-26
 1.51000000e+01  2.06254215e+09  4.55361000e+12  4.56048340e-26
 1.52000000e+01  1.93703581e+09  4.50282000e+12  4.33128680e-26
 1.53000000e+01  1.81384182e+09  4.45203000e+12  4.10209020e-26
 1.54000000e+01  1.69296016e+09  4.40124000e+12  3.87289360e-26
 1.55000000e+01  1.57439086e+09  4.35045000e+12  3.64369700e-26
 1.56000000e+01  1.47516922e+09  4.30308000e+12  3.45164640e-26
 1.57000000e+01  1.37775469e+09  4.25571000e+12  3.25959580e-26
 1.58000000e+01  1.28214727e+09  4.20834000e+12  3.06754520e-26
 1.59000000e+01  1.18834697e+09  4.16097000e+12  2.87549460e-26
 1.60000000e+01  1.09635378e+09  4.11360000e+12  2.68344400e-26
 1.61000000e+01  1.02805006e+09  4.06968000e+12  2.54341880e-26
 1.62000000e+01  9.60967948e+08  4.02576000e+12  2.40339360e-26
 1.63000000e+01  8.95107457e+08  3.98184000e+12  2.26336840e-26
 1.64000000e+01  8.30468581e+08  3.93792000e+12  2.12334320e-26
 1.65000000e+01  7.67051322e+08  3.89400000e+12  1.98331800e-26
 1.66000000e+01  7.20447555e+08  3.84981000e+12  1.88419980e-26
 1.67000000e+01  6.74713836e+08  3.80562000e+12  1.78508160e-26
 1.68000000e+01  6.29850166e+08  3.76143000e+12  1.68596340e-26
 1.69000000e+01  5.85856545e+08  3.71724000e+12  1.58684520e-26
 1.70000000e+01  5.42732973e+08  3.67305000e+12  1.48772700e-26
 1.71000000e+01  5.13126950e+08  3.63417000e+12  1.42161980e-26
 1.72000000e+01  4.84031480e+08  3.59529000e+12  1.35551260e-26
 1.73000000e+01  4.55446563e+08  3.55641000e+12  1.28940540e-26
 1.74000000e+01  4.27372200e+08  3.51753000e+12  1.22329820e-26
 1.75000000e+01  3.99808391e+08  3.47865000e+12  1.15719100e-26
 1.76000000e+01  3.79715314e+08  3.44442000e+12  1.10995632e-26
 1.77000000e+01  3.59943407e+08  3.41019000e+12  1.06272164e-26
 1.78000000e+01  3.40492669e+08  3.37596000e+12  1.01548696e-26
 1.79000000e+01  3.21363100e+08  3.34173000e+12  9.68252280e-27
 1.80000000e+01  3.02554700e+08  3.30750000e+12  9.21017600e-27
 1.81000000e+01  2.88255108e+08  3.27321000e+12  8.86680220e-27
 1.82000000e+01  2.74189400e+08  3.23892000e+12  8.52342840e-27
 1.83000000e+01  2.60357575e+08  3.20463000e+12  8.18005460e-27
 1.84000000e+01  2.46759635e+08  3.17034000e+12  7.83668080e-27
 1.85000000e+01  2.33395579e+08  3.13605000e+12  7.49330700e-27
 1.86000000e+01  2.23308961e+08  3.10473000e+12  7.24179440e-27
 1.87000000e+01  2.13378818e+08  3.07341000e+12  6.99028180e-27
 1.88000000e+01  2.03605152e+08  3.04209000e+12  6.73876920e-27
 1.89000000e+01  1.93987961e+08  3.01077000e+12  6.48725660e-27
 1.90000000e+01  1.84527246e+08  2.97945000e+12  6.23574400e-27
 1.91000000e+01  1.76987731e+08  2.94917100e+12  6.04236680e-27
 1.92000000e+01  1.69564525e+08  2.91889200e+12  5.84898960e-27
 1.93000000e+01  1.62257627e+08  2.88861300e+12  5.65561240e-27
 1.94000000e+01  1.55067039e+08  2.85833400e+12  5.46223520e-27
 1.95000000e+01  1.47992759e+08  2.82805500e+12  5.26885800e-27
 1.96000000e+01  1.42177748e+08  2.79882000e+12  5.11470440e-27
 1.97000000e+01  1.36452256e+08  2.76958500e+12  4.96055080e-27
 1.98000000e+01  1.30816286e+08  2.74035000e+12  4.80639720e-27
 1.99000000e+01  1.25269836e+08  2.71111500e+12  4.65224360e-27
 2.00000000e+01  1.19812907e+08  2.68188000e+12  4.49809000e-27
 2.01000000e+01  1.15672028e+08  2.65489200e+12  4.38677510e-27
 2.02000000e+01  1.11590824e+08  2.62790400e+12  4.27546020e-27
 2.03000000e+01  1.07569295e+08  2.60091600e+12  4.16414530e-27
 2.04000000e+01  1.03607441e+08  2.57392800e+12  4.05283040e-27
 2.05000000e+01  9.97052610e+07  2.54694000e+12  3.94151550e-27
 2.06000000e+01  9.58836407e+07  2.52050100e+12  3.83020060e-27
 2.07000000e+01  9.21204812e+07  2.49406200e+12  3.71888570e-27
 2.08000000e+01  8.84157824e+07  2.46762300e+12  3.60757080e-27
 2.09000000e+01  8.47695444e+07  2.44118400e+12  3.49625590e-27
 2.10000000e+01  8.11817671e+07  2.41474500e+12  3.38494100e-27
 2.11000000e+01  7.86069428e+07  2.39095500e+12  3.31019350e-27
 2.12000000e+01  7.60674414e+07  2.36716500e+12  3.23544600e-27
 2.13000000e+01  7.35632630e+07  2.34337500e+12  3.16069850e-27
 2.14000000e+01  7.10944076e+07  2.31958500e+12  3.08595100e-27
 2.15000000e+01  6.86608751e+07  2.29579500e+12  3.01120350e-27
 2.16000000e+01  6.63112250e+07  2.27367000e+12  2.93645600e-27
 2.17000000e+01  6.39944258e+07  2.25154500e+12  2.86170850e-27
 2.18000000e+01  6.17104774e+07  2.22942000e+12  2.78696100e-27
 2.19000000e+01  5.94593798e+07  2.20729500e+12  2.71221350e-27
 2.20000000e+01  5.72411330e+07  2.18517000e+12  2.63746600e-27
 2.21000000e+01  5.55172449e+07  2.16379200e+12  2.58330850e-27
 2.22000000e+01  5.38163549e+07  2.14241400e+12  2.52915100e-27
 2.23000000e+01  5.21384630e+07  2.12103600e+12  2.47499350e-27
 2.24000000e+01  5.04835692e+07  2.09965800e+12  2.42083600e-27
 2.25000000e+01  4.88516735e+07  2.07828000e+12  2.36667850e-27
 2.26000000e+01  4.72863231e+07  2.05879800e+12  2.31252100e-27
 2.27000000e+01  4.57419310e+07  2.03931600e+12  2.25836350e-27
 2.28000000e+01  4.42184974e+07  2.01983400e+12  2.20420600e-27
 2.29000000e+01  4.27160222e+07  2.00035200e+12  2.15004850e-27
 2.30000000e+01  4.12345054e+07  1.98087000e+12  2.09589100e-27
 2.31000000e+01  4.00573029e+07  1.96072800e+12  2.05697130e-27
 2.32000000e+01  3.88956723e+07  1.94058600e+12  2.01805160e-27
 2.33000000e+01  3.77496134e+07  1.92044400e+12  1.97913190e-27
 2.34000000e+01  3.66191263e+07  1.90030200e+12  1.94021220e-27
 2.35000000e+01  3.55042110e+07  1.88016000e+12  1.90129250e-27
 2.36000000e+01  3.44202385e+07  1.86084900e+12  1.86237280e-27
 2.37000000e+01  3.33511954e+07  1.84153800e+12  1.82345310e-27
 2.38000000e+01  3.22970815e+07  1.82222700e+12  1.78453340e-27
 2.39000000e+01  3.12578971e+07  1.80291600e+12  1.74561370e-27
 2.40000000e+01  3.02336419e+07  1.78360500e+12  1.70669400e-27
 2.41000000e+01  2.93936852e+07  1.76694600e+12  1.67492220e-27
 2.42000000e+01  2.85642421e+07  1.75028700e+12  1.64315040e-27
 2.43000000e+01  2.77453129e+07  1.73362800e+12  1.61137860e-27
 2.44000000e+01  2.69368973e+07  1.71696900e+12  1.57960680e-27
 2.45000000e+01  2.61389955e+07  1.70031000e+12  1.54783500e-27
 2.46000000e+01  2.53528722e+07  1.68373500e+12  1.51606320e-27
 2.47000000e+01  2.45772097e+07  1.66716000e+12  1.48429140e-27
 2.48000000e+01  2.38120079e+07  1.65058500e+12  1.45251960e-27
 2.49000000e+01  2.30572668e+07  1.63401000e+12  1.42074780e-27
 2.50000000e+01  2.23129864e+07  1.61743500e+12  1.38897600e-27
 2.51000000e+01  2.17175665e+07  1.60183200e+12  1.36507990e-27
 2.52000000e+01  2.11295529e+07  1.58622900e+12  1.34118380e-27
 2.53000000e+01  2.05489455e+07  1.57062600e+12  1.31728770e-27
 2.54000000e+01  1.99757445e+07  1.55502300e+12  1.29339160e-27
 2.55000000e+01  1.94099498e+07  1.53942000e+12  1.26949550e-27
 2.56000000e+01  1.88546790e+07  1.52406900e+12  1.24559940e-27
 2.57000000e+01  1.83066948e+07  1.50871800e+12  1.22170330e-27
 2.58000000e+01  1.77659973e+07  1.49336700e+12  1.19780720e-27
 2.59000000e+01  1.72325865e+07  1.47801600e+12  1.17391110e-27
 2.60000000e+01  1.67064624e+07  1.46266500e+12  1.15001500e-27
 2.61000000e+01  1.62687915e+07  1.44713400e+12  1.13190616e-27
 2.62000000e+01  1.58367073e+07  1.43160300e+12  1.11379732e-27
 2.63000000e+01  1.54102099e+07  1.41607200e+12  1.09568848e-27
 2.64000000e+01  1.49892991e+07  1.40054100e+12  1.07757964e-27
 2.65000000e+01  1.45739751e+07  1.38501000e+12  1.05947080e-27
 2.66000000e+01  1.41815826e+07  1.37115600e+12  1.04136196e-27
 2.67000000e+01  1.37941736e+07  1.35730200e+12  1.02325312e-27
 2.68000000e+01  1.34117481e+07  1.34344800e+12  1.00514428e-27
 2.69000000e+01  1.30343061e+07  1.32959400e+12  9.87035440e-28
 2.70000000e+01  1.26618475e+07  1.31574000e+12  9.68926600e-28
 2.71000000e+01  1.23476505e+07  1.30206000e+12  9.54810550e-28
 2.72000000e+01  1.20372894e+07  1.28838000e+12  9.40694500e-28
 2.73000000e+01  1.17307641e+07  1.27470000e+12  9.26578450e-28
 2.74000000e+01  1.14280748e+07  1.26102000e+12  9.12462400e-28
 2.75000000e+01  1.11292213e+07  1.24734000e+12  8.98346350e-28
 2.76000000e+01  1.08311739e+07  1.23331500e+12  8.84230300e-28
 2.77000000e+01  1.05370591e+07  1.21929000e+12  8.70114250e-28
 2.78000000e+01  1.02468769e+07  1.20526500e+12  8.55998200e-28
 2.79000000e+01  9.96062733e+06  1.19124000e+12  8.41882150e-28
 2.80000000e+01  9.67831038e+06  1.17721500e+12  8.27766100e-28
 2.81000000e+01  9.43001208e+06  1.16459400e+12  8.15270220e-28
 2.82000000e+01  9.18484654e+06  1.15197300e+12  8.02774340e-28
 2.83000000e+01  8.94281375e+06  1.13935200e+12  7.90278460e-28
 2.84000000e+01  8.70391372e+06  1.12673100e+12  7.77782580e-28
 2.85000000e+01  8.46814645e+06  1.11411000e+12  7.65286700e-28
 2.86000000e+01  8.24037927e+06  1.10214000e+12  7.52790820e-28
 2.87000000e+01  8.01558326e+06  1.09017000e+12  7.40294940e-28
 2.88000000e+01  7.79375842e+06  1.07820000e+12  7.27799060e-28
 2.89000000e+01  7.57490474e+06  1.06623000e+12  7.15303180e-28
 2.90000000e+01  7.35902223e+06  1.05426000e+12  7.02807300e-28
 2.91000000e+01  7.17911676e+06  1.04195700e+12  6.93721410e-28
 2.92000000e+01  7.00143176e+06  1.02965400e+12  6.84635520e-28
 2.93000000e+01  6.82596723e+06  1.01735100e+12  6.75549630e-28
 2.94000000e+01  6.65272316e+06  1.00504800e+12  6.66463740e-28
 2.95000000e+01  6.48169956e+06  9.92745000e+11  6.57377850e-28
 2.96000000e+01  6.31272259e+06  9.80415000e+11  6.48291960e-28
 2.97000000e+01  6.14597095e+06  9.68085000e+11  6.39206070e-28
 2.98000000e+01  5.98144466e+06  9.55755000e+11  6.30120180e-28
 2.99000000e+01  5.81914371e+06  9.43425000e+11  6.21034290e-28
 3.00000000e+01  5.65906810e+06  9.31095000e+11  6.11948400e-28
 3.01000000e+01  5.52259540e+06  9.18597000e+11  6.05315900e-28
 3.02000000e+01  5.38776928e+06  9.06099000e+11  5.98683400e-28
 3.03000000e+01  5.25458974e+06  8.93601000e+11  5.92050900e-28
 3.04000000e+01  5.12305679e+06  8.81103000e+11  5.85418400e-28
 3.05000000e+01  4.99317043e+06  8.68605000e+11  5.78785900e-28
 3.06000000e+01  4.86958471e+06  8.56926000e+11  5.72153400e-28
 3.07000000e+01  4.74753767e+06  8.45247000e+11  5.65520900e-28
 3.08000000e+01  4.62702932e+06  8.33568000e+11  5.58888400e-28
 3.09000000e+01  4.50805965e+06  8.21889000e+11  5.52255900e-28
 3.10000000e+01  4.39062867e+06  8.10210000e+11  5.45623400e-28
 3.11000000e+01  4.28072665e+06  7.99650000e+11  5.38990900e-28
 3.12000000e+01  4.17221589e+06  7.89090000e+11  5.32358400e-28
 3.13000000e+01  4.06509639e+06  7.78530000e+11  5.25725900e-28
 3.14000000e+01  3.95936814e+06  7.67970000e+11  5.19093400e-28
 3.15000000e+01  3.85503115e+06  7.57410000e+11  5.12460900e-28
 3.16000000e+01  3.75439138e+06  7.47309000e+11  5.05828400e-28
 3.17000000e+01  3.65508239e+06  7.37208000e+11  4.99195900e-28
 3.18000000e+01  3.55710419e+06  7.27107000e+11  4.92563400e-28
 3.19000000e+01  3.46045677e+06  7.17006000e+11  4.85930900e-28
 3.20000000e+01  3.36514014e+06  7.06905000e+11  4.79298400e-28
 3.21000000e+01  3.27986544e+06  6.96312000e+11  4.74259485e-28
 3.22000000e+01  3.19565103e+06  6.85719000e+11  4.69220570e-28
 3.23000000e+01  3.11249690e+06  6.75126000e+11  4.64181655e-28
 3.24000000e+01  3.03040306e+06  6.64533000e+11  4.59142740e-28
 3.25000000e+01  2.94936950e+06  6.53940000e+11  4.54103825e-28
 3.26000000e+01  2.87058707e+06  6.43614000e+11  4.49064910e-28
 3.27000000e+01  2.79283821e+06  6.33288000e+11  4.44025995e-28
 3.28000000e+01  2.71612290e+06  6.22962000e+11  4.38987080e-28
 3.29000000e+01  2.64044115e+06  6.12636000e+11  4.33948165e-28
 3.30000000e+01  2.56579295e+06  6.02310000e+11  4.28909250e-28
 3.31000000e+01  2.49403488e+06  5.92425000e+11  4.23870335e-28
 3.32000000e+01  2.42326622e+06  5.82540000e+11  4.18831420e-28
 3.33000000e+01  2.35348697e+06  5.72655000e+11  4.13792505e-28
 3.34000000e+01  2.28469715e+06  5.62770000e+11  4.08753590e-28
 3.35000000e+01  2.21689675e+06  5.52885000e+11  4.03714675e-28
 3.36000000e+01  2.14912356e+06  5.42757000e+11  3.98675760e-28
 3.37000000e+01  2.08236412e+06  5.32629000e+11  3.93636845e-28
 3.38000000e+01  2.01661842e+06  5.22501000e+11  3.88597930e-28
 3.39000000e+01  1.95188647e+06  5.12373000e+11  3.83559015e-28
 3.40000000e+01  1.88816825e+06  5.02245000e+11  3.78520100e-28
 3.41000000e+01  1.83281123e+06  4.91886000e+11  3.75160540e-28
 3.42000000e+01  1.77814550e+06  4.81527000e+11  3.71800980e-28
 3.43000000e+01  1.72417108e+06  4.71168000e+11  3.68441420e-28
 3.44000000e+01  1.67088796e+06  4.60809000e+11  3.65081860e-28
 3.45000000e+01  1.61829613e+06  4.50450000e+11  3.61722300e-28
 3.46000000e+01  1.56900099e+06  4.40823000e+11  3.58362740e-28
 3.47000000e+01  1.52034829e+06  4.31196000e+11  3.55003180e-28
 3.48000000e+01  1.47233804e+06  4.21569000e+11  3.51643620e-28
 3.49000000e+01  1.42497024e+06  4.11942000e+11  3.48284060e-28
 3.50000000e+01  1.37824489e+06  4.02315000e+11  3.44924500e-28
 3.51000000e+01  1.33388195e+06  3.93195000e+11  3.41564940e-28
 3.52000000e+01  1.29012762e+06  3.84075000e+11  3.38205380e-28
 3.53000000e+01  1.24698191e+06  3.74955000e+11  3.34845820e-28
 3.54000000e+01  1.20444482e+06  3.65835000e+11  3.31486260e-28
 3.55000000e+01  1.16251634e+06  3.56715000e+11  3.28126700e-28
 3.56000000e+01  1.11959207e+06  3.47097600e+11  3.24767140e-28
 3.57000000e+01  1.07730961e+06  3.37480200e+11  3.21407580e-28
 3.58000000e+01  1.03566896e+06  3.27862800e+11  3.18048020e-28
 3.59000000e+01  9.94670125e+05  3.18245400e+11  3.14688460e-28
 3.60000000e+01  9.54313096e+05  3.08628000e+11  3.11328900e-28
 3.61000000e+01  9.15964818e+05  2.98773900e+11  3.08673975e-28
 3.62000000e+01  8.78136219e+05  2.88919800e+11  3.06019050e-28
 3.63000000e+01  8.40827299e+05  2.79065700e+11  3.03364125e-28
 3.64000000e+01  8.04038059e+05  2.69211600e+11  3.00709200e-28
 3.65000000e+01  7.67768498e+05  2.59357500e+11  2.98054275e-28
 3.66000000e+01  7.31733440e+05  2.49406200e+11  2.95399350e-28
 3.67000000e+01  6.96223188e+05  2.39454900e+11  2.92744425e-28
 3.68000000e+01  6.61237741e+05  2.29503600e+11  2.90089500e-28
 3.69000000e+01  6.26777100e+05  2.19552300e+11  2.87434575e-28
 3.70000000e+01  5.92841264e+05  2.09601000e+11  2.84779650e-28
 3.71000000e+01  5.58623240e+05  1.99361700e+11  2.82124725e-28
 3.72000000e+01  5.24945209e+05  1.89122400e+11  2.79469800e-28
 3.73000000e+01  4.91807173e+05  1.78883100e+11  2.76814875e-28
 3.74000000e+01  4.59209130e+05  1.68643800e+11  2.74159950e-28
 3.75000000e+01  4.27151080e+05  1.58404500e+11  2.71505025e-28
 3.76000000e+01  3.97706180e+05  1.48941600e+11  2.68850100e-28
 3.77000000e+01  3.68760328e+05  1.39478700e+11  2.66195175e-28
 3.78000000e+01  3.40313524e+05  1.30015800e+11  2.63540250e-28
 3.79000000e+01  3.12365769e+05  1.20552900e+11  2.60885325e-28
 3.80000000e+01  2.84917062e+05  1.11090000e+11  2.58230400e-28
 3.81000000e+01  2.61344236e+05  1.02557700e+11  2.56571570e-28
 3.82000000e+01  2.38052558e+05  9.40254000e+10  2.54912740e-28
 3.83000000e+01  2.15042028e+05  8.54931000e+10  2.53253910e-28
 3.84000000e+01  1.92312644e+05  7.69608000e+10  2.51595080e-28
 3.85000000e+01  1.69864409e+05  6.84285000e+10  2.49936250e-28
 3.86000000e+01  1.51523614e+05  6.14478900e+10  2.48277420e-28
 3.87000000e+01  1.33412837e+05  5.44672800e+10  2.46618590e-28
 3.88000000e+01  1.15532078e+05  4.74866700e+10  2.44959760e-28
 3.89000000e+01  9.78813369e+04  4.05060600e+10  2.43300930e-28
 3.90000000e+01  8.04606134e+04  3.35254500e+10  2.41642100e-28
 3.91000000e+01  6.97065304e+04  2.92453200e+10  2.39983270e-28
 3.92000000e+01  5.90934817e+04  2.49651900e+10  2.38324440e-28
 3.93000000e+01  4.86214674e+04  2.06850600e+10  2.36665610e-28
 3.94000000e+01  3.82904875e+04  1.64049300e+10  2.35006780e-28
 3.95000000e+01  2.81005419e+04  1.21248000e+10  2.33347950e-28
 3.96000000e+01  2.32759855e+04  1.01150100e+10  2.31689120e-28
 3.97000000e+01  1.85176536e+04  8.10522000e+09  2.30030290e-28
 3.98000000e+01  1.38255462e+04  6.09543000e+09  2.28371460e-28
 3.99000000e+01  9.19966332e+03  4.08564000e+09  2.26712630e-28
 4.00000000e+01  4.64000492e+03  2.07585000e+09  2.25053800e-28
 4.01000000e+01  3.68760384e+03  1.66068000e+09  2.23574455e-28
 4.02000000e+01  2.74740280e+03  1.24551000e+09  2.22095110e-28
 4.03000000e+01  1.81940182e+03  8.30340000e+08  2.20615765e-28
 4.04000000e+01  9.03600887e+02  4.15170000e+08  2.19136420e-28
 4.05000000e+01  0.00000000e+00  0.00000000e+00  2.17657075e-28
 4.06000000e+01  0.00000000e+00  0.00000000e+00  2.16177730e-28
 4.07000000e+01  0.00000000e+00  0.00000000e+00  2.14698385e-28
 4.08000000e+01  0.00000000e+00  0.00000000e+00  2.13219040e-28
 4.09000000e+01  0.00000000e+00  0.00000000e+00  2.11739695e-28
 4.10000000e+01  0.00000000e+00  0.00000000e+00  2.10260350e-28
 4.11000000e+01  0.00000000e+00  0.00000000e+00  2.08781005e-28
 4.12000000e+01  0.00000000e+00  0.00000000e+00  2.07301660e-28
 4.13000000e+01  0.00000000e+00  0.00000000e+00  2.05822315e-28
 4.14000000e+01  0.00000000e+00  0.00000000e+00  2.04342970e-28
 4.15000000e+01  0.00000000e+00  0.00000000e+00  2.02863625e-28
 4.16000000e+01  0.00000000e+00  0.00000000e+00  2.01384280e-28
 4.17000000e+01  0.00000000e+00  0.00000000e+00  1.99904935e-28
 4.18000000e+01  0.00000000e+00  0.00000000e+00  1.98425590e-28
 4.19000000e+01  0.00000000e+00  0.00000000e+00  1.96946245e-28
 4.20000000e+01  0.00000000e+00  0.00000000e+00  1.95466900e-28
 4.21000000e+01  0.00000000e+00  0.00000000e+00  1.94360320e-28
 4.22000000e+01  0.00000000e+00  0.00000000e+00  1.93253740e-28
 4.23000000e+01  0.00000000e+00  0.00000000e+00  1.92147160e-28
 4.24000000e+01  0.00000000e+00  0.00000000e+00  1.91040580e-28
 4.25000000e+01  0.00000000e+00  0.00000000e+00  1.89934000e-28
 4.26000000e+01  0.00000000e+00  0.00000000e+00  1.88827420e-28
 4.27000000e+01  0.00000000e+00  0.00000000e+00  1.87720840e-28
 4.28000000e+01  0.00000000e+00  0.00000000e+00  1.86614260e-28
 4.29000000e+01  0.00000000e+00  0.00000000e+00  1.85507680e-28
 4.30000000e+01  0.00000000e+00  0.00000000e+00  1.84401100e-28
 4.31000000e+01  0.00000000e+00  0.00000000e+00  1.83294520e-28
 4.32000000e+01  0.00000000e+00  0.00000000e+00  1.82187940e-28
 4.33000000e+01  0.00000000e+00  0.00000000e+00  1.81081360e-28
 4.34000000e+01  0.00000000e+00  0.00000000e+00  1.79974780e-28
 4.35000000e+01  0.00000000e+00  0.00000000e+00  1.78868200e-28
 4.36000000e+01  0.00000000e+00  0.00000000e+00  1.77761620e-28
 4.37000000e+01  0.00000000e+00  0.00000000e+00  1.76655040e-28
 4.38000000e+01  0.00000000e+00  0.00000000e+00  1.75548460e-28
 4.39000000e+01  0.00000000e+00  0.00000000e+00  1.74441880e-28
 4.40000000e+01  0.00000000e+00  0.00000000e+00  1.73335300e-28
 4.41000000e+01  0.00000000e+00  0.00000000e+00  1.72441315e-28
 4.42000000e+01  0.00000000e+00  0.00000000e+00  1.71547330e-28
 4.43000000e+01  0.00000000e+00  0.00000000e+00  1.70653345e-28
 4.44000000e+01  0.00000000e+00  0.00000000e+00  1.69759360e-28
 4.45000000e+01  0.00000000e+00  0.00000000e+00  1.68865375e-28
 4.46000000e+01  0.00000000e+00  0.00000000e+00  1.67971390e-28
 4.47000000e+01  0.00000000e+00  0.00000000e+00  1.67077405e-28
 4.48000000e+01  0.00000000e+00  0.00000000e+00  1.66183420e-28
 4.49000000e+01  0.00000000e+00  0.00000000e+00  1.65289435e-28
 4.50000000e+01  0.00000000e+00  0.00000000e+00  1.64395450e-28
 4.51000000e+01  0.00000000e+00  0.00000000e+00  1.63501465e-28
 4.52000000e+01  0.00000000e+00  0.00000000e+00  1.62607480e-28
 4.53000000e+01  0.00000000e+00  0.00000000e+00  1.61713495e-28
 4.54000000e+01  0.00000000e+00  0.00000000e+00  1.60819510e-28
 4.55000000e+01  0.00000000e+00  0.00000000e+00  1.59925525e-28
 4.56000000e+01  0.00000000e+00  0.00000000e+00  1.59031540e-28
 4.57000000e+01  0.00000000e+00  0.00000000e+00  1.58137555e-28
 4.58000000e+01  0.00000000e+00  0.00000000e+00  1.57243570e-28
 4.59000000e+01  0.00000000e+00  0.00000000e+00  1.56349585e-28
 4.60000000e+01  0.00000000e+00  0.00000000e+00  1.55455600e-28
 4.61000000e+01  0.00000000e+00  0.00000000e+00  1.54835485e-28
 4.62000000e+01  0.00000000e+00  0.00000000e+00  1.54215370e-28
 4.63000000e+01  0.00000000e+00  0.00000000e+00  1.53595255e-28
 4.64000000e+01  0.00000000e+00  0.00000000e+00  1.52975140e-28
 4.65000000e+01  0.00000000e+00  0.00000000e+00  1.52355025e-28
 4.66000000e+01  0.00000000e+00  0.00000000e+00  1.51734910e-28
 4.67000000e+01  0.00000000e+00  0.00000000e+00  1.51114795e-28
 4.68000000e+01  0.00000000e+00  0.00000000e+00  1.50494680e-28
 4.69000000e+01  0.00000000e+00  0.00000000e+00  1.49874565e-28
 4.70000000e+01  0.00000000e+00  0.00000000e+00  1.49254450e-28
 4.71000000e+01  0.00000000e+00  0.00000000e+00  1.48634335e-28
 4.72000000e+01  0.00000000e+00  0.00000000e+00  1.48014220e-28
 4.73000000e+01  0.00000000e+00  0.00000000e+00  1.47394105e-28
 4.74000000e+01  0.00000000e+00  0.00000000e+00  1.46773990e-28
 4.75000000e+01  0.00000000e+00  0.00000000e+00  1.46153875e-28
 4.76000000e+01  0.00000000e+00  0.00000000e+00  1.45533760e-28
 4.77000000e+01  0.00000000e+00  0.00000000e+00  1.44913645e-28
 4.78000000e+01  0.00000000e+00  0.00000000e+00  1.44293530e-28
 4.79000000e+01  0.00000000e+00  0.00000000e+00  1.43673415e-28
 4.80000000e+01  0.00000000e+00  0.00000000e+00  1.43053300e-28
 4.81000000e+01  0.00000000e+00  0.00000000e+00  1.42414940e-28
 4.82000000e+01  0.00000000e+00  0.00000000e+00  1.41776580e-28
 4.83000000e+01  0.00000000e+00  0.00000000e+00  1.41138220e-28
 4.84000000e+01  0.00000000e+00  0.00000000e+00  1.40499860e-28
 4.85000000e+01  0.00000000e+00  0.00000000e+00  1.39861500e-28
 4.86000000e+01  0.00000000e+00  0.00000000e+00  1.39223140e-28
 4.87000000e+01  0.00000000e+00  0.00000000e+00  1.38584780e-28
 4.88000000e+01  0.00000000e+00  0.00000000e+00  1.37946420e-28
 4.89000000e+01  0.00000000e+00  0.00000000e+00  1.37308060e-28
 4.90000000e+01  0.00000000e+00  0.00000000e+00  1.36669700e-28
 4.91000000e+01  0.00000000e+00  0.00000000e+00  1.36031340e-28
 4.92000000e+01  0.00000000e+00  0.00000000e+00  1.35392980e-28
 4.93000000e+01  0.00000000e+00  0.00000000e+00  1.34754620e-28
 4.94000000e+01  0.00000000e+00  0.00000000e+00  1.34116260e-28
 4.95000000e+01  0.00000000e+00  0.00000000e+00  1.33477900e-28
 4.96000000e+01  0.00000000e+00  0.00000000e+00  1.32839540e-28
 4.97000000e+01  0.00000000e+00  0.00000000e+00  1.32201180e-28
 4.98000000e+01  0.00000000e+00  0.00000000e+00  1.31562820e-28
 4.99000000e+01  0.00000000e+00  0.00000000e+00  1.30924460e-28
 5.00000000e+01  0.00000000e+00  0.00000000e+00  1.30286100e-28
