# energy(MeV) dYield(atoms/MeV/s) photonFlux(photons/MeV/uA/s) crossSection(mb)
# 501 4
# 501 4
 0.00000000e+00  0.00000000e+00  4.46850000e+13  0.00000000e+00
 1.00000000e-01  0.00000000e+00  4.47162000e+13  0.00000000e+00
 2.00000000e-01  0.00000000e+00  4.47474000e+13  0.00000000e+00
 3.00000000e-01  0.00000000e+00  4.47786000e+13  0.00000000e+00
 4.00000000e-01  0.00000000e+00  4.48098000e+13  0.00000000e+00
 5.00000000e-01  0.00000000e+00  4.48410000e+13  0.00000000e+00
 6.00000000e-01  0.00000000e+00  4.29990300e+13  0.00000000e+00
 7.00000000e-01  0.00000000e+00  4.11570600e+13  0.00000000e+00
 8.00000000e-01  0.00000000e+00  3.93150900e+13  0.00000000e+00
 9.00000000e-01  0.00000000e+00  3.74731200e+13  0.00000000e+00
 1.00000000e+00  0.00000000e+00  3.56311500e+13  0.00000000e+00
 1.10000000e+00  0.00000000e+00  3.29832600e+13  0.00000000e+00
 1.20000000e+00  0.00000000e+00  3.03353700e+13  0.00000000e+00
 1.30000000e+00  0.00000000e+00  2.76874800e+13  0.00000000e+00
 1.40000000e+00  0.00000000e+00  2.50395900e+13  0.00000000e+00
 1.50000000e+00  0.00000000e+00  2.23917000e+13  0.00000000e+00
 1.60000000e+00  0.00000000e+00  2.11731600e+13  0.00000000e+00
 1.70000000e+00  0.00000000e+00  1.99546200e+13  0.00000000e+00
 1.80000000e+00  0.00000000e+00  1.87360800e+13  0.00000000e+00
 1.90000000e+00  0.00000000e+00  1.75175400e+13  0.00000000e+00
 2.00000000e+00  0.00000000e+00  1.62990000e+13  0.00000000e+00
 2.10000000e+00  0.00000000e+00  1.55637300e+13  0.00000000e+00
 2.20000000e+00  0.00000000e+00  1.48284600e+13  0.00000000e+00
 2.30000000e+00  0.00000000e+00  1.40931900e+13  0.00000000e+00
 2.40000000e+00  0.00000000e+00  1.33579200e+13  0.00000000e+00
 2.50000000e+00  0.00000000e+00  1.26226500e+13  0.00000000e+00
 2.60000000e+00  0.00000000e+00  1.21326000e+13  0.00000000e+00
 2.70000000e+00  0.00000000e+00  1.16425500e+13  0.00000000e+00
 2.80000000e+00  0.00000000e+00  1.11525000e+13  0.00000000e+00
 2.90000000e+00  0.00000000e+00  1.06624500e+13  0.00000000e+00
 3.00000000e+00  0.00000000e+00  1.01724000e+13  0.00000000e+00
 3.10000000e+00  0.00000000e+00  9.82401000e+12  0.00000000e+00
 3.20000000e+00  0.00000000e+00  9.47562000e+12  0.00000000e+00
 3.30000000e+00  0.00000000e+00  9.12723000e+12  0.00000000e+00
 3.40000000e+00  0.00000000e+00  8.77884000e+12  0.00000000e+00
 3.50000000e+00  0.00000000e+00  8.43045000e+12  0.00000000e+00
 3.60000000e+00  0.00000000e+00  8.17356000e+12  0.00000000e+00
 3.70000000e+00  0.00000000e+00  7.91667000e+12  0.00000000e+00
 3.80000000e+00  0.00000000e+00  7.65978000e+12  0.00000000e+00
 3.90000000e+00  0.00000000e+00  7.40289000e+12  0.00000000e+00
 4.00000000e+00  0.00000000e+00  7.14600000e+12  0.00000000e+00
 4.10000000e+00  0.00000000e+00  6.94923000e+12  0.00000000e+00
 4.20000000e+00  0.00000000e+00  6.75246000e+12  0.00000000e+00
 4.30000000e+00  0.00000000e+00  6.55569000e+12  0.00000000e+00
 4.40000000e+00  0.00000000e+00  6.35892000e+12  0.00000000e+00
 4.50000000e+00  0.00000000e+00  6.16215000e+12  0.00000000e+00
 4.60000000e+00  0.00000000e+00  6.00432000e+12  0.00000000e+00
 4.70000000e+00  0.00000000e+00  5.84649000e+12  0.00000000e+00
 4.80000000e+00  0.00000000e+00  5.68866000e+12  0.00000000e+00
 4.90000000e+00  0.00000000e+00  5.53083000e+12  0.00000000e+00
 5.00000000e+00  0.00000000e+00  5.37300000e+12  0.00000000e+00
 5.10000000e+00  0.00000000e+00  5.24535000e+12  0.00000000e+00
 5.20000000e+00  0.00000000e+00  5.11770000e+12  0.00000000e+00
 5.30000000e+00  0.00000000e+00  4.99005000e+12  0.00000000e+00
 5.40000000e+00  0.00000000e+00  4.86240000e+12  0.00000000e+00
 5.50000000e+00  0.00000000e+00  4.73475000e+12  0.00000000e+00
 5.60000000e+00  0.00000000e+00  4.63014000e+12  0.00000000e+00
 5.70000000e+00  0.00000000e+00  4.52553000e+12  0.00000000e+00
 5.80000000e+00  0.00000000e+00  4.42092000e+12  0.00000000e+00
 5.90000000e+00  0.00000000e+00  4.31631000e+12  0.00000000e+00
 6.00000000e+00  0.00000000e+00  4.21170000e+12  0.00000000e+00
 6.10000000e+00  0.00000000e+00  4.12518000e+12  0.00000000e+00
 6.20000000e+00  0.00000000e+00  4.03866000e+12  0.00000000e+00
 6.30000000e+00  0.00000000e+00  3.95214000e+12  0.00000000e+00
 6.40000000e+00  0.00000000e+00  3.86562000e+12  0.00000000e+00
 6.50000000e+00  0.00000000e+00  3.77910000e+12  0.00000000e+00
 6.60000000e+00  4.68089813e+08  3.70383000e+12  1.27245380e-26
 6.70000000e+00  4.94896314e+08  3.62856000e+12  1.37323160e-26
 6.80000000e+00  5.20196024e+08  3.55329000e+12  1.47400940e-26
 6.90000000e+00  5.43988944e+08  3.47802000e+12  1.57478720e-26
 7.00000000e+00  5.66275073e+08  3.40275000e+12  1.67556500e-26
 7.10000000e+00  5.91707334e+08  3.34001700e+12  1.78370140e-26
 7.20000000e+00  6.15792079e+08  3.27728400e+12  1.89183780e-26
 7.30000000e+00  6.38529308e+08  3.21455100e+12  1.99997420e-26
 7.40000000e+00  6.59919020e+08  3.15181800e+12  2.10811060e-26
 7.50000000e+00  6.79961215e+08  3.08908500e+12  2.21624700e-26
 7.60000000e+00  7.13598015e+08  3.03461400e+12  2.36763120e-26
 7.70000000e+00  7.45596822e+08  2.98014300e+12  2.51901540e-26
 7.80000000e+00  7.75957637e+08  2.92567200e+12  2.67039960e-26
 7.90000000e+00  8.04680458e+08  2.87120100e+12  2.82178380e-26
 8.00000000e+00  8.31765286e+08  2.81673000e+12  2.97316800e-26
 8.10000000e+00  8.78065375e+08  2.76970200e+12  3.19196180e-26
 8.20000000e+00  9.22321573e+08  2.72267400e+12  3.41075560e-26
 8.30000000e+00  9.64533881e+08  2.67564600e+12  3.62954940e-26
 8.40000000e+00  1.00470230e+09  2.62861800e+12  3.84834320e-26
 8.50000000e+00  1.04282682e+09  2.58159000e+12  4.06713700e-26
 8.60000000e+00  1.10717649e+09  2.54066400e+12  4.38766540e-26
 8.70000000e+00  1.16892042e+09  2.49973800e+12  4.70819380e-26
 8.80000000e+00  1.22805860e+09  2.45881200e+12  5.02872220e-26
 8.90000000e+00  1.28459103e+09  2.41788600e+12  5.34925060e-26
 9.00000000e+00  1.33851772e+09  2.37696000e+12  5.66977900e-26
 9.10000000e+00  1.42712226e+09  2.33932200e+12  6.14235700e-26
 9.20000000e+00  1.51219362e+09  2.30168400e+12  6.61493500e-26
 9.30000000e+00  1.59373179e+09  2.26404600e+12  7.08751300e-26
 9.40000000e+00  1.67173679e+09  2.22640800e+12  7.56009100e-26
 9.50000000e+00  1.74620859e+09  2.18877000e+12  8.03266900e-26
 9.60000000e+00  1.86943194e+09  2.15585100e+12  8.73081520e-26
 9.70000000e+00  1.98809010e+09  2.12293200e+12  9.42896140e-26
 9.80000000e+00  2.10218307e+09  2.09001300e+12  1.01271076e-25
 9.90000000e+00  2.21171084e+09  2.05709400e+12  1.08252538e-25
 1.00000000e+01  2.31667342e+09  2.02417500e+12  1.15234000e-25
 1.01000000e+01  2.48795492e+09  1.99560300e+12  1.25525580e-25
 1.02000000e+01  2.65339540e+09  1.96703100e+12  1.35817160e-25
 1.03000000e+01  2.81299485e+09  1.93845900e+12  1.46108740e-25
 1.04000000e+01  2.96675328e+09  1.90988700e+12  1.56400320e-25
 1.05000000e+01  3.11467070e+09  1.88131500e+12  1.66691900e-25
 1.06000000e+01  3.33858500e+09  1.85451000e+12  1.81257980e-25
 1.07000000e+01  3.55474353e+09  1.82770500e+12  1.95824060e-25
 1.08000000e+01  3.76314630e+09  1.80090000e+12  2.10390140e-25
 1.09000000e+01  3.96379330e+09  1.77409500e+12  2.24956220e-25
 1.10000000e+01  4.15668454e+09  1.74729000e+12  2.39522300e-25
 1.11000000e+01  4.37496013e+09  1.72372200e+12  2.55546980e-25
 1.12000000e+01  4.58573369e+09  1.70015400e+12  2.71571660e-25
 1.13000000e+01  4.78900524e+09  1.67658600e+12  2.87596340e-25
 1.14000000e+01  4.98477476e+09  1.65301800e+12  3.03621020e-25
 1.15000000e+01  5.17304227e+09  1.62945000e+12  3.19645700e-25
 1.16000000e+01  4.97453590e+09  1.60897800e+12  3.11290840e-25
 1.17000000e+01  4.77942708e+09  1.58850600e+12  3.02935980e-25
 1.18000000e+01  4.58771580e+09  1.56803400e+12  2.94581120e-25
 1.19000000e+01  4.39940207e+09  1.54756200e+12  2.86226260e-25
 1.20000000e+01  4.21448589e+09  1.52709000e+12  2.77871400e-25
 1.21000000e+01  3.92557720e+09  1.50755400e+12  2.62176960e-25
 1.22000000e+01  3.64275894e+09  1.48801800e+12  2.46482520e-25
 1.23000000e+01  3.36603109e+09  1.46848200e+12  2.30788080e-25
 1.24000000e+01  3.09539368e+09  1.44894600e+12  2.15093640e-25
 1.25000000e+01  2.83084669e+09  1.42941000e+12  1.99399200e-25
 1.26000000e+01  2.62557963e+09  1.41137400e+12  1.87303960e-25
 1.27000000e+01  2.42464589e+09  1.39333800e+12  1.75208720e-25
 1.28000000e+01  2.22804547e+09  1.37530200e+12  1.63113480e-25
 1.29000000e+01  2.03577837e+09  1.35726600e+12  1.51018240e-25
 1.30000000e+01  1.84784460e+09  1.33923000e+12  1.38923000e-25
 1.31000000e+01  1.71878114e+09  1.32346500e+12  1.30759122e-25
 1.32000000e+01  1.59227424e+09  1.30770000e+12  1.22595244e-25
 1.33000000e+01  1.46832390e+09  1.29193500e+12  1.14431366e-25
 1.34000000e+01  1.34693013e+09  1.27617000e+12  1.06267488e-25
 1.35000000e+01  1.22809292e+09  1.26040500e+12  9.81036100e-26
 1.36000000e+01  1.15757264e+09  1.24585200e+12  9.35504060e-26
 1.37000000e+01  1.08836860e+09  1.23129900e+12  8.89972020e-26
 1.38000000e+01  1.02048080e+09  1.21674600e+12  8.44439980e-26
 1.39000000e+01  9.53909237e+08  1.20219300e+12  7.98907940e-26
 1.40000000e+01  8.88653921e+08  1.18764000e+12  7.53375900e-26
 1.41000000e+01  8.43364103e+08  1.17264000e+12  7.24126240e-26
 1.42000000e+01  7.98945806e+08  1.15764000e+12  6.94876580e-26
 1.43000000e+01  7.55399030e+08  1.14264000e+12  6.65626920e-26
 1.44000000e+01  7.12723777e+08  1.12764000e+12  6.36377260e-26
 1.45000000e+01  6.70920045e+08  1.11264000e+12  6.07127600e-26
 1.46000000e+01  6.35252061e+08  1.09992600e+12  5.81495680e-26
 1.47000000e+01  6.00231412e+08  1.08721200e+12  5.55863760e-26
 1.48000000e+01  5.65858100e+08  1.07449800e+12  5.30231840e-26
 1.49000000e+01  5.32132122e+08  1.06178400e+12  5.04599920e-26
 1.50000000e+01  4.99053481e+08  1.04907000e+12  4.78968000e-26
 1.51000000e+01  4.70418106e+08  1.03857300e+12  4.56048340e-26
 1.52000000e+01  4.42260635e+08  1.02807600e+12  4.33128680e-26
 1.53000000e+01  4.14581066e+08  1.01757900e+12  4.10209020e-26
 1.54000000e+01  3.87379399e+08  1.00708200e+12  3.87289360e-26
 1.55000000e+01  3.60655636e+08  9.96585000e+11  3.64369700e-26
 1.56000000e+01  3.37564413e+08  9.84678000e+11  3.45164640e-26
 1.57000000e+01  3.14927428e+08  9.72771000e+11  3.25959580e-26
 1.58000000e+01  2.92744682e+08  9.60864000e+11  3.06754520e-26
 1.59000000e+01  2.71016175e+08  9.48957000e+11  2.87549460e-26
 1.60000000e+01  2.49741907e+08  9.37050000e+11  2.68344400e-26
 1.61000000e+01  2.34176641e+08  9.27021000e+11  2.54341880e-26
 1.62000000e+01  2.18890327e+08  9.16992000e+11  2.40339360e-26
 1.63000000e+01  2.03882965e+08  9.06963000e+11  2.26336840e-26
 1.64000000e+01  1.89154555e+08  8.96934000e+11  2.12334320e-26
 1.65000000e+01  1.74705098e+08  8.86905000e+11  1.98331800e-26
 1.66000000e+01  1.64321800e+08  8.78076000e+11  1.88419980e-26
 1.67000000e+01  1.54112333e+08  8.69247000e+11  1.78508160e-26
 1.68000000e+01  1.44076700e+08  8.60418000e+11  1.68596340e-26
 1.69000000e+01  1.34214899e+08  8.51589000e+11  1.58684520e-26
 1.70000000e+01  1.24526930e+08  8.42760000e+11  1.48772700e-26
 1.71000000e+01  1.17701637e+08  8.33610000e+11  1.42161980e-26
 1.72000000e+01  1.10996496e+08  8.24460000e+11  1.35551260e-26
 1.73000000e+01  1.04411510e+08  8.15310000e+11  1.28940540e-26
 1.74000000e+01  9.79466765e+07  8.06160000e+11  1.22329820e-26
 1.75000000e+01  9.16019966e+07  7.97010000e+11  1.15719100e-26
 1.76000000e+01  8.69971195e+07  7.89156000e+11  1.10995632e-26
 1.77000000e+01  8.24659340e+07  7.81302000e+11  1.06272164e-26
 1.78000000e+01  7.80084401e+07  7.73448000e+11  1.01548696e-26
 1.79000000e+01  7.36246378e+07  7.65594000e+11  9.68252280e-27
 1.80000000e+01  6.93145272e+07  7.57740000e+11  9.21017600e-27
 1.81000000e+01  6.60331325e+07  7.49823000e+11  8.86680220e-27
 1.82000000e+01  6.28057379e+07  7.41906000e+11  8.52342840e-27
 1.83000000e+01  5.96323433e+07  7.33989000e+11  8.18005460e-27
 1.84000000e+01  5.65129488e+07  7.26072000e+11  7.83668080e-27
 1.85000000e+01  5.34475542e+07  7.18155000e+11  7.49330700e-27
 1.86000000e+01  5.11303315e+07  7.10880000e+11  7.24179440e-27
 1.87000000e+01  4.88494550e+07  7.03605000e+11  6.99028180e-27
 1.88000000e+01  4.66049247e+07  6.96330000e+11  6.73876920e-27
 1.89000000e+01  4.43967406e+07  6.89055000e+11  6.48725660e-27
 1.90000000e+01  4.22249026e+07  6.81780000e+11  6.23574400e-27
 1.91000000e+01  4.04768896e+07  6.74472000e+11  6.04236680e-27
 1.92000000e+01  3.87569484e+07  6.67164000e+11  5.84898960e-27
 1.93000000e+01  3.70650790e+07  6.59856000e+11  5.65561240e-27
 1.94000000e+01  3.54012813e+07  6.52548000e+11  5.46223520e-27
 1.95000000e+01  3.37655555e+07  6.45240000e+11  5.26885800e-27
 1.96000000e+01  3.24448236e+07  6.38688000e+11  5.11470440e-27
 1.97000000e+01  3.11441547e+07  6.32136000e+11  4.96055080e-27
 1.98000000e+01  2.98635486e+07  6.25584000e+11  4.80639720e-27
 1.99000000e+01  2.86030055e+07  6.19032000e+11  4.65224360e-27
 2.00000000e+01  2.73625252e+07  6.12480000e+11  4.49809000e-27
 2.01000000e+01  2.64312840e+07  6.06648000e+11  4.38677510e-27
 2.02000000e+01  2.55129383e+07  6.00816000e+11  4.27546020e-27
 2.03000000e+01  2.46074881e+07  5.94984000e+11  4.16414530e-27
 2.04000000e+01  2.37149333e+07  5.89152000e+11  4.05283040e-27
 2.05000000e+01  2.28352740e+07  5.83320000e+11  3.94151550e-27
 2.06000000e+01  2.19749012e+07  5.77656000e+11  3.83020060e-27
 2.07000000e+01  2.11270523e+07  5.71992000e+11  3.71888570e-27
 2.08000000e+01  2.02917274e+07  5.66328000e+11  3.60757080e-27
 2.09000000e+01  1.94689265e+07  5.60664000e+11  3.49625590e-27
 2.10000000e+01  1.86586496e+07  5.55000000e+11  3.38494100e-27
 2.11000000e+01  1.80810221e+07  5.49963000e+11  3.31019350e-27
 2.12000000e+01  1.75108734e+07  5.44926000e+11  3.23544600e-27
 2.13000000e+01  1.69482036e+07  5.39889000e+11  3.16069850e-27
 2.14000000e+01  1.63930126e+07  5.34852000e+11  3.08595100e-27
 2.15000000e+01  1.58453004e+07  5.29815000e+11  3.01120350e-27
 2.16000000e+01  1.53148665e+07  5.25114000e+11  2.93645600e-27
 2.17000000e+01  1.47914126e+07  5.20413000e+11  2.86170850e-27
 2.18000000e+01  1.42749386e+07  5.15712000e+11  2.78696100e-27
 2.19000000e+01  1.37654446e+07  5.11011000e+11  2.71221350e-27
 2.20000000e+01  1.32629306e+07  5.06310000e+11  2.63746600e-27
 2.21000000e+01  1.28656649e+07  5.01441000e+11  2.58330850e-27
 2.22000000e+01  1.24736372e+07  4.96572000e+11  2.52915100e-27
 2.23000000e+01  1.20868475e+07  4.91703000e+11  2.47499350e-27
 2.24000000e+01  1.17052958e+07  4.86834000e+11  2.42083600e-27
 2.25000000e+01  1.13289820e+07  4.81965000e+11  2.36667850e-27
 2.26000000e+01  1.09448835e+07  4.76529000e+11  2.31252100e-27
 2.27000000e+01  1.05666329e+07  4.71093000e+11  2.25836350e-27
 2.28000000e+01  1.01942302e+07  4.65657000e+11  2.20420600e-27
 2.29000000e+01  9.82767555e+06  4.60221000e+11  2.15004850e-27
 2.30000000e+01  9.46696882e+06  4.54785000e+11  2.09589100e-27
 2.31000000e+01  9.20604069e+06  4.50618000e+11  2.05697130e-27
 2.32000000e+01  8.94833406e+06  4.46451000e+11  2.01805160e-27
 2.33000000e+01  8.69384893e+06  4.42284000e+11  1.97913190e-27
 2.34000000e+01  8.44258532e+06  4.38117000e+11  1.94021220e-27
 2.35000000e+01  8.19454321e+06  4.33950000e+11  1.90129250e-27
 2.36000000e+01  7.95782432e+06  4.30221000e+11  1.86237280e-27
 2.37000000e+01  7.72398833e+06  4.26492000e+11  1.82345310e-27
 2.38000000e+01  7.49303522e+06  4.22763000e+11  1.78453340e-27
 2.39000000e+01  7.26496500e+06  4.19034000e+11  1.74561370e-27
 2.40000000e+01  7.03977767e+06  4.15305000e+11  1.70669400e-27
 2.41000000e+01  6.83376655e+06  4.10799000e+11  1.67492220e-27
 2.42000000e+01  6.63059923e+06  4.06293000e+11  1.64315040e-27
 2.43000000e+01  6.43027571e+06  4.01787000e+11  1.61137860e-27
 2.44000000e+01  6.23279599e+06  3.97281000e+11  1.57960680e-27
 2.45000000e+01  6.03816007e+06  3.92775000e+11  1.54783500e-27
 2.46000000e+01  5.84591623e+06  3.88239000e+11  1.51606320e-27
 2.47000000e+01  5.65653512e+06  3.83703000e+11  1.48429140e-27
 2.48000000e+01  5.47001674e+06  3.79167000e+11  1.45251960e-27
 2.49000000e+01  5.28636110e+06  3.74631000e+11  1.42074780e-27
 2.50000000e+01  5.10556819e+06  3.70095000e+11  1.38897600e-27
 2.51000000e+01  4.96953289e+06  3.66540000e+11  1.36507990e-27
 2.52000000e+01  4.83518505e+06  3.62985000e+11  1.34118380e-27
 2.53000000e+01  4.70252466e+06  3.59430000e+11  1.31728770e-27
 2.54000000e+01  4.57155173e+06  3.55875000e+11  1.29339160e-27
 2.55000000e+01  4.44226625e+06  3.52320000e+11  1.26949550e-27
 2.56000000e+01  4.31637547e+06  3.48903000e+11  1.24559940e-27
 2.57000000e+01  4.19210664e+06  3.45486000e+11  1.22170330e-27
 2.58000000e+01  4.06945977e+06  3.42069000e+11  1.19780720e-27
 2.59000000e+01  3.94843484e+06  3.38652000e+11  1.17391110e-27
 2.60000000e+01  3.82903187e+06  3.35235000e+11  1.15001500e-27
 2.61000000e+01  3.72715315e+06  3.31536000e+11  1.13190616e-27
 2.62000000e+01  3.62660501e+06  3.27837000e+11  1.11379732e-27
 2.63000000e+01  3.52738745e+06  3.24138000e+11  1.09568848e-27
 2.64000000e+01  3.42950047e+06  3.20439000e+11  1.07757964e-27
 2.65000000e+01  3.33294407e+06  3.16740000e+11  1.05947080e-27
 2.66000000e+01  3.24338403e+06  3.13588800e+11  1.04136196e-27
 2.67000000e+01  3.15495752e+06  3.10437600e+11  1.02325312e-27
 2.68000000e+01  3.06766455e+06  3.07286400e+11  1.00514428e-27
 2.69000000e+01  2.98150510e+06  3.04135200e+11  9.87035440e-28
 2.70000000e+01  2.89647917e+06  3.00984000e+11  9.68926600e-28
 2.71000000e+01  2.82588280e+06  2.97989400e+11  9.54810550e-28
 2.72000000e+01  2.75612612e+06  2.94994800e+11  9.40694500e-28
 2.73000000e+01  2.68720913e+06  2.92000200e+11  9.26578450e-28
 2.74000000e+01  2.61913182e+06  2.89005600e+11  9.12462400e-28
 2.75000000e+01  2.55189421e+06  2.86011000e+11  8.98346350e-28
 2.76000000e+01  2.48487450e+06  2.82945600e+11  8.84230300e-28
 2.77000000e+01  2.41871434e+06  2.79880200e+11  8.70114250e-28
 2.78000000e+01  2.35341371e+06  2.76814800e+11  8.55998200e-28
 2.79000000e+01  2.28897263e+06  2.73749400e+11  8.41882150e-28
 2.80000000e+01  2.22539109e+06  2.70684000e+11  8.27766100e-28
 2.81000000e+01  2.16616413e+06  2.67518400e+11  8.15270220e-28
 2.82000000e+01  2.10772292e+06  2.64352800e+11  8.02774340e-28
 2.83000000e+01  2.05006748e+06  2.61187200e+11  7.90278460e-28
 2.84000000e+01  1.99319779e+06  2.58021600e+11  7.77782580e-28
 2.85000000e+01  1.93711387e+06  2.54856000e+11  7.65286700e-28
 2.86000000e+01  1.88245271e+06  2.51775600e+11  7.52790820e-28
 2.87000000e+01  1.82855617e+06  2.48695200e+11  7.40294940e-28
 2.88000000e+01  1.77542424e+06  2.45614800e+11  7.27799060e-28
 2.89000000e+01  1.72305692e+06  2.42534400e+11  7.15303180e-28
 2.90000000e+01  1.67145420e+06  2.39454000e+11  7.02807300e-28
 2.91000000e+01  1.63127977e+06  2.36759400e+11  6.93721410e-28
 2.92000000e+01  1.59159167e+06  2.34064800e+11  6.84635520e-28
 2.93000000e+01  1.55238989e+06  2.31370200e+11  6.75549630e-28
 2.94000000e+01  1.51367443e+06  2.28675600e+11  6.66463740e-28
 2.95000000e+01  1.47544531e+06  2.25981000e+11  6.57377850e-28
 2.96000000e+01  1.43644693e+06  2.23091400e+11  6.48291960e-28
 2.97000000e+01  1.39797008e+06  2.20201800e+11  6.39206070e-28
 2.98000000e+01  1.36001475e+06  2.17312200e+11  6.30120180e-28
 2.99000000e+01  1.32258094e+06  2.14422600e+11  6.21034290e-28
 3.00000000e+01  1.28566865e+06  2.11533000e+11  6.11948400e-28
 3.01000000e+01  1.25445749e+06  2.08659300e+11  6.05315900e-28
 3.02000000e+01  1.22362494e+06  2.05785600e+11  5.98683400e-28
 3.03000000e+01  1.19317099e+06  2.02911900e+11  5.92050900e-28
 3.04000000e+01  1.16309564e+06  2.00038200e+11  5.85418400e-28
 3.05000000e+01  1.13339890e+06  1.97164500e+11  5.78785900e-28
 3.06000000e+01  1.10707607e+06  1.94817900e+11  5.72153400e-28
 3.07000000e+01  1.08106240e+06  1.92471300e+11  5.65520900e-28
 3.08000000e+01  1.05535789e+06  1.90124700e+11  5.58888400e-28
 3.09000000e+01  1.02996253e+06  1.87778100e+11  5.52255900e-28
 3.10000000e+01  1.00487634e+06  1.85431500e+11  5.45623400e-28
 3.11000000e+01  9.78544723e+05  1.82794500e+11  5.38990900e-28
 3.12000000e+01  9.52560524e+05  1.80157500e+11  5.32358400e-28
 3.13000000e+01  9.26923745e+05  1.77520500e+11  5.25725900e-28
 3.14000000e+01  9.01634384e+05  1.74883500e+11  5.19093400e-28
 3.15000000e+01  8.76692443e+05  1.72246500e+11  5.12460900e-28
 3.16000000e+01  8.52649542e+05  1.69719300e+11  5.05828400e-28
 3.17000000e+01  8.28939595e+05  1.67192100e+11  4.99195900e-28
 3.18000000e+01  8.05562600e+05  1.64664900e+11  4.92563400e-28
 3.19000000e+01  7.82518559e+05  1.62137700e+11  4.85930900e-28
 3.20000000e+01  7.59807471e+05  1.59610500e+11  4.79298400e-28
 3.21000000e+01  7.40168511e+05  1.57137000e+11  4.74259485e-28
 3.22000000e+01  7.20777131e+05  1.54663500e+11  4.69220570e-28
 3.23000000e+01  7.01633330e+05  1.52190000e+11  4.64181655e-28
 3.24000000e+01  6.82737110e+05  1.49716500e+11  4.59142740e-28
 3.25000000e+01  6.64088469e+05  1.47243000e+11  4.54103825e-28
 3.26000000e+01  6.44899307e+05  1.44592800e+11  4.49064910e-28
 3.27000000e+01  6.25975411e+05  1.41942600e+11  4.44025995e-28
 3.28000000e+01  6.07316782e+05  1.39292400e+11  4.38987080e-28
 3.29000000e+01  5.88923418e+05  1.36642200e+11  4.33948165e-28
 3.30000000e+01  5.70795320e+05  1.33992000e+11  4.28909250e-28
 3.31000000e+01  5.54695585e+05  1.31760600e+11  4.23870335e-28
 3.32000000e+01  5.38819196e+05  1.29529200e+11  4.18831420e-28
 3.33000000e+01  5.23166154e+05  1.27297800e+11  4.13792505e-28
 3.34000000e+01  5.07736460e+05  1.25066400e+11  4.08753590e-28
 3.35000000e+01  4.92530113e+05  1.22835000e+11  4.03714675e-28
 3.36000000e+01  4.76551659e+05  1.20352200e+11  3.98675760e-28
 3.37000000e+01  4.60821716e+05  1.17869400e+11  3.93636845e-28
 3.38000000e+01  4.45340284e+05  1.15386600e+11  3.88597930e-28
 3.39000000e+01  4.30107362e+05  1.12903800e+11  3.83559015e-28
 3.40000000e+01  4.15122950e+05  1.10421000e+11  3.78520100e-28
 3.41000000e+01  4.03467298e+05  1.08281700e+11  3.75160540e-28
 3.42000000e+01  3.91954410e+05  1.06142400e+11  3.71800980e-28
 3.43000000e+01  3.80584287e+05  1.04003100e+11  3.68441420e-28
 3.44000000e+01  3.69356928e+05  1.01863800e+11  3.65081860e-28
 3.45000000e+01  3.58272334e+05  9.97245000e+10  3.61722300e-28
 3.46000000e+01  3.46910868e+05  9.74673000e+10  3.58362740e-28
 3.47000000e+01  3.35700035e+05  9.52101000e+10  3.55003180e-28
 3.48000000e+01  3.24639834e+05  9.29529000e+10  3.51643620e-28
 3.49000000e+01  3.13730266e+05  9.06957000e+10  3.48284060e-28
 3.50000000e+01  3.02971330e+05  8.84385000e+10  3.44924500e-28
 3.51000000e+01  2.91649601e+05  8.59710000e+10  3.41564940e-28
 3.52000000e+01  2.80492538e+05  8.35035000e+10  3.38205380e-28
 3.53000000e+01  2.69500143e+05  8.10360000e+10  3.34845820e-28
 3.54000000e+01  2.58672414e+05  7.85685000e+10  3.31486260e-28
 3.55000000e+01  2.48009351e+05  7.61010000e+10  3.28126700e-28
 3.56000000e+01  2.38471857e+05  7.39314000e+10  3.24767140e-28
 3.57000000e+01  2.29079149e+05  7.17618000e+10  3.21407580e-28
 3.58000000e+01  2.19831227e+05  6.95922000e+10  3.18048020e-28
 3.59000000e+01  2.10728092e+05  6.74226000e+10  3.14688460e-28
 3.60000000e+01  2.01769744e+05  6.52530000e+10  3.11328900e-28
 3.61000000e+01  1.93073923e+05  6.29778000e+10  3.08673975e-28
 3.62000000e+01  1.84498091e+05  6.07026000e+10  3.06019050e-28
 3.63000000e+01  1.76042247e+05  5.84274000e+10  3.03364125e-28
 3.64000000e+01  1.67706391e+05  5.61522000e+10  3.00709200e-28
 3.65000000e+01  1.59490523e+05  5.38770000e+10  2.98054275e-28
 3.66000000e+01  1.51712385e+05  5.17101000e+10  2.95399350e-28
 3.67000000e+01  1.44048523e+05  4.95432000e+10  2.92744425e-28
 3.68000000e+01  1.36498938e+05  4.73763000e+10  2.90089500e-28
 3.69000000e+01  1.29063629e+05  4.52094000e+10  2.87434575e-28
 3.70000000e+01  1.21742597e+05  4.30425000e+10  2.84779650e-28
 3.71000000e+01  1.14361582e+05  4.08134100e+10  2.82124725e-28
 3.72000000e+01  1.07098122e+05  3.85843200e+10  2.79469800e-28
 3.73000000e+01  9.99522195e+04  3.63552300e+10  2.76814875e-28
 3.74000000e+01  9.29238729e+04  3.41261400e+10  2.74159950e-28
 3.75000000e+01  8.60130827e+04  3.18970500e+10  2.71505025e-28
 3.76000000e+01  7.97507945e+04  2.98668000e+10  2.68850100e-28
 3.77000000e+01  7.35955762e+04  2.78365500e+10  2.66195175e-28
 3.78000000e+01  6.75474280e+04  2.58063000e+10  2.63540250e-28
 3.79000000e+01  6.16063498e+04  2.37760500e+10  2.60885325e-28
 3.80000000e+01  5.57723417e+04  2.17458000e+10  2.58230400e-28
 3.81000000e+01  5.08816990e+04  1.99671900e+10  2.56571570e-28
 3.82000000e+01  4.60496631e+04  1.81885800e+10  2.54912740e-28
 3.83000000e+01  4.12762342e+04  1.64099700e+10  2.53253910e-28
 3.84000000e+01  3.65614122e+04  1.46313600e+10  2.51595080e-28
 3.85000000e+01  3.19051971e+04  1.28527500e+10  2.49936250e-28
 3.86000000e+01  2.81528237e+04  1.14169110e+10  2.48277420e-28
 3.87000000e+01  2.44477627e+04  9.98107200e+09  2.46618590e-28
 3.88000000e+01  2.07900139e+04  8.54523300e+09  2.44959760e-28
 3.89000000e+01  1.71795773e+04  7.10939400e+09  2.43300930e-28
 3.90000000e+01  1.36164530e+04  5.67355500e+09  2.41642100e-28
 3.91000000e+01  1.16955385e+04  4.90685400e+09  2.39983270e-28
 3.92000000e+01  9.79988759e+03  4.14015300e+09  2.38324440e-28
 3.93000000e+01  7.92950016e+03  3.37345200e+09  2.36665610e-28
 3.94000000e+01  6.08437625e+03  2.60675100e+09  2.35006780e-28
 3.95000000e+01  4.26451588e+03  1.84005000e+09  2.33347950e-28
 3.96000000e+01  3.56500533e+03  1.54923900e+09  2.31689120e-28
 3.97000000e+01  2.87507727e+03  1.25842800e+09  2.30030290e-28
 3.98000000e+01  2.19473172e+03  9.67617000e+08  2.28371460e-28
 3.99000000e+01  1.52396866e+03  6.76806000e+08  2.26712630e-28
 4.00000000e+01  8.62788110e+02  3.85995000e+08  2.25053800e-28
 4.01000000e+01  6.85693399e+02  3.08796000e+08  2.23574455e-28
 4.02000000e+01  5.10867233e+02  2.31597000e+08  2.22095110e-28
 4.03000000e+01  3.38309611e+02  1.54398000e+08  2.20615765e-28
 4.04000000e+01  1.68020533e+02  7.71990000e+07  2.19136420e-28
 4.05000000e+01  0.00000000e+00  0.00000000e+00  2.17657075e-28
 4.06000000e+01  0.00000000e+00  0.00000000e+00  2.16177730e-28
 4.07000000e+01  0.00000000e+00  0.00000000e+00  2.14698385e-28
 4.08000000e+01  0.00000000e+00  0.00000000e+00  2.13219040e-28
 4.09000000e+01  0.00000000e+00  0.00000000e+00  2.11739695e-28
 4.10000000e+01  0.00000000e+00  0.00000000e+00  2.10260350e-28
 4.11000000e+01  0.00000000e+00  0.00000000e+00  2.08781005e-28
 4.12000000e+01  0.00000000e+00  0.00000000e+00  2.07301660e-28
 4.13000000e+01  0.00000000e+00  0.00000000e+00  2.05822315e-28
 4.14000000e+01  0.00000000e+00  0.00000000e+00  2.04342970e-28
 4.15000000e+01  0.00000000e+00  0.00000000e+00  2.02863625e-28
 4.16000000e+01  0.00000000e+00  0.00000000e+00  2.01384280e-28
 4.17000000e+01  0.00000000e+00  0.00000000e+00  1.99904935e-28
 4.18000000e+01  0.00000000e+00  0.00000000e+00  1.98425590e-28
 4.19000000e+01  0.00000000e+00  0.00000000e+00  1.96946245e-28
 4.20000000e+01  0.00000000e+00  0.00000000e+00  1.95466900e-28
 4.21000000e+01  0.00000000e+00  0.00000000e+00  1.94360320e-28
 4.22000000e+01  0.00000000e+00  0.00000000e+00  1.93253740e-28
 4.23000000e+01  0.00000000e+00  0.00000000e+00  1.92147160e-28
 4.24000000e+01  0.00000000e+00  0.00000000e+00  1.91040580e-28
 4.25000000e+01  0.00000000e+00  0.00000000e+00  1.89934000e-28
 4.26000000e+01  0.00000000e+00  0.00000000e+00  1.88827420e-28
 4.27000000e+01  0.00000000e+00  0.00000000e+00  1.87720840e-28
 4.28000000e+01  0.00000000e+00  0.00000000e+00  1.86614260e-28
 4.29000000e+01  0.00000000e+00  0.00000000e+00  1.85507680e-28
 4.30000000e+01  0.00000000e+00  0.00000000e+00  1.84401100e-28
 4.31000000e+01  0.00000000e+00  0.00000000e+00  1.83294520e-28
 4.32000000e+01  0.00000000e+00  0.00000000e+00  1.82187940e-28
 4.33000000e+01  0.00000000e+00  0.00000000e+00  1.81081360e-28
 4.34000000e+01  0.00000000e+00  0.00000000e+00  1.79974780e-28
 4.35000000e+01  0.00000000e+00  0.00000000e+00  1.78868200e-28
 4.36000000e+01  0.00000000e+00  0.00000000e+00  1.77761620e-28
 4.37000000e+01  0.00000000e+00  0.00000000e+00  1.76655040e-28
 4.38000000e+01  0.00000000e+00  0.00000000e+00  1.75548460e-28
 4.39000000e+01  0.00000000e+00  0.00000000e+00  1.74441880e-28
 4.40000000e+01  0.00000000e+00  0.00000000e+00  1.73335300e-28
 4.41000000e+01  0.00000000e+00  0.00000000e+00  1.72441315e-28
 4.42000000e+01  0.00000000e+00  0.00000000e+00  1.71547330e-28
 4.43000000e+01  0.00000000e+00  0.00000000e+00  1.70653345e-28
 4.44000000e+01  0.00000000e+00  0.00000000e+00  1.69759360e-28
 4.45000000e+01  0.00000000e+00  0.00000000e+00  1.68865375e-28
 4.46000000e+01  0.00000000e+00  0.00000000e+00  1.67971390e-28
 4.47000000e+01  0.00000000e+00  0.00000000e+00  1.67077405e-28
 4.48000000e+01  0.00000000e+00  0.00000000e+00  1.66183420e-28
 4.49000000e+01  0.00000000e+00  0.00000000e+00  1.65289435e-28
 4.50000000e+01  0.00000000e+00  0.00000000e+00  1.64395450e-28
 4.51000000e+01  0.00000000e+00  0.00000000e+00  1.63501465e-28
 4.52000000e+01  0.00000000e+00  0.00000000e+00  1.62607480e-28
 4.53000000e+01  0.00000000e+00  0.00000000e+00  1.61713495e-28
 4.54000000e+01  0.00000000e+00  0.00000000e+00  1.60819510e-28
 4.55000000e+01  0.00000000e+00  0.00000000e+00  1.59925525e-28
 4.56000000e+01  0.00000000e+00  0.00000000e+00  1.59031540e-28
 4.57000000e+01  0.00000000e+00  0.00000000e+00  1.58137555e-28
 4.58000000e+01  0.00000000e+00  0.00000000e+00  1.57243570e-28
 4.59000000e+01  0.00000000e+00  0.00000000e+00  1.56349585e-28
 4.60000000e+01  0.00000000e+00  0.00000000e+00  1.55455600e-28
 4.61000000e+01  0.00000000e+00  0.00000000e+00  1.54835485e-28
 4.62000000e+01  0.00000000e+00  0.00000000e+00  1.54215370e-28
 4.63000000e+01  0.00000000e+00  0.00000000e+00  1.53595255e-28
 4.64000000e+01  0.00000000e+00  0.00000000e+00  1.52975140e-28
 4.65000000e+01  0.00000000e+00  0.00000000e+00  1.52355025e-28
 4.66000000e+01  0.00000000e+00  0.00000000e+00  1.51734910e-28
 4.67000000e+01  0.00000000e+00  0.00000000e+00  1.51114795e-28
 4.68000000e+01  0.00000000e+00  0.00000000e+00  1.50494680e-28
 4.69000000e+01  0.00000000e+00  0.00000000e+00  1.49874565e-28
 4.70000000e+01  0.00000000e+00  0.00000000e+00  1.49254450e-28
 4.71000000e+01  0.00000000e+00  0.00000000e+00  1.48634335e-28
 4.72000000e+01  0.00000000e+00  0.00000000e+00  1.48014220e-28
 4.73000000e+01  0.00000000e+00  0.00000000e+00  1.47394105e-28
 4.74000000e+01  0.00000000e+00  0.00000000e+00  1.46773990e-28
 4.75000000e+01  0.00000000e+00  0.00000000e+00  1.46153875e-28
 4.76000000e+01  0.00000000e+00  0.00000000e+00  1.45533760e-28
 4.77000000e+01  0.00000000e+00  0.00000000e+00  1.44913645e-28
 4.78000000e+01  0.00000000e+00  0.00000000e+00  1.44293530e-28
 4.79000000e+01  0.00000000e+00  0.00000000e+00  1.43673415e-28
 4.80000000e+01  0.00000000e+00  0.00000000e+00  1.43053300e-28
 4.81000000e+01  0.00000000e+00  0.00000000e+00  1.42414940e-28
 4.82000000e+01  0.00000000e+00  0.00000000e+00  1.41776580e-28
 4.83000000e+01  0.00000000e+00  0.00000000e+00  1.41138220e-28
 4.84000000e+01  0.00000000e+00  0.00000000e+00  1.40499860e-28
 4.85000000e+01  0.00000000e+00  0.00000000e+00  1.39861500e-28
 4.86000000e+01  0.00000000e+00  0.00000000e+00  1.39223140e-28
 4.87000000e+01  0.00000000e+00  0.00000000e+00  1.38584780e-28
 4.88000000e+01  0.00000000e+00  0.00000000e+00  1.37946420e-28
 4.89000000e+01  0.00000000e+00  0.00000000e+00  1.37308060e-28
 4.90000000e+01  0.00000000e+00  0.00000000e+00  1.36669700e-28
 4.91000000e+01  0.00000000e+00  0.00000000e+00  1.36031340e-28
 4.92000000e+01  0.00000000e+00  0.00000000e+00  1.35392980e-28
 4.93000000e+01  0.00000000e+00  0.00000000e+00  1.34754620e-28
 4.94000000e+01  0.00000000e+00  0.00000000e+00  1.34116260e-28
 4.95000000e+01  0.00000000e+00  0.00000000e+00  1.33477900e-28
 4.96000000e+01  0.00000000e+00  0.00000000e+00  1.32839540e-28
 4.97000000e+01  0.00000000e+00  0.00000000e+00  1.32201180e-28
 4.98000000e+01  0.00000000e+00  0.00000000e+00  1.31562820e-28
 4.99000000e+01  0.00000000e+00  0.00000000e+00  1.30924460e-28
 5.00000000e+01  0.00000000e+00  0.00000000e+00  1.30286100e-28
