# energy(MeV) dYield(atoms/MeV/s) photonFlux(photons/MeV/uA/s) crossSection(mb)
# 501 4
# 501 4
 0.00000000e+00  0.00000000e+00  7.28790000e+13  0.00000000e+00
 1.00000000e-01  0.00000000e+00  7.50927000e+13  0.00000000e+00
 2.00000000e-01  0.00000000e+00  7.73064000e+13  0.00000000e+00
 3.00000000e-01  0.00000000e+00  7.95201000e+13  0.00000000e+00
 4.00000000e-01  0.00000000e+00  8.17338000e+13  0.00000000e+00
 5.00000000e-01  0.00000000e+00  8.39475000e+13  0.00000000e+00
 6.00000000e-01  0.00000000e+00  8.27175000e+13  0.00000000e+00
 7.00000000e-01  0.00000000e+00  8.14875000e+13  0.00000000e+00
 8.00000000e-01  0.00000000e+00  8.02575000e+13  0.00000000e+00
 9.00000000e-01  0.00000000e+00  7.90275000e+13  0.00000000e+00
 1.00000000e+00  0.00000000e+00  7.77975000e+13  0.00000000e+00
 1.10000000e+00  0.00000000e+00  7.26948000e+13  0.00000000e+00
 1.20000000e+00  0.00000000e+00  6.75921000e+13  0.00000000e+00
 1.30000000e+00  0.00000000e+00  6.24894000e+13  0.00000000e+00
 1.40000000e+00  0.00000000e+00  5.73867000e+13  0.00000000e+00
 1.50000000e+00  0.00000000e+00  5.22840000e+13  0.00000000e+00
 1.60000000e+00  0.00000000e+00  4.96086000e+13  0.00000000e+00
 1.70000000e+00  0.00000000e+00  4.69332000e+13  0.00000000e+00
 1.80000000e+00  0.00000000e+00  4.42578000e+13  0.00000000e+00
 1.90000000e+00  0.00000000e+00  4.15824000e+13  0.00000000e+00
 2.00000000e+00  0.00000000e+00  3.89070000e+13  0.00000000e+00
 2.10000000e+00  0.00000000e+00  3.72169800e+13  0.00000000e+00
 2.20000000e+00  0.00000000e+00  3.55269600e+13  0.00000000e+00
 2.30000000e+00  0.00000000e+00  3.38369400e+13  0.00000000e+00
 2.40000000e+00  0.00000000e+00  3.21469200e+13  0.00000000e+00
 2.50000000e+00  0.00000000e+00  3.04569000e+13  0.00000000e+00
 2.60000000e+00  0.00000000e+00  2.93005500e+13  0.00000000e+00
 2.70000000e+00  0.00000000e+00  2.81442000e+13  0.00000000e+00
 2.80000000e+00  0.00000000e+00  2.69878500e+13  0.00000000e+00
 2.90000000e+00  0.00000000e+00  2.58315000e+13  0.00000000e+00
 3.00000000e+00  0.00000000e+00  2.46751500e+13  0.00000000e+00
 3.10000000e+00  0.00000000e+00  2.38544700e+13  0.00000000e+00
 3.20000000e+00  0.00000000e+00  2.30337900e+13  0.00000000e+00
 3.30000000e+00  0.00000000e+00  2.22131100e+13  0.00000000e+00
 3.40000000e+00  0.00000000e+00  2.13924300e+13  0.00000000e+00
 3.50000000e+00  0.00000000e+00  2.05717500e+13  0.00000000e+00
 3.60000000e+00  0.00000000e+00  1.99680900e+13  0.00000000e+00
 3.70000000e+00  0.00000000e+00  1.93644300e+13  0.00000000e+00
 3.80000000e+00  0.00000000e+00  1.87607700e+13  0.00000000e+00
 3.90000000e+00  0.00000000e+00  1.81571100e+13  0.00000000e+00
 4.00000000e+00  0.00000000e+00  1.75534500e+13  0.00000000e+00
 4.10000000e+00  0.00000000e+00  1.70696100e+13  0.00000000e+00
 4.20000000e+00  0.00000000e+00  1.65857700e+13  0.00000000e+00
 4.30000000e+00  0.00000000e+00  1.61019300e+13  0.00000000e+00
 4.40000000e+00  0.00000000e+00  1.56180900e+13  0.00000000e+00
 4.50000000e+00  0.00000000e+00  1.51342500e+13  0.00000000e+00
 4.60000000e+00  0.00000000e+00  1.47492600e+13  0.00000000e+00
 4.70000000e+00  0.00000000e+00  1.43642700e+13  0.00000000e+00
 4.80000000e+00  0.00000000e+00  1.39792800e+13  0.00000000e+00
 4.90000000e+00  0.00000000e+00  1.35942900e+13  0.00000000e+00
 5.00000000e+00  0.00000000e+00  1.32093000e+13  0.00000000e+00
 5.10000000e+00  0.00000000e+00  1.29086700e+13  0.00000000e+00
 5.20000000e+00  0.00000000e+00  1.26080400e+13  0.00000000e+00
 5.30000000e+00  0.00000000e+00  1.23074100e+13  0.00000000e+00
 5.40000000e+00  0.00000000e+00  1.20067800e+13  0.00000000e+00
 5.50000000e+00  0.00000000e+00  1.17061500e+13  0.00000000e+00
 5.60000000e+00  0.00000000e+00  1.14562200e+13  0.00000000e+00
 5.70000000e+00  0.00000000e+00  1.12062900e+13  0.00000000e+00
 5.80000000e+00  0.00000000e+00  1.09563600e+13  0.00000000e+00
 5.90000000e+00  0.00000000e+00  1.07064300e+13  0.00000000e+00
 6.00000000e+00  0.00000000e+00  1.04565000e+13  0.00000000e+00
 6.10000000e+00  0.00000000e+00  1.02357900e+13  0.00000000e+00
 6.20000000e+00  0.00000000e+00  1.00150800e+13  0.00000000e+00
 6.30000000e+00  0.00000000e+00  9.79437000e+12  0.00000000e+00
 6.40000000e+00  0.00000000e+00  9.57366000e+12  0.00000000e+00
 6.50000000e+00  0.00000000e+00  9.35295000e+12  0.00000000e+00
 6.60000000e+00  1.15864371e+09  9.16794000e+12  1.27245380e-26
 6.70000000e+00  1.22517443e+09  8.98293000e+12  1.37323160e-26
 6.80000000e+00  1.28800154e+09  8.79792000e+12  1.47400940e-26
 6.90000000e+00  1.34712504e+09  8.61291000e+12  1.57478720e-26
 7.00000000e+00  1.40254491e+09  8.42790000e+12  1.67556500e-26
 7.10000000e+00  1.46683324e+09  8.27985000e+12  1.78370140e-26
 7.20000000e+00  1.52794144e+09  8.13180000e+12  1.89183780e-26
 7.30000000e+00  1.58586949e+09  7.98375000e+12  1.99997420e-26
 7.40000000e+00  1.64061740e+09  7.83570000e+12  2.10811060e-26
 7.50000000e+00  1.69218517e+09  7.68765000e+12  2.21624700e-26
 7.60000000e+00  1.77757889e+09  7.55925000e+12  2.36763120e-26
 7.70000000e+00  1.85911151e+09  7.43085000e+12  2.51901540e-26
 7.80000000e+00  1.93678302e+09  7.30245000e+12  2.67039960e-26
 7.90000000e+00  2.01059342e+09  7.17405000e+12  2.82178380e-26
 8.00000000e+00  2.08054272e+09  7.04565000e+12  2.97316800e-26
 8.10000000e+00  2.19594807e+09  6.92673000e+12  3.19196180e-26
 8.20000000e+00  2.30618503e+09  6.80781000e+12  3.41075560e-26
 8.30000000e+00  2.41125359e+09  6.68889000e+12  3.62954940e-26
 8.40000000e+00  2.51115375e+09  6.56997000e+12  3.84834320e-26
 8.50000000e+00  2.60588551e+09  6.45105000e+12  4.06713700e-26
 8.60000000e+00  2.76530040e+09  6.34560000e+12  4.38766540e-26
 8.70000000e+00  2.91800131e+09  6.24015000e+12  4.70819380e-26
 8.80000000e+00  3.06398826e+09  6.13470000e+12  5.02872220e-26
 8.90000000e+00  3.20326124e+09  6.02925000e+12  5.34925060e-26
 9.00000000e+00  3.33582025e+09  5.92380000e+12  5.66977900e-26
 9.10000000e+00  3.55708999e+09  5.83074000e+12  6.14235700e-26
 9.20000000e+00  3.76962393e+09  5.73768000e+12  6.61493500e-26
 9.30000000e+00  3.97342208e+09  5.64462000e+12  7.08751300e-26
 9.40000000e+00  4.16848442e+09  5.55156000e+12  7.56009100e-26
 9.50000000e+00  4.35481097e+09  5.45850000e+12  8.03266900e-26
 9.60000000e+00  4.66667957e+09  5.38167000e+12  8.73081520e-26
 9.70000000e+00  4.96789341e+09  5.30484000e+12  9.42896140e-26
 9.80000000e+00  5.25845251e+09  5.22801000e+12  1.01271076e-25
 9.90000000e+00  5.53835685e+09  5.15118000e+12  1.08252538e-25
 1.00000000e+01  5.80760644e+09  5.07435000e+12  1.15234000e-25
 1.01000000e+01  6.23966337e+09  5.00487000e+12  1.25525580e-25
 1.02000000e+01  6.65751638e+09  4.93539000e+12  1.35817160e-25
 1.03000000e+01  7.06116548e+09  4.86591000e+12  1.46108740e-25
 1.04000000e+01  7.45061067e+09  4.79643000e+12  1.56400320e-25
 1.05000000e+01  7.82585194e+09  4.72695000e+12  1.66691900e-25
 1.06000000e+01  8.38353868e+09  4.65687000e+12  1.81257980e-25
 1.07000000e+01  8.92094844e+09  4.58679000e+12  1.95824060e-25
 1.08000000e+01  9.43808125e+09  4.51671000e+12  2.10390140e-25
 1.09000000e+01  9.93493709e+09  4.44663000e+12  2.24956220e-25
 1.10000000e+01  1.04115160e+10  4.37655000e+12  2.39522300e-25
 1.11000000e+01  1.09567786e+10  4.31694000e+12  2.55546980e-25
 1.12000000e+01  1.14830666e+10  4.25733000e+12  2.71571660e-25
 1.13000000e+01  1.19903799e+10  4.19772000e+12  2.87596340e-25
 1.14000000e+01  1.24787185e+10  4.13811000e+12  3.03621020e-25
 1.15000000e+01  1.29480824e+10  4.07850000e+12  3.19645700e-25
 1.16000000e+01  1.24513192e+10  4.02729000e+12  3.11290840e-25
 1.17000000e+01  1.19630548e+10  3.97608000e+12  3.02935980e-25
 1.18000000e+01  1.14832893e+10  3.92487000e+12  2.94581120e-25
 1.19000000e+01  1.10120227e+10  3.87366000e+12  2.86226260e-25
 1.20000000e+01  1.05492549e+10  3.82245000e+12  2.77871400e-25
 1.21000000e+01  9.82773086e+09  3.77418000e+12  2.62176960e-25
 1.22000000e+01  9.12125522e+09  3.72591000e+12  2.46482520e-25
 1.23000000e+01  8.42982794e+09  3.67764000e+12  2.30788080e-25
 1.24000000e+01  7.75344903e+09  3.62937000e+12  2.15093640e-25
 1.25000000e+01  7.09211848e+09  3.58110000e+12  1.99399200e-25
 1.26000000e+01  6.57508297e+09  3.53442000e+12  1.87303960e-25
 1.27000000e+01  6.06926277e+09  3.48774000e+12  1.75208720e-25
 1.28000000e+01  5.57465789e+09  3.44106000e+12  1.63113480e-25
 1.29000000e+01  5.09126833e+09  3.39438000e+12  1.51018240e-25
 1.30000000e+01  4.61909408e+09  3.34770000e+12  1.38923000e-25
 1.31000000e+01  4.29859894e+09  3.30993000e+12  1.30759122e-25
 1.32000000e+01  3.98422885e+09  3.27216000e+12  1.22595244e-25
 1.33000000e+01  3.67598381e+09  3.23439000e+12  1.14431366e-25
 1.34000000e+01  3.37386382e+09  3.19662000e+12  1.06267488e-25
 1.35000000e+01  3.07786888e+09  3.15885000e+12  9.81036100e-26
 1.36000000e+01  2.90054615e+09  3.12174900e+12  9.35504060e-26
 1.37000000e+01  2.72657901e+09  3.08464800e+12  8.89972020e-26
 1.38000000e+01  2.55596746e+09  3.04754700e+12  8.44439980e-26
 1.39000000e+01  2.38871150e+09  3.01044600e+12  7.98907940e-26
 1.40000000e+01  2.22481113e+09  2.97334500e+12  7.53375900e-26
 1.41000000e+01  2.11194657e+09  2.93651700e+12  7.24126240e-26
 1.42000000e+01  2.00122177e+09  2.89968900e+12  6.94876580e-26
 1.43000000e+01  1.89263672e+09  2.86286100e+12  6.65626920e-26
 1.44000000e+01  1.78619144e+09  2.82603300e+12  6.36377260e-26
 1.45000000e+01  1.68188591e+09  2.78920500e+12  6.07127600e-26
 1.46000000e+01  1.59561855e+09  2.76278100e+12  5.81495680e-26
 1.47000000e+01  1.51069656e+09  2.73635700e+12  5.55863760e-26
 1.48000000e+01  1.42711995e+09  2.70993300e+12  5.30231840e-26
 1.49000000e+01  1.34488873e+09  2.68350900e+12  5.04599920e-26
 1.50000000e+01  1.26400290e+09  2.65708500e+12  4.78968000e-26
 1.51000000e+01  1.19146334e+09  2.63047200e+12  4.56048340e-26
 1.52000000e+01  1.12013541e+09  2.60385900e+12  4.33128680e-26
 1.53000000e+01  1.05001911e+09  2.57724600e+12  4.10209020e-26
 1.54000000e+01  9.81114427e+08  2.55063300e+12  3.87289360e-26
 1.55000000e+01  9.13421372e+08  2.52402000e+12  3.64369700e-26
 1.56000000e+01  8.55145832e+08  2.49446700e+12  3.45164640e-26
 1.57000000e+01  7.97997706e+08  2.46491400e+12  3.25959580e-26
 1.58000000e+01  7.41976994e+08  2.43536100e+12  3.06754520e-26
 1.59000000e+01  6.87083696e+08  2.40580800e+12  2.87549460e-26
 1.60000000e+01  6.33317811e+08  2.37625500e+12  2.68344400e-26
 1.61000000e+01  5.93898673e+08  2.35103100e+12  2.54341880e-26
 1.62000000e+01  5.55181129e+08  2.32580700e+12  2.40339360e-26
 1.63000000e+01  5.17165180e+08  2.30058300e+12  2.26336840e-26
 1.64000000e+01  4.79850825e+08  2.27535900e+12  2.12334320e-26
 1.65000000e+01  4.43238065e+08  2.25013500e+12  1.98331800e-26
 1.66000000e+01  4.16650517e+08  2.22642900e+12  1.88419980e-26
 1.67000000e+01  3.90529713e+08  2.20272300e+12  1.78508160e-26
 1.68000000e+01  3.64875651e+08  2.17901700e+12  1.68596340e-26
 1.69000000e+01  3.39688332e+08  2.15531100e+12  1.58684520e-26
 1.70000000e+01  3.14967757e+08  2.13160500e+12  1.48772700e-26
 1.71000000e+01  2.97888029e+08  2.10976200e+12  1.42161980e-26
 1.72000000e+01  2.81095134e+08  2.08791900e+12  1.35551260e-26
 1.73000000e+01  2.64589070e+08  2.06607600e+12  1.28940540e-26
 1.74000000e+01  2.48369838e+08  2.04423300e+12  1.22329820e-26
 1.75000000e+01  2.32437437e+08  2.02239000e+12  1.15719100e-26
 1.76000000e+01  2.20908497e+08  2.00387400e+12  1.10995632e-26
 1.77000000e+01  2.09553286e+08  1.98535800e+12  1.06272164e-26
 1.78000000e+01  1.98371806e+08  1.96684200e+12  1.01548696e-26
 1.79000000e+01  1.87364055e+08  1.94832600e+12  9.68252280e-27
 1.80000000e+01  1.76530034e+08  1.92981000e+12  9.21017600e-27
 1.81000000e+01  1.68428199e+08  1.91254500e+12  8.86680220e-27
 1.82000000e+01  1.60444125e+08  1.89528000e+12  8.52342840e-27
 1.83000000e+01  1.52577811e+08  1.87801500e+12  8.18005460e-27
 1.84000000e+01  1.44829259e+08  1.86075000e+12  7.83668080e-27
 1.85000000e+01  1.37198466e+08  1.84348500e+12  7.49330700e-27
 1.86000000e+01  1.31261418e+08  1.82496600e+12  7.24179440e-27
 1.87000000e+01  1.25416891e+08  1.80644700e+12  6.99028180e-27
 1.88000000e+01  1.19664886e+08  1.78792800e+12  6.73876920e-27
 1.89000000e+01  1.14005402e+08  1.76940900e+12  6.48725660e-27
 1.90000000e+01  1.08438440e+08  1.75089000e+12  6.23574400e-27
 1.91000000e+01  1.03991277e+08  1.73282100e+12  6.04236680e-27
 1.92000000e+01  9.96135205e+07  1.71475200e+12  5.84898960e-27
 1.93000000e+01  9.53051718e+07  1.69668300e+12  5.65561240e-27
 1.94000000e+01  9.10662303e+07  1.67861400e+12  5.46223520e-27
 1.95000000e+01  8.68966963e+07  1.66054500e+12  5.26885800e-27
 1.96000000e+01  8.35969007e+07  1.64563500e+12  5.11470440e-27
 1.97000000e+01  8.03427611e+07  1.63072500e+12  4.96055080e-27
 1.98000000e+01  7.71342774e+07  1.61581500e+12  4.80639720e-27
 1.99000000e+01  7.39714497e+07  1.60090500e+12  4.65224360e-27
 2.00000000e+01  7.08542779e+07  1.58599500e+12  4.49809000e-27
 2.01000000e+01  6.84028550e+07  1.56997500e+12  4.38677510e-27
 2.02000000e+01  6.59868547e+07  1.55395500e+12  4.27546020e-27
 2.03000000e+01  6.36062772e+07  1.53793500e+12  4.16414530e-27
 2.04000000e+01  6.12611224e+07  1.52191500e+12  4.05283040e-27
 2.05000000e+01  5.89513903e+07  1.50589500e+12  3.94151550e-27
 2.06000000e+01  5.66789070e+07  1.48992300e+12  3.83020060e-27
 2.07000000e+01  5.44417402e+07  1.47395100e+12  3.71888570e-27
 2.08000000e+01  5.22398900e+07  1.45797900e+12  3.60757080e-27
 2.09000000e+01  5.00733564e+07  1.44200700e+12  3.49625590e-27
 2.10000000e+01  4.79421394e+07  1.42603500e+12  3.38494100e-27
 2.11000000e+01  4.64768105e+07  1.41366600e+12  3.31019350e-27
 2.12000000e+01  4.50298469e+07  1.40129700e+12  3.23544600e-27
 2.13000000e+01  4.36012485e+07  1.38892800e+12  3.16069850e-27
 2.14000000e+01  4.21910154e+07  1.37655900e+12  3.08595100e-27
 2.15000000e+01  4.07991477e+07  1.36419000e+12  3.01120350e-27
 2.16000000e+01  3.94539934e+07  1.35279300e+12  2.93645600e-27
 2.17000000e+01  3.81257611e+07  1.34139600e+12  2.86170850e-27
 2.18000000e+01  3.68144509e+07  1.32999900e+12  2.78696100e-27
 2.19000000e+01  3.55200628e+07  1.31860200e+12  2.71221350e-27
 2.20000000e+01  3.42425968e+07  1.30720500e+12  2.63746600e-27
 2.21000000e+01  3.32314197e+07  1.29519900e+12  2.58330850e-27
 2.22000000e+01  3.22331584e+07  1.28319300e+12  2.52915100e-27
 2.23000000e+01  3.12478130e+07  1.27118700e+12  2.47499350e-27
 2.24000000e+01  3.02753835e+07  1.25918100e+12  2.42083600e-27
 2.25000000e+01  2.93158698e+07  1.24717500e+12  2.36667850e-27
 2.26000000e+01  2.83357158e+07  1.23370800e+12  2.31252100e-27
 2.27000000e+01  2.73700494e+07  1.22024100e+12  2.25836350e-27
 2.28000000e+01  2.64188706e+07  1.20677400e+12  2.20420600e-27
 2.29000000e+01  2.54821793e+07  1.19330700e+12  2.15004850e-27
 2.30000000e+01  2.45599756e+07  1.17984000e+12  2.09589100e-27
 2.31000000e+01  2.38730312e+07  1.16853900e+12  2.05697130e-27
 2.32000000e+01  2.31948236e+07  1.15723800e+12  2.01805160e-27
 2.33000000e+01  2.25253529e+07  1.14593700e+12  1.97913190e-27
 2.34000000e+01  2.18646189e+07  1.13463600e+12  1.94021220e-27
 2.35000000e+01  2.12126217e+07  1.12333500e+12  1.90129250e-27
 2.36000000e+01  2.06282375e+07  1.11521700e+12  1.86237280e-27
 2.37000000e+01  2.00501293e+07  1.10709900e+12  1.82345310e-27
 2.38000000e+01  1.94782971e+07  1.09898100e+12  1.78453340e-27
 2.39000000e+01  1.89127410e+07  1.09086300e+12  1.74561370e-27
 2.40000000e+01  1.83534609e+07  1.08274500e+12  1.70669400e-27
 2.41000000e+01  1.78411647e+07  1.07248800e+12  1.67492220e-27
 2.42000000e+01  1.73353419e+07  1.06223100e+12  1.64315040e-27
 2.43000000e+01  1.68359924e+07  1.05197400e+12  1.61137860e-27
 2.44000000e+01  1.63431162e+07  1.04171700e+12  1.57960680e-27
 2.45000000e+01  1.58567134e+07  1.03146000e+12  1.54783500e-27
 2.46000000e+01  1.54013577e+07  1.02283500e+12  1.51606320e-27
 2.47000000e+01  1.49514455e+07  1.01421000e+12  1.48429140e-27
 2.48000000e+01  1.45069766e+07  1.00558500e+12  1.45251960e-27
 2.49000000e+01  1.40679510e+07  9.96960000e+11  1.42074780e-27
 2.50000000e+01  1.36343689e+07  9.88335000e+11  1.38897600e-27
 2.51000000e+01  1.32822542e+07  9.79665000e+11  1.36507990e-27
 2.52000000e+01  1.29342549e+07  9.70995000e+11  1.34118380e-27
 2.53000000e+01  1.25903710e+07  9.62325000e+11  1.31728770e-27
 2.54000000e+01  1.22506025e+07  9.53655000e+11  1.29339160e-27
 2.55000000e+01  1.19149494e+07  9.44985000e+11  1.26949550e-27
 2.56000000e+01  1.15841540e+07  9.36375000e+11  1.24559940e-27
 2.57000000e+01  1.12574455e+07  9.27765000e+11  1.22170330e-27
 2.58000000e+01  1.09348239e+07  9.19155000e+11  1.19780720e-27
 2.59000000e+01  1.06162893e+07  9.10545000e+11  1.17391110e-27
 2.60000000e+01  1.03018416e+07  9.01935000e+11  1.15001500e-27
 2.61000000e+01  1.00511586e+07  8.94066000e+11  1.13190616e-27
 2.62000000e+01  9.80330616e+06  8.86197000e+11  1.11379732e-27
 2.63000000e+01  9.55828433e+06  8.78328000e+11  1.09568848e-27
 2.64000000e+01  9.31609308e+06  8.70459000e+11  1.07757964e-27
 2.65000000e+01  9.07673242e+06  8.62590000e+11  1.05947080e-27
 2.66000000e+01  8.82797716e+06  8.53539000e+11  1.04136196e-27
 2.67000000e+01  8.58247767e+06  8.44488000e+11  1.02325312e-27
 2.68000000e+01  8.34023395e+06  8.35437000e+11  1.00514428e-27
 2.69000000e+01  8.10124599e+06  8.26386000e+11  9.87035440e-28
 2.70000000e+01  7.86551380e+06  8.17335000e+11  9.68926600e-28
 2.71000000e+01  7.68304259e+06  8.10177000e+11  9.54810550e-28
 2.72000000e+01  7.50257850e+06  8.03019000e+11  9.40694500e-28
 2.73000000e+01  7.32412151e+06  7.95861000e+11  9.26578450e-28
 2.74000000e+01  7.14767163e+06  7.88703000e+11  9.12462400e-28
 2.75000000e+01  6.97322885e+06  7.81545000e+11  8.98346350e-28
 2.76000000e+01  6.80503498e+06  7.74870000e+11  8.84230300e-28
 2.77000000e+01  6.63871278e+06  7.68195000e+11  8.70114250e-28
 2.78000000e+01  6.47426225e+06  7.61520000e+11  8.55998200e-28
 2.79000000e+01  6.31168340e+06  7.54845000e+11  8.41882150e-28
 2.80000000e+01  6.15097623e+06  7.48170000e+11  8.27766100e-28
 2.81000000e+01  6.00623446e+06  7.41762000e+11  8.15270220e-28
 2.82000000e+01  5.86308328e+06  7.35354000e+11  8.02774340e-28
 2.83000000e+01  5.72152268e+06  7.28946000e+11  7.90278460e-28
 2.84000000e+01  5.58155266e+06  7.22538000e+11  7.77782580e-28
 2.85000000e+01  5.44317322e+06  7.16130000e+11  7.65286700e-28
 2.86000000e+01  5.29097486e+06  7.07661000e+11  7.52790820e-28
 2.87000000e+01  5.14087866e+06  6.99192000e+11  7.40294940e-28
 2.88000000e+01  4.99288462e+06  6.90723000e+11  7.27799060e-28
 2.89000000e+01  4.84699273e+06  6.82254000e+11  7.15303180e-28
 2.90000000e+01  4.70320300e+06  6.73785000e+11  7.02807300e-28
 2.91000000e+01  4.58452374e+06  6.65385000e+11  6.93721410e-28
 2.92000000e+01  4.46736054e+06  6.56985000e+11  6.84635520e-28
 2.93000000e+01  4.35171337e+06  6.48585000e+11  6.75549630e-28
 2.94000000e+01  4.23758226e+06  6.40185000e+11  6.66463740e-28
 2.95000000e+01  4.12496720e+06  6.31785000e+11  6.57377850e-28
 2.96000000e+01  4.03492314e+06  6.26655000e+11  6.48291960e-28
 2.97000000e+01  3.94580496e+06  6.21525000e+11  6.39206070e-28
 2.98000000e+01  3.85761265e+06  6.16395000e+11  6.30120180e-28
 2.99000000e+01  3.77034622e+06  6.11265000e+11  6.21034290e-28
 3.00000000e+01  3.68400565e+06  6.06135000e+11  6.11948400e-28
 3.01000000e+01  3.59994316e+06  5.98794000e+11  6.05315900e-28
 3.02000000e+01  3.51684783e+06  5.91453000e+11  5.98683400e-28
 3.03000000e+01  3.43471966e+06  5.84112000e+11  5.92050900e-28
 3.04000000e+01  3.35355865e+06  5.76771000e+11  5.85418400e-28
 3.05000000e+01  3.27336480e+06  5.69430000e+11  5.78785900e-28
 3.06000000e+01  3.18926243e+06  5.61231000e+11  5.72153400e-28
 3.07000000e+01  3.10624025e+06  5.53032000e+11  5.65520900e-28
 3.08000000e+01  3.02429828e+06  5.44833000e+11  5.58888400e-28
 3.09000000e+01  2.94343650e+06  5.36634000e+11  5.52255900e-28
 3.10000000e+01  2.86365493e+06  5.28435000e+11  5.45623400e-28
 3.11000000e+01  2.79725532e+06  5.22534000e+11  5.38990900e-28
 3.12000000e+01  2.73163316e+06  5.16633000e+11  5.32358400e-28
 3.13000000e+01  2.66678844e+06  5.10732000e+11  5.25725900e-28
 3.14000000e+01  2.60272117e+06  5.04831000e+11  5.19093400e-28
 3.15000000e+01  2.53943134e+06  4.98930000e+11  5.12460900e-28
 3.16000000e+01  2.47476371e+06  4.92600000e+11  5.05828400e-28
 3.17000000e+01  2.41093004e+06  4.86270000e+11  4.99195900e-28
 3.18000000e+01  2.34793034e+06  4.79940000e+11  4.92563400e-28
 3.19000000e+01  2.28576460e+06  4.73610000e+11  4.85930900e-28
 3.20000000e+01  2.22443282e+06  4.67280000e+11  4.79298400e-28
 3.21000000e+01  2.17416993e+06  4.61574000e+11  4.74259485e-28
 3.22000000e+01  2.12447817e+06  4.55868000e+11  4.69220570e-28
 3.23000000e+01  2.07535754e+06  4.50162000e+11  4.64181655e-28
 3.24000000e+01  2.02680803e+06  4.44456000e+11  4.59142740e-28
 3.25000000e+01  1.97882966e+06  4.38750000e+11  4.54103825e-28
 3.26000000e+01  1.92980340e+06  4.32681000e+11  4.49064910e-28
 3.27000000e+01  1.88138460e+06  4.26612000e+11  4.44025995e-28
 3.28000000e+01  1.83357327e+06  4.20543000e+11  4.38987080e-28
 3.29000000e+01  1.78636940e+06  4.14474000e+11  4.33948165e-28
 3.30000000e+01  1.73977299e+06  4.08405000e+11  4.28909250e-28
 3.31000000e+01  1.69087924e+06  4.01646000e+11  4.23870335e-28
 3.32000000e+01  1.64266201e+06  3.94887000e+11  4.18831420e-28
 3.33000000e+01  1.59512131e+06  3.88128000e+11  4.13792505e-28
 3.34000000e+01  1.54825713e+06  3.81369000e+11  4.08753590e-28
 3.35000000e+01  1.50206949e+06  3.74610000e+11  4.03714675e-28
 3.36000000e+01  1.46190389e+06  3.69201000e+11  3.98675760e-28
 3.37000000e+01  1.42227969e+06  3.63792000e+11  3.93636845e-28
 3.38000000e+01  1.38319690e+06  3.58383000e+11  3.88597930e-28
 3.39000000e+01  1.34465550e+06  3.52974000e+11  3.83559015e-28
 3.40000000e+01  1.30665551e+06  3.47565000e+11  3.78520100e-28
 3.41000000e+01  1.27318240e+06  3.41694000e+11  3.75160540e-28
 3.42000000e+01  1.24010109e+06  3.35823000e+11  3.71800980e-28
 3.43000000e+01  1.20741157e+06  3.29952000e+11  3.68441420e-28
 3.44000000e+01  1.17511385e+06  3.24081000e+11  3.65081860e-28
 3.45000000e+01  1.14320793e+06  3.18210000e+11  3.61722300e-28
 3.46000000e+01  1.10847873e+06  3.11435700e+11  3.58362740e-28
 3.47000000e+01  1.07420161e+06  3.04661400e+11  3.55003180e-28
 3.48000000e+01  1.04037656e+06  2.97887100e+11  3.51643620e-28
 3.49000000e+01  1.00700360e+06  2.91112800e+11  3.48284060e-28
 3.50000000e+01  9.74082707e+05  2.84338500e+11  3.44924500e-28
 3.51000000e+01  9.45112835e+05  2.78595600e+11  3.41564940e-28
 3.52000000e+01  9.16526211e+05  2.72852700e+11  3.38205380e-28
 3.53000000e+01  8.88322835e+05  2.67109800e+11  3.34845820e-28
 3.54000000e+01  8.60502706e+05  2.61366900e+11  3.31486260e-28
 3.55000000e+01  8.33065826e+05  2.55624000e+11  3.28126700e-28
 3.56000000e+01  8.04452301e+05  2.49397500e+11  3.24767140e-28
 3.57000000e+01  7.76254298e+05  2.43171000e+11  3.21407580e-28
 3.58000000e+01  7.48471814e+05  2.36944500e+11  3.18048020e-28
 3.59000000e+01  7.21104851e+05  2.30718000e+11  3.14688460e-28
 3.60000000e+01  6.94153409e+05  2.24491500e+11  3.11328900e-28
 3.61000000e+01  6.66504472e+05  2.17403700e+11  3.08673975e-28
 3.62000000e+01  6.39229327e+05  2.10315900e+11  3.06019050e-28
 3.63000000e+01  6.12327973e+05  2.03228100e+11  3.03364125e-28
 3.64000000e+01  5.85800412e+05  1.96140300e+11  3.00709200e-28
 3.65000000e+01  5.59646642e+05  1.89052500e+11  2.98054275e-28
 3.66000000e+01  5.35961470e+05  1.82678700e+11  2.95399350e-28
 3.67000000e+01  5.12612436e+05  1.76304900e+11  2.92744425e-28
 3.68000000e+01  4.89599539e+05  1.69931100e+11  2.90089500e-28
 3.69000000e+01  4.66922779e+05  1.63557300e+11  2.87434575e-28
 3.70000000e+01  4.44582157e+05  1.57183500e+11  2.84779650e-28
 3.71000000e+01  4.22876932e+05  1.50916500e+11  2.82124725e-28
 3.72000000e+01  4.01502213e+05  1.44649500e+11  2.79469800e-28
 3.73000000e+01  3.80457998e+05  1.38382500e+11  2.76814875e-28
 3.74000000e+01  3.59744288e+05  1.32115500e+11  2.74159950e-28
 3.75000000e+01  3.39361083e+05  1.25848500e+11  2.71505025e-28
 3.76000000e+01  3.17118273e+05  1.18761300e+11  2.68850100e-28
 3.77000000e+01  2.95249222e+05  1.11674100e+11  2.66195175e-28
 3.78000000e+01  2.73753932e+05  1.04586900e+11  2.63540250e-28
 3.79000000e+01  2.52632402e+05  9.74997000e+10  2.60885325e-28
 3.80000000e+01  2.31884633e+05  9.04125000e+10  2.58230400e-28
 3.81000000e+01  2.12733271e+05  8.34816000e+10  2.56571570e-28
 3.82000000e+01  1.93810289e+05  7.65507000e+10  2.54912740e-28
 3.83000000e+01  1.75115687e+05  6.96198000e+10  2.53253910e-28
 3.84000000e+01  1.56649465e+05  6.26889000e+10  2.51595080e-28
 3.85000000e+01  1.38411622e+05  5.57580000e+10  2.49936250e-28
 3.86000000e+01  1.24088563e+05  5.03220600e+10  2.48277420e-28
 3.87000000e+01  1.09944624e+05  4.48861200e+10  2.46618590e-28
 3.88000000e+01  9.59798040e+04  3.94501800e+10  2.44959760e-28
 3.89000000e+01  8.21941035e+04  3.40142400e+10  2.43300930e-28
 3.90000000e+01  6.85875223e+04  2.85783000e+10  2.41642100e-28
 3.91000000e+01  5.95921746e+04  2.50018500e+10  2.39983270e-28
 3.92000000e+01  5.07146744e+04  2.14254000e+10  2.38324440e-28
 3.93000000e+01  4.19550217e+04  1.78489500e+10  2.36665610e-28
 3.94000000e+01  3.33132164e+04  1.42725000e+10  2.35006780e-28
 3.95000000e+01  2.47892585e+04  1.06960500e+10  2.33347950e-28
 3.96000000e+01  2.05578409e+04  8.93379000e+09  2.31689120e-28
 3.97000000e+01  1.63844915e+04  7.17153000e+09  2.30030290e-28
 3.98000000e+01  1.22692103e+04  5.40927000e+09  2.28371460e-28
 3.99000000e+01  8.21199717e+03  3.64701000e+09  2.26712630e-28
 4.00000000e+01  4.21285221e+03  1.88475000e+09  2.25053800e-28
 4.01000000e+01  3.34812791e+03  1.50780000e+09  2.23574455e-28
 4.02000000e+01  2.49448054e+03  1.13085000e+09  2.22095110e-28
 4.03000000e+01  1.65191010e+03  7.53900000e+08  2.20615765e-28
 4.04000000e+01  8.20416586e+02  3.76950000e+08  2.19136420e-28
 4.05000000e+01  0.00000000e+00  0.00000000e+00  2.17657075e-28
 4.06000000e+01  0.00000000e+00  0.00000000e+00  2.16177730e-28
 4.07000000e+01  0.00000000e+00  0.00000000e+00  2.14698385e-28
 4.08000000e+01  0.00000000e+00  0.00000000e+00  2.13219040e-28
 4.09000000e+01  0.00000000e+00  0.00000000e+00  2.11739695e-28
 4.10000000e+01  0.00000000e+00  0.00000000e+00  2.10260350e-28
 4.11000000e+01  0.00000000e+00  0.00000000e+00  2.08781005e-28
 4.12000000e+01  0.00000000e+00  0.00000000e+00  2.07301660e-28
 4.13000000e+01  0.00000000e+00  0.00000000e+00  2.05822315e-28
 4.14000000e+01  0.00000000e+00  0.00000000e+00  2.04342970e-28
 4.15000000e+01  0.00000000e+00  0.00000000e+00  2.02863625e-28
 4.16000000e+01  0.00000000e+00  0.00000000e+00  2.01384280e-28
 4.17000000e+01  0.00000000e+00  0.00000000e+00  1.99904935e-28
 4.18000000e+01  0.00000000e+00  0.00000000e+00  1.98425590e-28
 4.19000000e+01  0.00000000e+00  0.00000000e+00  1.96946245e-28
 4.20000000e+01  0.00000000e+00  0.00000000e+00  1.95466900e-28
 4.21000000e+01  0.00000000e+00  0.00000000e+00  1.94360320e-28
 4.22000000e+01  0.00000000e+00  0.00000000e+00  1.93253740e-28
 4.23000000e+01  0.00000000e+00  0.00000000e+00  1.92147160e-28
 4.24000000e+01  0.00000000e+00  0.00000000e+00  1.91040580e-28
 4.25000000e+01  0.00000000e+00  0.00000000e+00  1.89934000e-28
 4.26000000e+01  0.00000000e+00  0.00000000e+00  1.88827420e-28
 4.27000000e+01  0.00000000e+00  0.00000000e+00  1.87720840e-28
 4.28000000e+01  0.00000000e+00  0.00000000e+00  1.86614260e-28
 4.29000000e+01  0.00000000e+00  0.00000000e+00  1.85507680e-28
 4.30000000e+01  0.00000000e+00  0.00000000e+00  1.84401100e-28
 4.31000000e+01  0.00000000e+00  0.00000000e+00  1.83294520e-28
 4.32000000e+01  0.00000000e+00  0.00000000e+00  1.82187940e-28
 4.33000000e+01  0.00000000e+00  0.00000000e+00  1.81081360e-28
 4.34000000e+01  0.00000000e+00  0.00000000e+00  1.79974780e-28
 4.35000000e+01  0.00000000e+00  0.00000000e+00  1.78868200e-28
 4.36000000e+01  0.00000000e+00  0.00000000e+00  1.77761620e-28
 4.37000000e+01  0.00000000e+00  0.00000000e+00  1.76655040e-28
 4.38000000e+01  0.00000000e+00  0.00000000e+00  1.75548460e-28
 4.39000000e+01  0.00000000e+00  0.00000000e+00  1.74441880e-28
 4.40000000e+01  0.00000000e+00  0.00000000e+00  1.73335300e-28
 4.41000000e+01  0.00000000e+00  0.00000000e+00  1.72441315e-28
 4.42000000e+01  0.00000000e+00  0.00000000e+00  1.71547330e-28
 4.43000000e+01  0.00000000e+00  0.00000000e+00  1.70653345e-28
 4.44000000e+01  0.00000000e+00  0.00000000e+00  1.69759360e-28
 4.45000000e+01  0.00000000e+00  0.00000000e+00  1.68865375e-28
 4.46000000e+01  0.00000000e+00  0.00000000e+00  1.67971390e-28
 4.47000000e+01  0.00000000e+00  0.00000000e+00  1.67077405e-28
 4.48000000e+01  0.00000000e+00  0.00000000e+00  1.66183420e-28
 4.49000000e+01  0.00000000e+00  0.00000000e+00  1.65289435e-28
 4.50000000e+01  0.00000000e+00  0.00000000e+00  1.64395450e-28
 4.51000000e+01  0.00000000e+00  0.00000000e+00  1.63501465e-28
 4.52000000e+01  0.00000000e+00  0.00000000e+00  1.62607480e-28
 4.53000000e+01  0.00000000e+00  0.00000000e+00  1.61713495e-28
 4.54000000e+01  0.00000000e+00  0.00000000e+00  1.60819510e-28
 4.55000000e+01  0.00000000e+00  0.00000000e+00  1.59925525e-28
 4.56000000e+01  0.00000000e+00  0.00000000e+00  1.59031540e-28
 4.57000000e+01  0.00000000e+00  0.00000000e+00  1.58137555e-28
 4.58000000e+01  0.00000000e+00  0.00000000e+00  1.57243570e-28
 4.59000000e+01  0.00000000e+00  0.00000000e+00  1.56349585e-28
 4.60000000e+01  0.00000000e+00  0.00000000e+00  1.55455600e-28
 4.61000000e+01  0.00000000e+00  0.00000000e+00  1.54835485e-28
 4.62000000e+01  0.00000000e+00  0.00000000e+00  1.54215370e-28
 4.63000000e+01  0.00000000e+00  0.00000000e+00  1.53595255e-28
 4.64000000e+01  0.00000000e+00  0.00000000e+00  1.52975140e-28
 4.65000000e+01  0.00000000e+00  0.00000000e+00  1.52355025e-28
 4.66000000e+01  0.00000000e+00  0.00000000e+00  1.51734910e-28
 4.67000000e+01  0.00000000e+00  0.00000000e+00  1.51114795e-28
 4.68000000e+01  0.00000000e+00  0.00000000e+00  1.50494680e-28
 4.69000000e+01  0.00000000e+00  0.00000000e+00  1.49874565e-28
 4.70000000e+01  0.00000000e+00  0.00000000e+00  1.49254450e-28
 4.71000000e+01  0.00000000e+00  0.00000000e+00  1.48634335e-28
 4.72000000e+01  0.00000000e+00  0.00000000e+00  1.48014220e-28
 4.73000000e+01  0.00000000e+00  0.00000000e+00  1.47394105e-28
 4.74000000e+01  0.00000000e+00  0.00000000e+00  1.46773990e-28
 4.75000000e+01  0.00000000e+00  0.00000000e+00  1.46153875e-28
 4.76000000e+01  0.00000000e+00  0.00000000e+00  1.45533760e-28
 4.77000000e+01  0.00000000e+00  0.00000000e+00  1.44913645e-28
 4.78000000e+01  0.00000000e+00  0.00000000e+00  1.44293530e-28
 4.79000000e+01  0.00000000e+00  0.00000000e+00  1.43673415e-28
 4.80000000e+01  0.00000000e+00  0.00000000e+00  1.43053300e-28
 4.81000000e+01  0.00000000e+00  0.00000000e+00  1.42414940e-28
 4.82000000e+01  0.00000000e+00  0.00000000e+00  1.41776580e-28
 4.83000000e+01  0.00000000e+00  0.00000000e+00  1.41138220e-28
 4.84000000e+01  0.00000000e+00  0.00000000e+00  1.40499860e-28
 4.85000000e+01  0.00000000e+00  0.00000000e+00  1.39861500e-28
 4.86000000e+01  0.00000000e+00  0.00000000e+00  1.39223140e-28
 4.87000000e+01  0.00000000e+00  0.00000000e+00  1.38584780e-28
 4.88000000e+01  0.00000000e+00  0.00000000e+00  1.37946420e-28
 4.89000000e+01  0.00000000e+00  0.00000000e+00  1.37308060e-28
 4.90000000e+01  0.00000000e+00  0.00000000e+00  1.36669700e-28
 4.91000000e+01  0.00000000e+00  0.00000000e+00  1.36031340e-28
 4.92000000e+01  0.00000000e+00  0.00000000e+00  1.35392980e-28
 4.93000000e+01  0.00000000e+00  0.00000000e+00  1.34754620e-28
 4.94000000e+01  0.00000000e+00  0.00000000e+00  1.34116260e-28
 4.95000000e+01  0.00000000e+00  0.00000000e+00  1.33477900e-28
 4.96000000e+01  0.00000000e+00  0.00000000e+00  1.32839540e-28
 4.97000000e+01  0.00000000e+00  0.00000000e+00  1.32201180e-28
 4.98000000e+01  0.00000000e+00  0.00000000e+00  1.31562820e-28
 4.99000000e+01  0.00000000e+00  0.00000000e+00  1.30924460e-28
 5.00000000e+01  0.00000000e+00  0.00000000e+00  1.30286100e-28
