# energy(MeV) dYield(atoms/MeV/s) photonFlux(photons/MeV/uA/s) crossSection(mb)
# 501 4
# 501 4
 0.00000000e+00  0.00000000e+00  3.78330000e+13  0.00000000e+00
 1.00000000e-01  0.00000000e+00  3.93921000e+13  0.00000000e+00
 2.00000000e-01  0.00000000e+00  4.09512000e+13  0.00000000e+00
 3.00000000e-01  0.00000000e+00  4.25103000e+13  0.00000000e+00
 4.00000000e-01  0.00000000e+00  4.40694000e+13  0.00000000e+00
 5.00000000e-01  0.00000000e+00  4.56285000e+13  0.00000000e+00
 6.00000000e-01  0.00000000e+00  4.53615000e+13  0.00000000e+00
 7.00000000e-01  0.00000000e+00  4.50945000e+13  0.00000000e+00
 8.00000000e-01  0.00000000e+00  4.48275000e+13  0.00000000e+00
 9.00000000e-01  0.00000000e+00  4.45605000e+13  0.00000000e+00
 1.00000000e+00  0.00000000e+00  4.42935000e+13  0.00000000e+00
 1.10000000e+00  0.00000000e+00  4.15283700e+13  0.00000000e+00
 1.20000000e+00  0.00000000e+00  3.87632400e+13  0.00000000e+00
 1.30000000e+00  0.00000000e+00  3.59981100e+13  0.00000000e+00
 1.40000000e+00  0.00000000e+00  3.32329800e+13  0.00000000e+00
 1.50000000e+00  0.00000000e+00  3.04678500e+13  0.00000000e+00
 1.60000000e+00  0.00000000e+00  2.89416000e+13  0.00000000e+00
 1.70000000e+00  0.00000000e+00  2.74153500e+13  0.00000000e+00
 1.80000000e+00  0.00000000e+00  2.58891000e+13  0.00000000e+00
 1.90000000e+00  0.00000000e+00  2.43628500e+13  0.00000000e+00
 2.00000000e+00  0.00000000e+00  2.28366000e+13  0.00000000e+00
 2.10000000e+00  0.00000000e+00  2.18582700e+13  0.00000000e+00
 2.20000000e+00  0.00000000e+00  2.08799400e+13  0.00000000e+00
 2.30000000e+00  0.00000000e+00  1.99016100e+13  0.00000000e+00
 2.40000000e+00  0.00000000e+00  1.89232800e+13  0.00000000e+00
 2.50000000e+00  0.00000000e+00  1.79449500e+13  0.00000000e+00
 2.60000000e+00  0.00000000e+00  1.72768200e+13  0.00000000e+00
 2.70000000e+00  0.00000000e+00  1.66086900e+13  0.00000000e+00
 2.80000000e+00  0.00000000e+00  1.59405600e+13  0.00000000e+00
 2.90000000e+00  0.00000000e+00  1.52724300e+13  0.00000000e+00
 3.00000000e+00  0.00000000e+00  1.46043000e+13  0.00000000e+00
 3.10000000e+00  0.00000000e+00  1.41276000e+13  0.00000000e+00
 3.20000000e+00  0.00000000e+00  1.36509000e+13  0.00000000e+00
 3.30000000e+00  0.00000000e+00  1.31742000e+13  0.00000000e+00
 3.40000000e+00  0.00000000e+00  1.26975000e+13  0.00000000e+00
 3.50000000e+00  0.00000000e+00  1.22208000e+13  0.00000000e+00
 3.60000000e+00  0.00000000e+00  1.18642200e+13  0.00000000e+00
 3.70000000e+00  0.00000000e+00  1.15076400e+13  0.00000000e+00
 3.80000000e+00  0.00000000e+00  1.11510600e+13  0.00000000e+00
 3.90000000e+00  0.00000000e+00  1.07944800e+13  0.00000000e+00
 4.00000000e+00  0.00000000e+00  1.04379000e+13  0.00000000e+00
 4.10000000e+00  0.00000000e+00  1.01579400e+13  0.00000000e+00
 4.20000000e+00  0.00000000e+00  9.87798000e+12  0.00000000e+00
 4.30000000e+00  0.00000000e+00  9.59802000e+12  0.00000000e+00
 4.40000000e+00  0.00000000e+00  9.31806000e+12  0.00000000e+00
 4.50000000e+00  0.00000000e+00  9.03810000e+12  0.00000000e+00
 4.60000000e+00  0.00000000e+00  8.81829000e+12  0.00000000e+00
 4.70000000e+00  0.00000000e+00  8.59848000e+12  0.00000000e+00
 4.80000000e+00  0.00000000e+00  8.37867000e+12  0.00000000e+00
 4.90000000e+00  0.00000000e+00  8.15886000e+12  0.00000000e+00
 5.00000000e+00  0.00000000e+00  7.93905000e+12  0.00000000e+00
 5.10000000e+00  0.00000000e+00  7.75656000e+12  0.00000000e+00
 5.20000000e+00  0.00000000e+00  7.57407000e+12  0.00000000e+00
 5.30000000e+00  0.00000000e+00  7.39158000e+12  0.00000000e+00
 5.40000000e+00  0.00000000e+00  7.20909000e+12  0.00000000e+00
 5.50000000e+00  0.00000000e+00  7.02660000e+12  0.00000000e+00
 5.60000000e+00  0.00000000e+00  6.87657000e+12  0.00000000e+00
 5.70000000e+00  0.00000000e+00  6.72654000e+12  0.00000000e+00
 5.80000000e+00  0.00000000e+00  6.57651000e+12  0.00000000e+00
 5.90000000e+00  0.00000000e+00  6.42648000e+12  0.00000000e+00
 6.00000000e+00  0.00000000e+00  6.27645000e+12  0.00000000e+00
 6.10000000e+00  0.00000000e+00  6.15648000e+12  0.00000000e+00
 6.20000000e+00  0.00000000e+00  6.03651000e+12  0.00000000e+00
 6.30000000e+00  0.00000000e+00  5.91654000e+12  0.00000000e+00
 6.40000000e+00  0.00000000e+00  5.79657000e+12  0.00000000e+00
 6.50000000e+00  0.00000000e+00  5.67660000e+12  0.00000000e+00
 6.60000000e+00  7.03922364e+08  5.56989000e+12  1.27245380e-26
 6.70000000e+00  7.45118627e+08  5.46318000e+12  1.37323160e-26
 6.80000000e+00  7.84178718e+08  5.35647000e+12  1.47400940e-26
 6.90000000e+00  8.21102638e+08  5.24976000e+12  1.57478720e-26
 7.00000000e+00  8.55890387e+08  5.14305000e+12  1.67556500e-26
 7.10000000e+00  8.94130780e+08  5.04711000e+12  1.78370140e-26
 7.20000000e+00  9.30310363e+08  4.95117000e+12  1.89183780e-26
 7.30000000e+00  9.64429138e+08  4.85523000e+12  1.99997420e-26
 7.40000000e+00  9.96487104e+08  4.75929000e+12  2.10811060e-26
 7.50000000e+00  1.02648426e+09  4.66335000e+12  2.21624700e-26
 7.60000000e+00  1.07693874e+09  4.57974000e+12  2.36763120e-26
 7.70000000e+00  1.12487899e+09  4.49613000e+12  2.51901540e-26
 7.80000000e+00  1.17030501e+09  4.41252000e+12  2.67039960e-26
 7.90000000e+00  1.21321680e+09  4.32891000e+12  2.82178380e-26
 8.00000000e+00  1.25361436e+09  4.24530000e+12  2.97316800e-26
 8.10000000e+00  1.32341225e+09  4.17447000e+12  3.19196180e-26
 8.20000000e+00  1.39013180e+09  4.10364000e+12  3.41075560e-26
 8.30000000e+00  1.45377299e+09  4.03281000e+12  3.62954940e-26
 8.40000000e+00  1.51433583e+09  3.96198000e+12  3.84834320e-26
 8.50000000e+00  1.57182031e+09  3.89115000e+12  4.06713700e-26
 8.60000000e+00  1.67086792e+09  3.83418000e+12  4.38766540e-26
 8.70000000e+00  1.76628827e+09  3.77721000e+12  4.70819380e-26
 8.80000000e+00  1.85808135e+09  3.72024000e+12  5.02872220e-26
 8.90000000e+00  1.94624718e+09  3.66327000e+12  5.34925060e-26
 9.00000000e+00  2.03078574e+09  3.60630000e+12  5.66977900e-26
 9.10000000e+00  2.16699947e+09  3.55212000e+12  6.14235700e-26
 9.20000000e+00  2.29812718e+09  3.49794000e+12  6.61493500e-26
 9.30000000e+00  2.42416886e+09  3.44376000e+12  7.08751300e-26
 9.40000000e+00  2.54512451e+09  3.38958000e+12  7.56009100e-26
 9.50000000e+00  2.66099414e+09  3.33540000e+12  8.03266900e-26
 9.60000000e+00  2.84561862e+09  3.28160100e+12  8.73081520e-26
 9.70000000e+00  3.02278227e+09  3.22780200e+12  9.42896140e-26
 9.80000000e+00  3.19248510e+09  3.17400300e+12  1.01271076e-25
 9.90000000e+00  3.35472711e+09  3.12020400e+12  1.08252538e-25
 1.00000000e+01  3.50950830e+09  3.06640500e+12  1.15234000e-25
 1.01000000e+01  3.76889446e+09  3.02305200e+12  1.25525580e-25
 1.02000000e+01  4.01941790e+09  2.97969900e+12  1.35817160e-25
 1.03000000e+01  4.26107861e+09  2.93634600e+12  1.46108740e-25
 1.04000000e+01  4.49387659e+09  2.89299300e+12  1.56400320e-25
 1.05000000e+01  4.71781185e+09  2.84964000e+12  1.66691900e-25
 1.06000000e+01  5.06695636e+09  2.81458200e+12  1.81257980e-25
 1.07000000e+01  5.40595717e+09  2.77952400e+12  1.95824060e-25
 1.08000000e+01  5.73481430e+09  2.74446600e+12  2.10390140e-25
 1.09000000e+01  6.05352774e+09  2.70940800e+12  2.24956220e-25
 1.10000000e+01  6.36209748e+09  2.67435000e+12  2.39522300e-25
 1.11000000e+01  6.69773811e+09  2.63889000e+12  2.55546980e-25
 1.12000000e+01  7.02209133e+09  2.60343000e+12  2.71571660e-25
 1.13000000e+01  7.33515715e+09  2.56797000e+12  2.87596340e-25
 1.14000000e+01  7.63693556e+09  2.53251000e+12  3.03621020e-25
 1.15000000e+01  7.92742655e+09  2.49705000e+12  3.19645700e-25
 1.16000000e+01  7.61343497e+09  2.46251100e+12  3.11290840e-25
 1.17000000e+01  7.30517550e+09  2.42797200e+12  3.02935980e-25
 1.18000000e+01  7.00264815e+09  2.39343300e+12  2.94581120e-25
 1.19000000e+01  6.70585292e+09  2.35889400e+12  2.86226260e-25
 1.20000000e+01  6.41478980e+09  2.32435500e+12  2.77871400e-25
 1.21000000e+01  5.98225600e+09  2.29738800e+12  2.62176960e-25
 1.22000000e+01  5.55812926e+09  2.27042100e+12  2.46482520e-25
 1.23000000e+01  5.14240959e+09  2.24345400e+12  2.30788080e-25
 1.24000000e+01  4.73509699e+09  2.21648700e+12  2.15093640e-25
 1.25000000e+01  4.33619146e+09  2.18952000e+12  1.99399200e-25
 1.26000000e+01  4.02995761e+09  2.16629400e+12  1.87303960e-25
 1.27000000e+01  3.72930403e+09  2.14306800e+12  1.75208720e-25
 1.28000000e+01  3.43423071e+09  2.11984200e+12  1.63113480e-25
 1.29000000e+01  3.14473766e+09  2.09661600e+12  1.51018240e-25
 1.30000000e+01  2.86082488e+09  2.07339000e+12  1.38923000e-25
 1.31000000e+01  2.66162018e+09  2.04945300e+12  1.30759122e-25
 1.32000000e+01  2.46629727e+09  2.02551600e+12  1.22595244e-25
 1.33000000e+01  2.27485615e+09  2.00157900e+12  1.14431366e-25
 1.34000000e+01  2.08729683e+09  1.97764200e+12  1.06267488e-25
 1.35000000e+01  1.90361930e+09  1.95370500e+12  9.81036100e-26
 1.36000000e+01  1.79235273e+09  1.92904200e+12  9.35504060e-26
 1.37000000e+01  1.68331680e+09  1.90437900e+12  8.89972020e-26
 1.38000000e+01  1.57651151e+09  1.87971600e+12  8.44439980e-26
 1.39000000e+01  1.47193686e+09  1.85505300e+12  7.98907940e-26
 1.40000000e+01  1.36959285e+09  1.83039000e+12  7.53375900e-26
 1.41000000e+01  1.30048911e+09  1.80824100e+12  7.24126240e-26
 1.42000000e+01  1.23267226e+09  1.78609200e+12  6.94876580e-26
 1.43000000e+01  1.16614229e+09  1.76394300e+12  6.65626920e-26
 1.44000000e+01  1.10089922e+09  1.74179400e+12  6.36377260e-26
 1.45000000e+01  1.03694304e+09  1.71964500e+12  6.07127600e-26
 1.46000000e+01  9.82751963e+08  1.70161500e+12  5.81495680e-26
 1.47000000e+01  9.29478890e+08  1.68358500e+12  5.55863760e-26
 1.48000000e+01  8.77123817e+08  1.66555500e+12  5.30231840e-26
 1.49000000e+01  8.25686745e+08  1.64752500e+12  5.04599920e-26
 1.50000000e+01  7.75167673e+08  1.62949500e+12  4.78968000e-26
 1.51000000e+01  7.31225663e+08  1.61437500e+12  4.56048340e-26
 1.52000000e+01  6.87972028e+08  1.59925500e+12  4.33128680e-26
 1.53000000e+01  6.45406771e+08  1.58413500e+12  4.10209020e-26
 1.54000000e+01  6.03529890e+08  1.56901500e+12  3.87289360e-26
 1.55000000e+01  5.62341385e+08  1.55389500e+12  3.64369700e-26
 1.56000000e+01  5.27107963e+08  1.53757800e+12  3.45164640e-26
 1.57000000e+01  4.92497016e+08  1.52126100e+12  3.25959580e-26
 1.58000000e+01  4.58508544e+08  1.50494400e+12  3.06754520e-26
 1.59000000e+01  4.25142547e+08  1.48862700e+12  2.87549460e-26
 1.60000000e+01  3.92399026e+08  1.47231000e+12  2.68344400e-26
 1.61000000e+01  3.67926365e+08  1.45648800e+12  2.54341880e-26
 1.62000000e+01  3.43893787e+08  1.44066600e+12  2.40339360e-26
 1.63000000e+01  3.20301290e+08  1.42484400e+12  2.26336840e-26
 1.64000000e+01  2.97148876e+08  1.40902200e+12  2.12334320e-26
 1.65000000e+01  2.74436544e+08  1.39320000e+12  1.98331800e-26
 1.66000000e+01  2.58366179e+08  1.38061500e+12  1.88419980e-26
 1.67000000e+01  2.42543599e+08  1.36803000e+12  1.78508160e-26
 1.68000000e+01  2.26968801e+08  1.35544500e+12  1.68596340e-26
 1.69000000e+01  2.11641788e+08  1.34286000e+12  1.58684520e-26
 1.70000000e+01  1.96562558e+08  1.33027500e+12  1.48772700e-26
 1.71000000e+01  1.86067874e+08  1.31780700e+12  1.42161980e-26
 1.72000000e+01  1.75736914e+08  1.30533900e+12  1.35551260e-26
 1.73000000e+01  1.65569677e+08  1.29287100e+12  1.28940540e-26
 1.74000000e+01  1.55566164e+08  1.28040300e+12  1.22329820e-26
 1.75000000e+01  1.45726374e+08  1.26793500e+12  1.15719100e-26
 1.76000000e+01  1.38197867e+08  1.25360100e+12  1.10995632e-26
 1.77000000e+01  1.30803851e+08  1.23926700e+12  1.06272164e-26
 1.78000000e+01  1.23544327e+08  1.22493300e+12  1.01548696e-26
 1.79000000e+01  1.16419294e+08  1.21059900e+12  9.68252280e-27
 1.80000000e+01  1.09428752e+08  1.19626500e+12  9.21017600e-27
 1.81000000e+01  1.04220389e+08  1.18344900e+12  8.86680220e-27
 1.82000000e+01  9.90994404e+07  1.17063300e+12  8.52342840e-27
 1.83000000e+01  9.40659068e+07  1.15781700e+12  8.18005460e-27
 1.84000000e+01  8.91197882e+07  1.14500100e+12  7.83668080e-27
 1.85000000e+01  8.42610845e+07  1.13218500e+12  7.49330700e-27
 1.86000000e+01  8.06720371e+07  1.12160700e+12  7.24179440e-27
 1.87000000e+01  7.71358378e+07  1.11102900e+12  6.99028180e-27
 1.88000000e+01  7.36524866e+07  1.10045100e+12  6.73876920e-27
 1.89000000e+01  7.02219835e+07  1.08987300e+12  6.48725660e-27
 1.90000000e+01  6.68443285e+07  1.07929500e+12  6.23574400e-27
 1.91000000e+01  6.42185161e+07  1.07008200e+12  6.04236680e-27
 1.92000000e+01  6.16280931e+07  1.06086900e+12  5.84898960e-27
 1.93000000e+01  5.90730594e+07  1.05165600e+12  5.65561240e-27
 1.94000000e+01  5.65534151e+07  1.04244300e+12  5.46223520e-27
 1.95000000e+01  5.40691601e+07  1.03323000e+12  5.26885800e-27
 1.96000000e+01  5.19954450e+07  1.02354900e+12  5.11470440e-27
 1.97000000e+01  4.99513741e+07  1.01386800e+12  4.96055080e-27
 1.98000000e+01  4.79369474e+07  1.00418700e+12  4.80639720e-27
 1.99000000e+01  4.59521649e+07  9.94506000e+11  4.65224360e-27
 2.00000000e+01  4.39970266e+07  9.84825000e+11  4.49809000e-27
 2.01000000e+01  4.24319251e+07  9.73893000e+11  4.38677510e-27
 2.02000000e+01  4.08909960e+07  9.62961000e+11  4.27546020e-27
 2.03000000e+01  3.93742391e+07  9.52029000e+11  4.16414530e-27
 2.04000000e+01  3.78816547e+07  9.41097000e+11  4.05283040e-27
 2.05000000e+01  3.64132426e+07  9.30165000e+11  3.94151550e-27
 2.06000000e+01  3.51344834e+07  9.23583000e+11  3.83020060e-27
 2.07000000e+01  3.38702780e+07  9.17001000e+11  3.71888570e-27
 2.08000000e+01  3.26206265e+07  9.10419000e+11  3.60757080e-27
 2.09000000e+01  3.13855288e+07  9.03837000e+11  3.49625590e-27
 2.10000000e+01  3.01649849e+07  8.97255000e+11  3.38494100e-27
 2.11000000e+01  2.92936209e+07  8.91012000e+11  3.31019350e-27
 2.12000000e+01  2.84315263e+07  8.84769000e+11  3.23544600e-27
 2.13000000e+01  2.75787013e+07  8.78526000e+11  3.16069850e-27
 2.14000000e+01  2.67351458e+07  8.72283000e+11  3.08595100e-27
 2.15000000e+01  2.59008597e+07  8.66040000e+11  3.01120350e-27
 2.16000000e+01  2.50280712e+07  8.58159000e+11  2.93645600e-27
 2.17000000e+01  2.41669842e+07  8.50278000e+11  2.86170850e-27
 2.18000000e+01  2.33175988e+07  8.42397000e+11  2.78696100e-27
 2.19000000e+01  2.24799149e+07  8.34516000e+11  2.71221350e-27
 2.20000000e+01  2.16539326e+07  8.26635000e+11  2.63746600e-27
 2.21000000e+01  2.09769907e+07  8.17581000e+11  2.58330850e-27
 2.22000000e+01  2.03097889e+07  8.08527000e+11  2.52915100e-27
 2.23000000e+01  1.96523272e+07  7.99473000e+11  2.47499350e-27
 2.24000000e+01  1.90046056e+07  7.90419000e+11  2.42083600e-27
 2.25000000e+01  1.83666243e+07  7.81365000e+11  2.36667850e-27
 2.26000000e+01  1.77586407e+07  7.73193000e+11  2.31252100e-27
 2.27000000e+01  1.71594485e+07  7.65021000e+11  2.25836350e-27
 2.28000000e+01  1.65690475e+07  7.56849000e+11  2.20420600e-27
 2.29000000e+01  1.59874379e+07  7.48677000e+11  2.15004850e-27
 2.30000000e+01  1.54146195e+07  7.40505000e+11  2.09589100e-27
 2.31000000e+01  1.50102726e+07  7.34724000e+11  2.05697130e-27
 2.32000000e+01  1.46103950e+07  7.28943000e+11  2.01805160e-27
 2.33000000e+01  1.42149867e+07  7.23162000e+11  1.97913190e-27
 2.34000000e+01  1.38240477e+07  7.17381000e+11  1.94021220e-27
 2.35000000e+01  1.34375779e+07  7.11600000e+11  1.90129250e-27
 2.36000000e+01  1.30705601e+07  7.06629000e+11  1.86237280e-27
 2.37000000e+01  1.27073854e+07  7.01658000e+11  1.82345310e-27
 2.38000000e+01  1.23480537e+07  6.96687000e+11  1.78453340e-27
 2.39000000e+01  1.19925651e+07  6.91716000e+11  1.74561370e-27
 2.40000000e+01  1.16409196e+07  6.86745000e+11  1.70669400e-27
 2.41000000e+01  1.13295408e+07  6.81054000e+11  1.67492220e-27
 2.42000000e+01  1.10217537e+07  6.75363000e+11  1.64315040e-27
 2.43000000e+01  1.07175583e+07  6.69672000e+11  1.61137860e-27
 2.44000000e+01  1.04169545e+07  6.63981000e+11  1.57960680e-27
 2.45000000e+01  1.01199424e+07  6.58290000e+11  1.54783500e-27
 2.46000000e+01  9.81644855e+06  6.51930000e+11  1.51606320e-27
 2.47000000e+01  9.51696853e+06  6.45570000e+11  1.48429140e-27
 2.48000000e+01  9.22150241e+06  6.39210000e+11  1.45251960e-27
 2.49000000e+01  8.93005017e+06  6.32850000e+11  1.42074780e-27
 2.50000000e+01  8.64261181e+06  6.26490000e+11  1.38897600e-27
 2.51000000e+01  8.42103577e+06  6.21114000e+11  1.36507990e-27
 2.52000000e+01  8.20201157e+06  6.15738000e+11  1.34118380e-27
 2.53000000e+01  7.98553920e+06  6.10362000e+11  1.31728770e-27
 2.54000000e+01  7.77161867e+06  6.04986000e+11  1.29339160e-27
 2.55000000e+01  7.56024997e+06  5.99610000e+11  1.26949550e-27
 2.56000000e+01  7.34913204e+06  5.94048000e+11  1.24559940e-27
 2.57000000e+01  7.14065424e+06  5.88486000e+11  1.22170330e-27
 2.58000000e+01  6.93481656e+06  5.82924000e+11  1.19780720e-27
 2.59000000e+01  6.73161900e+06  5.77362000e+11  1.17391110e-27
 2.60000000e+01  6.53106157e+06  5.71800000e+11  1.15001500e-27
 2.61000000e+01  6.38289142e+06  5.67768000e+11  1.13190616e-27
 2.62000000e+01  6.23617164e+06  5.63736000e+11  1.11379732e-27
 2.63000000e+01  6.09090223e+06  5.59704000e+11  1.09568848e-27
 2.64000000e+01  5.94708318e+06  5.55672000e+11  1.07757964e-27
 2.65000000e+01  5.80471449e+06  5.51640000e+11  1.05947080e-27
 2.66000000e+01  5.64725804e+06  5.46009000e+11  1.04136196e-27
 2.67000000e+01  5.49182714e+06  5.40378000e+11  1.02325312e-27
 2.68000000e+01  5.33842179e+06  5.34747000e+11  1.00514428e-27
 2.69000000e+01  5.18704198e+06  5.29116000e+11  9.87035440e-28
 2.70000000e+01  5.03768772e+06  5.23485000e+11  9.68926600e-28
 2.71000000e+01  4.91302891e+06  5.18079000e+11  9.54810550e-28
 2.72000000e+01  4.78988595e+06  5.12673000e+11  9.40694500e-28
 2.73000000e+01  4.66825883e+06  5.07267000e+11  9.26578450e-28
 2.74000000e+01  4.54814757e+06  5.01861000e+11  9.12462400e-28
 2.75000000e+01  4.42955214e+06  4.96455000e+11  8.98346350e-28
 2.76000000e+01  4.32907086e+06  4.92939000e+11  8.84230300e-28
 2.77000000e+01  4.22957546e+06  4.89423000e+11  8.70114250e-28
 2.78000000e+01  4.13106596e+06  4.85907000e+11  8.55998200e-28
 2.79000000e+01  4.03354234e+06  4.82391000e+11  8.41882150e-28
 2.80000000e+01  3.93700461e+06  4.78875000e+11  8.27766100e-28
 2.81000000e+01  3.84247037e+06  4.74540000e+11  8.15270220e-28
 2.82000000e+01  3.74901214e+06  4.70205000e+11  8.02774340e-28
 2.83000000e+01  3.65662995e+06  4.65870000e+11  7.90278460e-28
 2.84000000e+01  3.56532377e+06  4.61535000e+11  7.77782580e-28
 2.85000000e+01  3.47509362e+06  4.57200000e+11  7.65286700e-28
 2.86000000e+01  3.38697128e+06  4.53003000e+11  7.52790820e-28
 2.87000000e+01  3.29989071e+06  4.48806000e+11  7.40294940e-28
 2.88000000e+01  3.21385192e+06  4.44609000e+11  7.27799060e-28
 2.89000000e+01  3.12885489e+06  4.40412000e+11  7.15303180e-28
 2.90000000e+01  3.04489963e+06  4.36215000e+11  7.02807300e-28
 2.91000000e+01  2.97337251e+06  4.31547000e+11  6.93721410e-28
 2.92000000e+01  2.90268788e+06  4.26879000e+11  6.84635520e-28
 2.93000000e+01  2.83284574e+06  4.22211000e+11  6.75549630e-28
 2.94000000e+01  2.76384609e+06  4.17543000e+11  6.66463740e-28
 2.95000000e+01  2.69568893e+06  4.12875000e+11  6.57377850e-28
 2.96000000e+01  2.63658376e+06  4.09482000e+11  6.48291960e-28
 2.97000000e+01  2.57809097e+06  4.06089000e+11  6.39206070e-28
 2.98000000e+01  2.52021056e+06  4.02696000e+11  6.30120180e-28
 2.99000000e+01  2.46294251e+06  3.99303000e+11  6.21034290e-28
 3.00000000e+01  2.40628685e+06  3.95910000e+11  6.11948400e-28
 3.01000000e+01  2.36098037e+06  3.92712000e+11  6.05315900e-28
 3.02000000e+01  2.31609522e+06  3.89514000e+11  5.98683400e-28
 3.03000000e+01  2.27163140e+06  3.86316000e+11  5.92050900e-28
 3.04000000e+01  2.22758891e+06  3.83118000e+11  5.85418400e-28
 3.05000000e+01  2.18396775e+06  3.79920000e+11  5.78785900e-28
 3.06000000e+01  2.13578995e+06  3.75846000e+11  5.72153400e-28
 3.07000000e+01  2.08814888e+06  3.71772000e+11  5.65520900e-28
 3.08000000e+01  2.04104456e+06  3.67698000e+11  5.58888400e-28
 3.09000000e+01  1.99447697e+06  3.63624000e+11  5.52255900e-28
 3.10000000e+01  1.94844613e+06  3.59550000e+11  5.45623400e-28
 3.11000000e+01  1.90383531e+06  3.55641000e+11  5.38990900e-28
 3.12000000e+01  1.85973950e+06  3.51732000e+11  5.32358400e-28
 3.13000000e+01  1.81615868e+06  3.47823000e+11  5.25725900e-28
 3.14000000e+01  1.77309287e+06  3.43914000e+11  5.19093400e-28
 3.15000000e+01  1.73054207e+06  3.40005000e+11  5.12460900e-28
 3.16000000e+01  1.69010385e+06  3.36414000e+11  5.05828400e-28
 3.17000000e+01  1.65013875e+06  3.32823000e+11  4.99195900e-28
 3.18000000e+01  1.61064675e+06  3.29232000e+11  4.92563400e-28
 3.19000000e+01  1.57162786e+06  3.25641000e+11  4.85930900e-28
 3.20000000e+01  1.53308207e+06  3.22050000e+11  4.79298400e-28
 3.21000000e+01  1.49793296e+06  3.18009600e+11  4.74259485e-28
 3.22000000e+01  1.46318827e+06  3.13969200e+11  4.69220570e-28
 3.23000000e+01  1.42884799e+06  3.09928800e+11  4.64181655e-28
 3.24000000e+01  1.39491213e+06  3.05888400e+11  4.59142740e-28
 3.25000000e+01  1.36138069e+06  3.01848000e+11  4.54103825e-28
 3.26000000e+01  1.32664935e+06  2.97447900e+11  4.49064910e-28
 3.27000000e+01  1.29235844e+06  2.93047800e+11  4.44025995e-28
 3.28000000e+01  1.25850795e+06  2.88647700e+11  4.38987080e-28
 3.29000000e+01  1.22509787e+06  2.84247600e+11  4.33948165e-28
 3.30000000e+01  1.19212821e+06  2.79847500e+11  4.28909250e-28
 3.31000000e+01  1.15934386e+06  2.75386800e+11  4.23870335e-28
 3.32000000e+01  1.12700598e+06  2.70926100e+11  4.18831420e-28
 3.33000000e+01  1.09511459e+06  2.66465400e+11  4.13792505e-28
 3.34000000e+01  1.06366969e+06  2.62004700e+11  4.08753590e-28
 3.35000000e+01  1.03267127e+06  2.57544000e+11  4.03714675e-28
 3.36000000e+01  1.00332505e+06  2.53387800e+11  3.98675760e-28
 3.37000000e+01  9.74394827e+05  2.49231600e+11  3.93636845e-28
 3.38000000e+01  9.45880615e+05  2.45075400e+11  3.88597930e-28
 3.39000000e+01  9.17782408e+05  2.40919200e+11  3.83559015e-28
 3.40000000e+01  8.90100208e+05  2.36763000e+11  3.78520100e-28
 3.41000000e+01  8.69417762e+05  2.33332500e+11  3.75160540e-28
 3.42000000e+01  8.48964248e+05  2.29902000e+11  3.71800980e-28
 3.43000000e+01  8.28739666e+05  2.26471500e+11  3.68441420e-28
 3.44000000e+01  8.08744016e+05  2.23041000e+11  3.65081860e-28
 3.45000000e+01  7.88977297e+05  2.19610500e+11  3.61722300e-28
 3.46000000e+01  7.66899270e+05  2.15466300e+11  3.58362740e-28
 3.47000000e+01  7.45097803e+05  2.11322100e+11  3.55003180e-28
 3.48000000e+01  7.23572897e+05  2.07177900e+11  3.51643620e-28
 3.49000000e+01  7.02324550e+05  2.03033700e+11  3.48284060e-28
 3.50000000e+01  6.81352763e+05  1.98889500e+11  3.44924500e-28
 3.51000000e+01  6.60189382e+05  1.94607300e+11  3.41564940e-28
 3.52000000e+01  6.39311771e+05  1.90325100e+11  3.38205380e-28
 3.53000000e+01  6.18719928e+05  1.86042900e+11  3.34845820e-28
 3.54000000e+01  5.98413855e+05  1.81760700e+11  3.31486260e-28
 3.55000000e+01  5.78393551e+05  1.77478500e+11  3.28126700e-28
 3.56000000e+01  5.59952798e+05  1.73597400e+11  3.24767140e-28
 3.57000000e+01  5.41771047e+05  1.69716300e+11  3.21407580e-28
 3.58000000e+01  5.23848298e+05  1.65835200e+11  3.18048020e-28
 3.59000000e+01  5.06184551e+05  1.61954100e+11  3.14688460e-28
 3.60000000e+01  4.88779806e+05  1.58073000e+11  3.11328900e-28
 3.61000000e+01  4.71168028e+05  1.53687900e+11  3.08673975e-28
 3.62000000e+01  4.53787509e+05  1.49302800e+11  3.06019050e-28
 3.63000000e+01  4.36638248e+05  1.44917700e+11  3.03364125e-28
 3.64000000e+01  4.19720246e+05  1.40532600e+11  3.00709200e-28
 3.65000000e+01  4.03033502e+05  1.36147500e+11  2.98054275e-28
 3.66000000e+01  3.84966425e+05  1.31213100e+11  2.95399350e-28
 3.67000000e+01  3.67159574e+05  1.26278700e+11  2.92744425e-28
 3.68000000e+01  3.49612951e+05  1.21344300e+11  2.90089500e-28
 3.69000000e+01  3.32326555e+05  1.16409900e+11  2.87434575e-28
 3.70000000e+01  3.15300386e+05  1.11475500e+11  2.84779650e-28
 3.71000000e+01  3.00029904e+05  1.07074800e+11  2.82124725e-28
 3.72000000e+01  2.84991502e+05  1.02674100e+11  2.79469800e-28
 3.73000000e+01  2.70185182e+05  9.82734000e+10  2.76814875e-28
 3.74000000e+01  2.55610944e+05  9.38727000e+10  2.74159950e-28
 3.75000000e+01  2.41268786e+05  8.94720000e+10  2.71505025e-28
 3.76000000e+01  2.26491423e+05  8.48214000e+10  2.68850100e-28
 3.77000000e+01  2.11959320e+05  8.01708000e+10  2.66195175e-28
 3.78000000e+01  1.97672478e+05  7.55202000e+10  2.63540250e-28
 3.79000000e+01  1.83630896e+05  7.08696000e+10  2.60885325e-28
 3.80000000e+01  1.69834575e+05  6.62190000e+10  2.58230400e-28
 3.81000000e+01  1.56291741e+05  6.13326000e+10  2.56571570e-28
 3.82000000e+01  1.42909919e+05  5.64462000e+10  2.54912740e-28
 3.83000000e+01  1.29689109e+05  5.15598000e+10  2.53253910e-28
 3.84000000e+01  1.16629310e+05  4.66734000e+10  2.51595080e-28
 3.85000000e+01  1.03730522e+05  4.17870000e+10  2.49936250e-28
 3.86000000e+01  9.34742928e+04  3.79069500e+10  2.48277420e-28
 3.87000000e+01  8.33459147e+04  3.40269000e+10  2.46618590e-28
 3.88000000e+01  7.33453879e+04  3.01468500e+10  2.44959760e-28
 3.89000000e+01  6.34727125e+04  2.62668000e+10  2.43300930e-28
 3.90000000e+01  5.37278884e+04  2.23867500e+10  2.41642100e-28
 3.91000000e+01  4.68288329e+04  1.96470000e+10  2.39983270e-28
 3.92000000e+01  4.00200547e+04  1.69072500e+10  2.38324440e-28
 3.93000000e+01  3.33015539e+04  1.41675000e+10  2.36665610e-28
 3.94000000e+01  2.66733304e+04  1.14277500e+10  2.35006780e-28
 3.95000000e+01  2.01353844e+04  8.68800000e+09  2.33347950e-28
 3.96000000e+01  1.67169274e+04  7.26465000e+09  2.31689120e-28
 3.97000000e+01  1.33453713e+04  5.84130000e+09  2.30030290e-28
 3.98000000e+01  1.00207158e+04  4.41795000e+09  2.28371460e-28
 3.99000000e+01  6.74296115e+03  2.99460000e+09  2.26712630e-28
 4.00000000e+01  3.51210720e+03  1.57125000e+09  2.25053800e-28
 4.01000000e+01  2.79121686e+03  1.25700000e+09  2.23574455e-28
 4.02000000e+01  2.07956098e+03  9.42750000e+08  2.22095110e-28
 4.03000000e+01  1.37713954e+03  6.28500000e+08  2.20615765e-28
 4.04000000e+01  6.83952546e+02  3.14250000e+08  2.19136420e-28
 4.05000000e+01  0.00000000e+00  0.00000000e+00  2.17657075e-28
 4.06000000e+01  0.00000000e+00  0.00000000e+00  2.16177730e-28
 4.07000000e+01  0.00000000e+00  0.00000000e+00  2.14698385e-28
 4.08000000e+01  0.00000000e+00  0.00000000e+00  2.13219040e-28
 4.09000000e+01  0.00000000e+00  0.00000000e+00  2.11739695e-28
 4.10000000e+01  0.00000000e+00  0.00000000e+00  2.10260350e-28
 4.11000000e+01  0.00000000e+00  0.00000000e+00  2.08781005e-28
 4.12000000e+01  0.00000000e+00  0.00000000e+00  2.07301660e-28
 4.13000000e+01  0.00000000e+00  0.00000000e+00  2.05822315e-28
 4.14000000e+01  0.00000000e+00  0.00000000e+00  2.04342970e-28
 4.15000000e+01  0.00000000e+00  0.00000000e+00  2.02863625e-28
 4.16000000e+01  0.00000000e+00  0.00000000e+00  2.01384280e-28
 4.17000000e+01  0.00000000e+00  0.00000000e+00  1.99904935e-28
 4.18000000e+01  0.00000000e+00  0.00000000e+00  1.98425590e-28
 4.19000000e+01  0.00000000e+00  0.00000000e+00  1.96946245e-28
 4.20000000e+01  0.00000000e+00  0.00000000e+00  1.95466900e-28
 4.21000000e+01  0.00000000e+00  0.00000000e+00  1.94360320e-28
 4.22000000e+01  0.00000000e+00  0.00000000e+00  1.93253740e-28
 4.23000000e+01  0.00000000e+00  0.00000000e+00  1.92147160e-28
 4.24000000e+01  0.00000000e+00  0.00000000e+00  1.91040580e-28
 4.25000000e+01  0.00000000e+00  0.00000000e+00  1.89934000e-28
 4.26000000e+01  0.00000000e+00  0.00000000e+00  1.88827420e-28
 4.27000000e+01  0.00000000e+00  0.00000000e+00  1.87720840e-28
 4.28000000e+01  0.00000000e+00  0.00000000e+00  1.86614260e-28
 4.29000000e+01  0.00000000e+00  0.00000000e+00  1.85507680e-28
 4.30000000e+01  0.00000000e+00  0.00000000e+00  1.84401100e-28
 4.31000000e+01  0.00000000e+00  0.00000000e+00  1.83294520e-28
 4.32000000e+01  0.00000000e+00  0.00000000e+00  1.82187940e-28
 4.33000000e+01  0.00000000e+00  0.00000000e+00  1.81081360e-28
 4.34000000e+01  0.00000000e+00  0.00000000e+00  1.79974780e-28
 4.35000000e+01  0.00000000e+00  0.00000000e+00  1.78868200e-28
 4.36000000e+01  0.00000000e+00  0.00000000e+00  1.77761620e-28
 4.37000000e+01  0.00000000e+00  0.00000000e+00  1.76655040e-28
 4.38000000e+01  0.00000000e+00  0.00000000e+00  1.75548460e-28
 4.39000000e+01  0.00000000e+00  0.00000000e+00  1.74441880e-28
 4.40000000e+01  0.00000000e+00  0.00000000e+00  1.73335300e-28
 4.41000000e+01  0.00000000e+00  0.00000000e+00  1.72441315e-28
 4.42000000e+01  0.00000000e+00  0.00000000e+00  1.71547330e-28
 4.43000000e+01  0.00000000e+00  0.00000000e+00  1.70653345e-28
 4.44000000e+01  0.00000000e+00  0.00000000e+00  1.69759360e-28
 4.45000000e+01  0.00000000e+00  0.00000000e+00  1.68865375e-28
 4.46000000e+01  0.00000000e+00  0.00000000e+00  1.67971390e-28
 4.47000000e+01  0.00000000e+00  0.00000000e+00  1.67077405e-28
 4.48000000e+01  0.00000000e+00  0.00000000e+00  1.66183420e-28
 4.49000000e+01  0.00000000e+00  0.00000000e+00  1.65289435e-28
 4.50000000e+01  0.00000000e+00  0.00000000e+00  1.64395450e-28
 4.51000000e+01  0.00000000e+00  0.00000000e+00  1.63501465e-28
 4.52000000e+01  0.00000000e+00  0.00000000e+00  1.62607480e-28
 4.53000000e+01  0.00000000e+00  0.00000000e+00  1.61713495e-28
 4.54000000e+01  0.00000000e+00  0.00000000e+00  1.60819510e-28
 4.55000000e+01  0.00000000e+00  0.00000000e+00  1.59925525e-28
 4.56000000e+01  0.00000000e+00  0.00000000e+00  1.59031540e-28
 4.57000000e+01  0.00000000e+00  0.00000000e+00  1.58137555e-28
 4.58000000e+01  0.00000000e+00  0.00000000e+00  1.57243570e-28
 4.59000000e+01  0.00000000e+00  0.00000000e+00  1.56349585e-28
 4.60000000e+01  0.00000000e+00  0.00000000e+00  1.55455600e-28
 4.61000000e+01  0.00000000e+00  0.00000000e+00  1.54835485e-28
 4.62000000e+01  0.00000000e+00  0.00000000e+00  1.54215370e-28
 4.63000000e+01  0.00000000e+00  0.00000000e+00  1.53595255e-28
 4.64000000e+01  0.00000000e+00  0.00000000e+00  1.52975140e-28
 4.65000000e+01  0.00000000e+00  0.00000000e+00  1.52355025e-28
 4.66000000e+01  0.00000000e+00  0.00000000e+00  1.51734910e-28
 4.67000000e+01  0.00000000e+00  0.00000000e+00  1.51114795e-28
 4.68000000e+01  0.00000000e+00  0.00000000e+00  1.50494680e-28
 4.69000000e+01  0.00000000e+00  0.00000000e+00  1.49874565e-28
 4.70000000e+01  0.00000000e+00  0.00000000e+00  1.49254450e-28
 4.71000000e+01  0.00000000e+00  0.00000000e+00  1.48634335e-28
 4.72000000e+01  0.00000000e+00  0.00000000e+00  1.48014220e-28
 4.73000000e+01  0.00000000e+00  0.00000000e+00  1.47394105e-28
 4.74000000e+01  0.00000000e+00  0.00000000e+00  1.46773990e-28
 4.75000000e+01  0.00000000e+00  0.00000000e+00  1.46153875e-28
 4.76000000e+01  0.00000000e+00  0.00000000e+00  1.45533760e-28
 4.77000000e+01  0.00000000e+00  0.00000000e+00  1.44913645e-28
 4.78000000e+01  0.00000000e+00  0.00000000e+00  1.44293530e-28
 4.79000000e+01  0.00000000e+00  0.00000000e+00  1.43673415e-28
 4.80000000e+01  0.00000000e+00  0.00000000e+00  1.43053300e-28
 4.81000000e+01  0.00000000e+00  0.00000000e+00  1.42414940e-28
 4.82000000e+01  0.00000000e+00  0.00000000e+00  1.41776580e-28
 4.83000000e+01  0.00000000e+00  0.00000000e+00  1.41138220e-28
 4.84000000e+01  0.00000000e+00  0.00000000e+00  1.40499860e-28
 4.85000000e+01  0.00000000e+00  0.00000000e+00  1.39861500e-28
 4.86000000e+01  0.00000000e+00  0.00000000e+00  1.39223140e-28
 4.87000000e+01  0.00000000e+00  0.00000000e+00  1.38584780e-28
 4.88000000e+01  0.00000000e+00  0.00000000e+00  1.37946420e-28
 4.89000000e+01  0.00000000e+00  0.00000000e+00  1.37308060e-28
 4.90000000e+01  0.00000000e+00  0.00000000e+00  1.36669700e-28
 4.91000000e+01  0.00000000e+00  0.00000000e+00  1.36031340e-28
 4.92000000e+01  0.00000000e+00  0.00000000e+00  1.35392980e-28
 4.93000000e+01  0.00000000e+00  0.00000000e+00  1.34754620e-28
 4.94000000e+01  0.00000000e+00  0.00000000e+00  1.34116260e-28
 4.95000000e+01  0.00000000e+00  0.00000000e+00  1.33477900e-28
 4.96000000e+01  0.00000000e+00  0.00000000e+00  1.32839540e-28
 4.97000000e+01  0.00000000e+00  0.00000000e+00  1.32201180e-28
 4.98000000e+01  0.00000000e+00  0.00000000e+00  1.31562820e-28
 4.99000000e+01  0.00000000e+00  0.00000000e+00  1.30924460e-28
 5.00000000e+01  0.00000000e+00  0.00000000e+00  1.30286100e-28
