# energy(MeV) dYield(atoms/MeV/s) photonFlux(photons/MeV/uA/s) crossSection(mb)
# 501 4
# 501 4
 0.00000000e+00  0.00000000e+00  9.32190000e+13  0.00000000e+00
 1.00000000e-01  0.00000000e+00  9.35976000e+13  0.00000000e+00
 2.00000000e-01  0.00000000e+00  9.39762000e+13  0.00000000e+00
 3.00000000e-01  0.00000000e+00  9.43548000e+13  0.00000000e+00
 4.00000000e-01  0.00000000e+00  9.47334000e+13  0.00000000e+00
 5.00000000e-01  0.00000000e+00  9.51120000e+13  0.00000000e+00
 6.00000000e-01  0.00000000e+00  9.14013000e+13  0.00000000e+00
 7.00000000e-01  0.00000000e+00  8.76906000e+13  0.00000000e+00
 8.00000000e-01  0.00000000e+00  8.39799000e+13  0.00000000e+00
 9.00000000e-01  0.00000000e+00  8.02692000e+13  0.00000000e+00
 1.00000000e+00  0.00000000e+00  7.65585000e+13  0.00000000e+00
 1.10000000e+00  0.00000000e+00  7.08183000e+13  0.00000000e+00
 1.20000000e+00  0.00000000e+00  6.50781000e+13  0.00000000e+00
 1.30000000e+00  0.00000000e+00  5.93379000e+13  0.00000000e+00
 1.40000000e+00  0.00000000e+00  5.35977000e+13  0.00000000e+00
 1.50000000e+00  0.00000000e+00  4.78575000e+13  0.00000000e+00
 1.60000000e+00  0.00000000e+00  4.52391000e+13  0.00000000e+00
 1.70000000e+00  0.00000000e+00  4.26207000e+13  0.00000000e+00
 1.80000000e+00  0.00000000e+00  4.00023000e+13  0.00000000e+00
 1.90000000e+00  0.00000000e+00  3.73839000e+13  0.00000000e+00
 2.00000000e+00  0.00000000e+00  3.47655000e+13  0.00000000e+00
 2.10000000e+00  0.00000000e+00  3.31734900e+13  0.00000000e+00
 2.20000000e+00  0.00000000e+00  3.15814800e+13  0.00000000e+00
 2.30000000e+00  0.00000000e+00  2.99894700e+13  0.00000000e+00
 2.40000000e+00  0.00000000e+00  2.83974600e+13  0.00000000e+00
 2.50000000e+00  0.00000000e+00  2.68054500e+13  0.00000000e+00
 2.60000000e+00  0.00000000e+00  2.57522400e+13  0.00000000e+00
 2.70000000e+00  0.00000000e+00  2.46990300e+13  0.00000000e+00
 2.80000000e+00  0.00000000e+00  2.36458200e+13  0.00000000e+00
 2.90000000e+00  0.00000000e+00  2.25926100e+13  0.00000000e+00
 3.00000000e+00  0.00000000e+00  2.15394000e+13  0.00000000e+00
 3.10000000e+00  0.00000000e+00  2.07990600e+13  0.00000000e+00
 3.20000000e+00  0.00000000e+00  2.00587200e+13  0.00000000e+00
 3.30000000e+00  0.00000000e+00  1.93183800e+13  0.00000000e+00
 3.40000000e+00  0.00000000e+00  1.85780400e+13  0.00000000e+00
 3.50000000e+00  0.00000000e+00  1.78377000e+13  0.00000000e+00
 3.60000000e+00  0.00000000e+00  1.72896000e+13  0.00000000e+00
 3.70000000e+00  0.00000000e+00  1.67415000e+13  0.00000000e+00
 3.80000000e+00  0.00000000e+00  1.61934000e+13  0.00000000e+00
 3.90000000e+00  0.00000000e+00  1.56453000e+13  0.00000000e+00
 4.00000000e+00  0.00000000e+00  1.50972000e+13  0.00000000e+00
 4.10000000e+00  0.00000000e+00  1.46728500e+13  0.00000000e+00
 4.20000000e+00  0.00000000e+00  1.42485000e+13  0.00000000e+00
 4.30000000e+00  0.00000000e+00  1.38241500e+13  0.00000000e+00
 4.40000000e+00  0.00000000e+00  1.33998000e+13  0.00000000e+00
 4.50000000e+00  0.00000000e+00  1.29754500e+13  0.00000000e+00
 4.60000000e+00  0.00000000e+00  1.26386100e+13  0.00000000e+00
 4.70000000e+00  0.00000000e+00  1.23017700e+13  0.00000000e+00
 4.80000000e+00  0.00000000e+00  1.19649300e+13  0.00000000e+00
 4.90000000e+00  0.00000000e+00  1.16280900e+13  0.00000000e+00
 5.00000000e+00  0.00000000e+00  1.12912500e+13  0.00000000e+00
 5.10000000e+00  0.00000000e+00  1.10235600e+13  0.00000000e+00
 5.20000000e+00  0.00000000e+00  1.07558700e+13  0.00000000e+00
 5.30000000e+00  0.00000000e+00  1.04881800e+13  0.00000000e+00
 5.40000000e+00  0.00000000e+00  1.02204900e+13  0.00000000e+00
 5.50000000e+00  0.00000000e+00  9.95280000e+12  0.00000000e+00
 5.60000000e+00  0.00000000e+00  9.73356000e+12  0.00000000e+00
 5.70000000e+00  0.00000000e+00  9.51432000e+12  0.00000000e+00
 5.80000000e+00  0.00000000e+00  9.29508000e+12  0.00000000e+00
 5.90000000e+00  0.00000000e+00  9.07584000e+12  0.00000000e+00
 6.00000000e+00  0.00000000e+00  8.85660000e+12  0.00000000e+00
 6.10000000e+00  0.00000000e+00  8.67042000e+12  0.00000000e+00
 6.20000000e+00  0.00000000e+00  8.48424000e+12  0.00000000e+00
 6.30000000e+00  0.00000000e+00  8.29806000e+12  0.00000000e+00
 6.40000000e+00  0.00000000e+00  8.11188000e+12  0.00000000e+00
 6.50000000e+00  0.00000000e+00  7.92570000e+12  0.00000000e+00
 6.60000000e+00  9.81828061e+08  7.76886000e+12  1.27245380e-26
 6.70000000e+00  1.03819715e+09  7.61202000e+12  1.37323160e-26
 6.80000000e+00  1.09142654e+09  7.45518000e+12  1.47400940e-26
 6.90000000e+00  1.14151623e+09  7.29834000e+12  1.57478720e-26
 7.00000000e+00  1.18846622e+09  7.14150000e+12  1.67556500e-26
 7.10000000e+00  1.24190942e+09  7.01022000e+12  1.78370140e-26
 7.20000000e+00  1.29253271e+09  6.87894000e+12  1.89183780e-26
 7.30000000e+00  1.34033607e+09  6.74766000e+12  1.99997420e-26
 7.40000000e+00  1.38531952e+09  6.61638000e+12  2.10811060e-26
 7.50000000e+00  1.42748305e+09  6.48510000e+12  2.21624700e-26
 7.60000000e+00  1.49818913e+09  6.37113000e+12  2.36763120e-26
 7.70000000e+00  1.56546804e+09  6.25716000e+12  2.51901540e-26
 7.80000000e+00  1.62931976e+09  6.14319000e+12  2.67039960e-26
 7.90000000e+00  1.68974430e+09  6.02922000e+12  2.82178380e-26
 8.00000000e+00  1.74674165e+09  5.91525000e+12  2.97316800e-26
 8.10000000e+00  1.84382183e+09  5.81601000e+12  3.19196180e-26
 8.20000000e+00  1.93658892e+09  5.71677000e+12  3.41075560e-26
 8.30000000e+00  2.02504293e+09  5.61753000e+12  3.62954940e-26
 8.40000000e+00  2.10918385e+09  5.51829000e+12  3.84834320e-26
 8.50000000e+00  2.18901169e+09  5.41905000e+12  4.06713700e-26
 8.60000000e+00  2.32239738e+09  5.32926000e+12  4.38766540e-26
 8.70000000e+00  2.45006616e+09  5.23947000e+12  4.70819380e-26
 8.80000000e+00  2.57201804e+09  5.14968000e+12  5.02872220e-26
 8.90000000e+00  2.68825302e+09  5.05989000e+12  5.34925060e-26
 9.00000000e+00  2.79877109e+09  4.97010000e+12  5.66977900e-26
 9.10000000e+00  2.98287283e+09  4.88949000e+12  6.14235700e-26
 9.20000000e+00  3.15940749e+09  4.80888000e+12  6.61493500e-26
 9.30000000e+00  3.32837506e+09  4.72827000e+12  7.08751300e-26
 9.40000000e+00  3.48977554e+09  4.64766000e+12  7.56009100e-26
 9.50000000e+00  3.64360895e+09  4.56705000e+12  8.03266900e-26
 9.60000000e+00  3.90365408e+09  4.50174000e+12  8.73081520e-26
 9.70000000e+00  4.15464206e+09  4.43643000e+12  9.42896140e-26
 9.80000000e+00  4.39657287e+09  4.37112000e+12  1.01271076e-25
 9.90000000e+00  4.62944652e+09  4.30581000e+12  1.08252538e-25
 1.00000000e+01  4.85326300e+09  4.24050000e+12  1.15234000e-25
 1.01000000e+01  5.21175654e+09  4.18038000e+12  1.25525580e-25
 1.02000000e+01  5.55795964e+09  4.12026000e+12  1.35817160e-25
 1.03000000e+01  5.89187231e+09  4.06014000e+12  1.46108740e-25
 1.04000000e+01  6.21349455e+09  4.00002000e+12  1.56400320e-25
 1.05000000e+01  6.52282636e+09  3.93990000e+12  1.66691900e-25
 1.06000000e+01  6.98620122e+09  3.88068000e+12  1.81257980e-25
 1.07000000e+01  7.43244135e+09  3.82146000e+12  1.95824060e-25
 1.08000000e+01  7.86154675e+09  3.76224000e+12  2.10390140e-25
 1.09000000e+01  8.27351742e+09  3.70302000e+12  2.24956220e-25
 1.10000000e+01  8.66835336e+09  3.64380000e+12  2.39522300e-25
 1.11000000e+01  9.11618175e+09  3.59175000e+12  2.55546980e-25
 1.12000000e+01  9.54744191e+09  3.53970000e+12  2.71571660e-25
 1.13000000e+01  9.96213384e+09  3.48765000e+12  2.87596340e-25
 1.14000000e+01  1.03602575e+10  3.43560000e+12  3.03621020e-25
 1.15000000e+01  1.07418130e+10  3.38355000e+12  3.19645700e-25
 1.16000000e+01  1.03245137e+10  3.33939000e+12  3.11290840e-25
 1.17000000e+01  9.91454328e+09  3.29523000e+12  3.02935980e-25
 1.18000000e+01  9.51190166e+09  3.25107000e+12  2.94581120e-25
 1.19000000e+01  9.11658887e+09  3.20691000e+12  2.86226260e-25
 1.20000000e+01  8.72860490e+09  3.16275000e+12  2.77871400e-25
 1.21000000e+01  8.13145792e+09  3.12275400e+12  2.62176960e-25
 1.22000000e+01  7.54677984e+09  3.08275800e+12  2.46482520e-25
 1.23000000e+01  6.97457068e+09  3.04276200e+12  2.30788080e-25
 1.24000000e+01  6.41483043e+09  3.00276600e+12  2.15093640e-25
 1.25000000e+01  5.86755909e+09  2.96277000e+12  1.99399200e-25
 1.26000000e+01  5.44077596e+09  2.92467600e+12  1.87303960e-25
 1.27000000e+01  5.02314527e+09  2.88658200e+12  1.75208720e-25
 1.28000000e+01  4.61466702e+09  2.84848800e+12  1.63113480e-25
 1.29000000e+01  4.21534123e+09  2.81039400e+12  1.51018240e-25
 1.30000000e+01  3.82516788e+09  2.77230000e+12  1.38923000e-25
 1.31000000e+01  3.55601131e+09  2.73813600e+12  1.30759122e-25
 1.32000000e+01  3.29239501e+09  2.70397200e+12  1.22595244e-25
 1.33000000e+01  3.03431898e+09  2.66980800e+12  1.14431366e-25
 1.34000000e+01  2.78178324e+09  2.63564400e+12  1.06267488e-25
 1.35000000e+01  2.53478776e+09  2.60148000e+12  9.81036100e-26
 1.36000000e+01  2.38800297e+09  2.57011800e+12  9.35504060e-26
 1.37000000e+01  2.24405469e+09  2.53875600e+12  8.89972020e-26
 1.38000000e+01  2.10294295e+09  2.50739400e+12  8.44439980e-26
 1.39000000e+01  1.96466773e+09  2.47603200e+12  7.98907940e-26
 1.40000000e+01  1.82922904e+09  2.44467000e+12  7.53375900e-26
 1.41000000e+01  1.73776416e+09  2.41624200e+12  7.24126240e-26
 1.42000000e+01  1.64795099e+09  2.38781400e+12  6.94876580e-26
 1.43000000e+01  1.55978952e+09  2.35938600e+12  6.65626920e-26
 1.44000000e+01  1.47327976e+09  2.33095800e+12  6.36377260e-26
 1.45000000e+01  1.38842171e+09  2.30253000e+12  6.07127600e-26
 1.46000000e+01  1.31526988e+09  2.27736300e+12  5.81495680e-26
 1.47000000e+01  1.24339943e+09  2.25219600e+12  5.55863760e-26
 1.48000000e+01  1.17281037e+09  2.22702900e+12  5.30231840e-26
 1.49000000e+01  1.10350269e+09  2.20186200e+12  5.04599920e-26
 1.50000000e+01  1.03547639e+09  2.17669500e+12  4.78968000e-26
 1.51000000e+01  9.74754212e+08  2.15202900e+12  4.56048340e-26
 1.52000000e+01  9.15155018e+08  2.12736300e+12  4.33128680e-26
 1.53000000e+01  8.56678806e+08  2.10269700e+12  4.10209020e-26
 1.54000000e+01  7.99325577e+08  2.07803100e+12  3.87289360e-26
 1.55000000e+01  7.43095330e+08  2.05336500e+12  3.64369700e-26
 1.56000000e+01  6.96247042e+08  2.03095800e+12  3.45164640e-26
 1.57000000e+01  6.50253555e+08  2.00855100e+12  3.25959580e-26
 1.58000000e+01  6.05114870e+08  1.98614400e+12  3.06754520e-26
 1.59000000e+01  5.60830987e+08  1.96373700e+12  2.87549460e-26
 1.60000000e+01  5.17401906e+08  1.94133000e+12  2.68344400e-26
 1.61000000e+01  4.85517510e+08  1.92198900e+12  2.54341880e-26
 1.62000000e+01  4.54171075e+08  1.90264800e+12  2.40339360e-26
 1.63000000e+01  4.23362601e+08  1.88330700e+12  2.26336840e-26
 1.64000000e+01  3.93092089e+08  1.86396600e+12  2.12334320e-26
 1.65000000e+01  3.63359539e+08  1.84462500e+12  1.98331800e-26
 1.66000000e+01  3.41504503e+08  1.82487600e+12  1.88419980e-26
 1.67000000e+01  3.20038302e+08  1.80512700e+12  1.78508160e-26
 1.68000000e+01  2.98960935e+08  1.78537800e+12  1.68596340e-26
 1.69000000e+01  2.78272403e+08  1.76562900e+12  1.58684520e-26
 1.70000000e+01  2.57972705e+08  1.74588000e+12  1.48772700e-26
 1.71000000e+01  2.43676740e+08  1.72581600e+12  1.42161980e-26
 1.72000000e+01  2.29644247e+08  1.70575200e+12  1.35551260e-26
 1.73000000e+01  2.15875224e+08  1.68568800e+12  1.28940540e-26
 1.74000000e+01  2.02369672e+08  1.66562400e+12  1.22329820e-26
 1.75000000e+01  1.89127591e+08  1.64556000e+12  1.15719100e-26
 1.76000000e+01  1.79548387e+08  1.62869400e+12  1.10995632e-26
 1.77000000e+01  1.70127430e+08  1.61182800e+12  1.06272164e-26
 1.78000000e+01  1.60864722e+08  1.59496200e+12  1.01548696e-26
 1.79000000e+01  1.51760263e+08  1.57809600e+12  9.68252280e-27
 1.80000000e+01  1.42814051e+08  1.56123000e+12  9.21017600e-27
 1.81000000e+01  1.36108711e+08  1.54554900e+12  8.86680220e-27
 1.82000000e+01  1.29510327e+08  1.52986800e+12  8.52342840e-27
 1.83000000e+01  1.23018900e+08  1.51418700e+12  8.18005460e-27
 1.84000000e+01  1.16634429e+08  1.49850600e+12  7.83668080e-27
 1.85000000e+01  1.10356914e+08  1.48282500e+12  7.49330700e-27
 1.86000000e+01  1.05523847e+08  1.46712900e+12  7.24179440e-27
 1.87000000e+01  1.00769197e+08  1.45143300e+12  6.99028180e-27
 1.88000000e+01  9.60929656e+07  1.43573700e+12  6.73876920e-27
 1.89000000e+01  9.14951518e+07  1.42004100e+12  6.48725660e-27
 1.90000000e+01  8.69757559e+07  1.40434500e+12  6.23574400e-27
 1.91000000e+01  8.33835737e+07  1.38943200e+12  6.04236680e-27
 1.92000000e+01  7.98486759e+07  1.37451900e+12  5.84898960e-27
 1.93000000e+01  7.63710625e+07  1.35960600e+12  5.65561240e-27
 1.94000000e+01  7.29507335e+07  1.34469300e+12  5.46223520e-27
 1.95000000e+01  6.95876889e+07  1.32978000e+12  5.26885800e-27
 1.96000000e+01  6.68474983e+07  1.31591700e+12  5.11470440e-27
 1.97000000e+01  6.41497576e+07  1.30205400e+12  4.96055080e-27
 1.98000000e+01  6.14944668e+07  1.28819100e+12  4.80639720e-27
 1.99000000e+01  5.88816260e+07  1.27432800e+12  4.65224360e-27
 2.00000000e+01  5.63112352e+07  1.26046500e+12  4.49809000e-27
 2.01000000e+01  5.43659735e+07  1.24780200e+12  4.38677510e-27
 2.02000000e+01  5.24487117e+07  1.23513900e+12  4.27546020e-27
 2.03000000e+01  5.05594497e+07  1.22247600e+12  4.16414530e-27
 2.04000000e+01  4.86981877e+07  1.20981300e+12  4.05283040e-27
 2.05000000e+01  4.68649255e+07  1.19715000e+12  3.94151550e-27
 2.06000000e+01  4.50666247e+07  1.18467000e+12  3.83020060e-27
 2.07000000e+01  4.32959192e+07  1.17219000e+12  3.71888570e-27
 2.08000000e+01  4.15528089e+07  1.15971000e+12  3.60757080e-27
 2.09000000e+01  3.98372939e+07  1.14723000e+12  3.49625590e-27
 2.10000000e+01  3.81493741e+07  1.13475000e+12  3.38494100e-27
 2.11000000e+01  3.69615421e+07  1.12424400e+12  3.31019350e-27
 2.12000000e+01  3.57893092e+07  1.11373800e+12  3.23544600e-27
 2.13000000e+01  3.46326754e+07  1.10323200e+12  3.16069850e-27
 2.14000000e+01  3.34916408e+07  1.09272600e+12  3.08595100e-27
 2.15000000e+01  3.23662053e+07  1.08222000e+12  3.01120350e-27
 2.16000000e+01  3.12521691e+07  1.07157000e+12  2.93645600e-27
 2.17000000e+01  3.01539460e+07  1.06092000e+12  2.86170850e-27
 2.18000000e+01  2.90715357e+07  1.05027000e+12  2.78696100e-27
 2.19000000e+01  2.80049384e+07  1.03962000e+12  2.71221350e-27
 2.20000000e+01  2.69541540e+07  1.02897000e+12  2.63746600e-27
 2.21000000e+01  2.61499044e+07  1.01919600e+12  2.58330850e-27
 2.22000000e+01  2.53561695e+07  1.00942200e+12  2.52915100e-27
 2.23000000e+01  2.45729494e+07  9.99648000e+11  2.47499350e-27
 2.24000000e+01  2.38002439e+07  9.89874000e+11  2.42083600e-27
 2.25000000e+01  2.30380532e+07  9.80100000e+11  2.36667850e-27
 2.26000000e+01  2.22718385e+07  9.69693000e+11  2.31252100e-27
 2.27000000e+01  2.15168194e+07  9.59286000e+11  2.25836350e-27
 2.28000000e+01  2.07729960e+07  9.48879000e+11  2.20420600e-27
 2.29000000e+01  2.00403683e+07  9.38472000e+11  2.15004850e-27
 2.30000000e+01  1.93189362e+07  9.28065000e+11  2.09589100e-27
 2.31000000e+01  1.87435346e+07  9.17460000e+11  2.05697130e-27
 2.32000000e+01  1.81763317e+07  9.06855000e+11  2.01805160e-27
 2.33000000e+01  1.76173276e+07  8.96250000e+11  1.97913190e-27
 2.34000000e+01  1.70665221e+07  8.85645000e+11  1.94021220e-27
 2.35000000e+01  1.65239154e+07  8.75040000e+11  1.90129250e-27
 2.36000000e+01  1.60663072e+07  8.68587000e+11  1.86237280e-27
 2.37000000e+01  1.56136878e+07  8.62134000e+11  1.82345310e-27
 2.38000000e+01  1.51660573e+07  8.55681000e+11  1.78453340e-27
 2.39000000e+01  1.47234155e+07  8.49228000e+11  1.74561370e-27
 2.40000000e+01  1.42857626e+07  8.42775000e+11  1.70669400e-27
 2.41000000e+01  1.38851728e+07  8.34681000e+11  1.67492220e-27
 2.42000000e+01  1.34896912e+07  8.26587000e+11  1.64315040e-27
 2.43000000e+01  1.30993179e+07  8.18493000e+11  1.61137860e-27
 2.44000000e+01  1.27140529e+07  8.10399000e+11  1.57960680e-27
 2.45000000e+01  1.23338960e+07  8.02305000e+11  1.54783500e-27
 2.46000000e+01  1.19458378e+07  7.93347000e+11  1.51606320e-27
 2.47000000e+01  1.15634330e+07  7.84389000e+11  1.48429140e-27
 2.48000000e+01  1.11866817e+07  7.75431000e+11  1.45251960e-27
 2.49000000e+01  1.08155840e+07  7.66473000e+11  1.42074780e-27
 2.50000000e+01  1.04501398e+07  7.57515000e+11  1.38897600e-27
 2.51000000e+01  1.01841665e+07  7.51158000e+11  1.36507990e-27
 2.52000000e+01  9.92121068e+06  7.44801000e+11  1.34118380e-27
 2.53000000e+01  9.66127234e+06  7.38444000e+11  1.31728770e-27
 2.54000000e+01  9.40435150e+06  7.32087000e+11  1.29339160e-27
 2.55000000e+01  9.15044814e+06  7.25730000e+11  1.26949550e-27
 2.56000000e+01  8.89258486e+06  7.18809000e+11  1.24559940e-27
 2.57000000e+01  8.63800679e+06  7.11888000e+11  1.22170330e-27
 2.58000000e+01  8.38671392e+06  7.04967000e+11  1.19780720e-27
 2.59000000e+01  8.13870625e+06  6.98046000e+11  1.17391110e-27
 2.60000000e+01  7.89398378e+06  6.91125000e+11  1.15001500e-27
 2.61000000e+01  7.68219444e+06  6.83343000e+11  1.13190616e-27
 2.62000000e+01  7.47320439e+06  6.75561000e+11  1.11379732e-27
 2.63000000e+01  7.26701363e+06  6.67779000e+11  1.09568848e-27
 2.64000000e+01  7.06362216e+06  6.59997000e+11  1.07757964e-27
 2.65000000e+01  6.86302998e+06  6.52215000e+11  1.05947080e-27
 2.66000000e+01  6.67308728e+06  6.45192000e+11  1.04136196e-27
 2.67000000e+01  6.48567084e+06  6.38169000e+11  1.02325312e-27
 2.68000000e+01  6.30078066e+06  6.31146000e+11  1.00514428e-27
 2.69000000e+01  6.11841676e+06  6.24123000e+11  9.87035440e-28
 2.70000000e+01  5.93857912e+06  6.17100000e+11  9.68926600e-28
 2.71000000e+01  5.79362618e+06  6.10938000e+11  9.54810550e-28
 2.72000000e+01  5.65040106e+06  6.04776000e+11  9.40694500e-28
 2.73000000e+01  5.50890378e+06  5.98614000e+11  9.26578450e-28
 2.74000000e+01  5.36913433e+06  5.92452000e+11  9.12462400e-28
 2.75000000e+01  5.23109270e+06  5.86290000e+11  8.98346350e-28
 2.76000000e+01  5.09559565e+06  5.80221000e+11  8.84230300e-28
 2.77000000e+01  4.96180035e+06  5.74152000e+11  8.70114250e-28
 2.78000000e+01  4.82970680e+06  5.68083000e+11  8.55998200e-28
 2.79000000e+01  4.69931500e+06  5.62014000e+11  8.41882150e-28
 2.80000000e+01  4.57062496e+06  5.55945000e+11  8.27766100e-28
 2.81000000e+01  4.44969145e+06  5.49531000e+11  8.15270220e-28
 2.82000000e+01  4.33035001e+06  5.43117000e+11  8.02774340e-28
 2.83000000e+01  4.21260064e+06  5.36703000e+11  7.90278460e-28
 2.84000000e+01  4.09644334e+06  5.30289000e+11  7.77782580e-28
 2.85000000e+01  3.98187811e+06  5.23875000e+11  7.65286700e-28
 2.86000000e+01  3.87451248e+06  5.18211000e+11  7.52790820e-28
 2.87000000e+01  3.76855275e+06  5.12547000e+11  7.40294940e-28
 2.88000000e+01  3.66399893e+06  5.06883000e+11  7.27799060e-28
 2.89000000e+01  3.56085102e+06  5.01219000e+11  7.15303180e-28
 2.90000000e+01  3.45910901e+06  4.95555000e+11  7.02807300e-28
 2.91000000e+01  3.37705947e+06  4.90137000e+11  6.93721410e-28
 2.92000000e+01  3.29598778e+06  4.84719000e+11  6.84635520e-28
 2.93000000e+01  3.21589394e+06  4.79301000e+11  6.75549630e-28
 2.94000000e+01  3.13677795e+06  4.73883000e+11  6.66463740e-28
 2.95000000e+01  3.05863982e+06  4.68465000e+11  6.57377850e-28
 2.96000000e+01  2.97759692e+06  4.62444000e+11  6.48291960e-28
 2.97000000e+01  2.89764070e+06  4.56423000e+11  6.39206070e-28
 2.98000000e+01  2.81877117e+06  4.50402000e+11  6.30120180e-28
 2.99000000e+01  2.74098831e+06  4.44381000e+11  6.21034290e-28
 3.00000000e+01  2.66429214e+06  4.38360000e+11  6.11948400e-28
 3.01000000e+01  2.60159822e+06  4.32735000e+11  6.05315900e-28
 3.02000000e+01  2.53964538e+06  4.27110000e+11  5.98683400e-28
 3.03000000e+01  2.47843362e+06  4.21485000e+11  5.92050900e-28
 3.04000000e+01  2.41796294e+06  4.15860000e+11  5.85418400e-28
 3.05000000e+01  2.35823334e+06  4.10235000e+11  5.78785900e-28
 3.06000000e+01  2.30296126e+06  4.05264000e+11  5.72153400e-28
 3.07000000e+01  2.24834409e+06  4.00293000e+11  5.65520900e-28
 3.08000000e+01  2.19438185e+06  3.95322000e+11  5.58888400e-28
 3.09000000e+01  2.14107452e+06  3.90351000e+11  5.52255900e-28
 3.10000000e+01  2.08842211e+06  3.85380000e+11  5.45623400e-28
 3.11000000e+01  2.03388718e+06  3.79935000e+11  5.38990900e-28
 3.12000000e+01  1.98006961e+06  3.74490000e+11  5.32358400e-28
 3.13000000e+01  1.92696941e+06  3.69045000e+11  5.25725900e-28
 3.14000000e+01  1.87458658e+06  3.63600000e+11  5.19093400e-28
 3.15000000e+01  1.82292111e+06  3.58155000e+11  5.12460900e-28
 3.16000000e+01  1.77450505e+06  3.53214000e+11  5.05828400e-28
 3.17000000e+01  1.72673996e+06  3.48273000e+11  4.99195900e-28
 3.18000000e+01  1.67962583e+06  3.43332000e+11  4.92563400e-28
 3.19000000e+01  1.63316266e+06  3.38391000e+11  4.85930900e-28
 3.20000000e+01  1.58735046e+06  3.33450000e+11  4.79298400e-28
 3.21000000e+01  1.54846972e+06  3.28738500e+11  4.74259485e-28
 3.22000000e+01  1.51006056e+06  3.24027000e+11  4.69220570e-28
 3.23000000e+01  1.47212299e+06  3.19315500e+11  4.64181655e-28
 3.24000000e+01  1.43465701e+06  3.14604000e+11  4.59142740e-28
 3.25000000e+01  1.39766261e+06  3.09892500e+11  4.54103825e-28
 3.26000000e+01  1.35936290e+06  3.04782600e+11  4.49064910e-28
 3.27000000e+01  1.32157465e+06  2.99672700e+11  4.44025995e-28
 3.28000000e+01  1.28429786e+06  2.94562800e+11  4.38987080e-28
 3.29000000e+01  1.24753254e+06  2.89452900e+11  4.33948165e-28
 3.30000000e+01  1.21127869e+06  2.84343000e+11  4.28909250e-28
 3.31000000e+01  1.17509678e+06  2.79128700e+11  4.23870335e-28
 3.32000000e+01  1.13943680e+06  2.73914400e+11  4.18831420e-28
 3.33000000e+01  1.10429872e+06  2.68700100e+11  4.13792505e-28
 3.34000000e+01  1.06968256e+06  2.63485800e+11  4.08753590e-28
 3.35000000e+01  1.03558832e+06  2.58271500e+11  4.03714675e-28
 3.36000000e+01  1.00380614e+06  2.53509300e+11  3.98675760e-28
 3.37000000e+01  9.72500628e+05  2.48747100e+11  3.93636845e-28
 3.38000000e+01  9.41671776e+05  2.43984900e+11  3.88597930e-28
 3.39000000e+01  9.11319586e+05  2.39222700e+11  3.83559015e-28
 3.40000000e+01  8.81444059e+05  2.34460500e+11  3.78520100e-28
 3.41000000e+01  8.57977922e+05  2.30262300e+11  3.75160540e-28
 3.42000000e+01  8.34791949e+05  2.26064100e+11  3.71800980e-28
 3.43000000e+01  8.11886140e+05  2.21865900e+11  3.68441420e-28
 3.44000000e+01  7.89260494e+05  2.17667700e+11  3.65081860e-28
 3.45000000e+01  7.66915011e+05  2.13469500e+11  3.61722300e-28
 3.46000000e+01  7.40345812e+05  2.08005900e+11  3.58362740e-28
 3.47000000e+01  7.14141223e+05  2.02542300e+11  3.55003180e-28
 3.48000000e+01  6.88301242e+05  1.97078700e+11  3.51643620e-28
 3.49000000e+01  6.62825870e+05  1.91615100e+11  3.48284060e-28
 3.50000000e+01  6.37715107e+05  1.86151500e+11  3.44924500e-28
 3.51000000e+01  6.14230933e+05  1.81059900e+11  3.41564940e-28
 3.52000000e+01  5.91086543e+05  1.75968300e+11  3.38205380e-28
 3.53000000e+01  5.68281937e+05  1.70876700e+11  3.34845820e-28
 3.54000000e+01  5.45817115e+05  1.65785100e+11  3.31486260e-28
 3.55000000e+01  5.23692076e+05  1.60693500e+11  3.28126700e-28
 3.56000000e+01  5.05438835e+05  1.56696900e+11  3.24767140e-28
 3.57000000e+01  4.87452304e+05  1.52700300e+11  3.21407580e-28
 3.58000000e+01  4.69732482e+05  1.48703700e+11  3.18048020e-28
 3.59000000e+01  4.52279371e+05  1.44707100e+11  3.14688460e-28
 3.60000000e+01  4.35092969e+05  1.40710500e+11  3.11328900e-28
 3.61000000e+01  4.17652983e+05  1.36232100e+11  3.08673975e-28
 3.62000000e+01  4.00449176e+05  1.31753700e+11  3.06019050e-28
 3.63000000e+01  3.83481548e+05  1.27275300e+11  3.03364125e-28
 3.64000000e+01  3.66750100e+05  1.22796900e+11  3.00709200e-28
 3.65000000e+01  3.50254830e+05  1.18318500e+11  2.98054275e-28
 3.66000000e+01  3.33085642e+05  1.13529900e+11  2.95399350e-28
 3.67000000e+01  3.16168993e+05  1.08741300e+11  2.92744425e-28
 3.68000000e+01  2.99504882e+05  1.03952700e+11  2.90089500e-28
 3.69000000e+01  2.83093309e+05  9.91641000e+10  2.87434575e-28
 3.70000000e+01  2.66934274e+05  9.43755000e+10  2.84779650e-28
 3.71000000e+01  2.51833929e+05  8.98746000e+10  2.82124725e-28
 3.72000000e+01  2.36970950e+05  8.53737000e+10  2.79469800e-28
 3.73000000e+01  2.22345337e+05  8.08728000e+10  2.76814875e-28
 3.74000000e+01  2.07957089e+05  7.63719000e+10  2.74159950e-28
 3.75000000e+01  1.93806207e+05  7.18710000e+10  2.71505025e-28
 3.76000000e+01  1.80821124e+05  6.77178000e+10  2.68850100e-28
 3.77000000e+01  1.68055070e+05  6.35646000e+10  2.66195175e-28
 3.78000000e+01  1.55508045e+05  5.94114000e+10  2.63540250e-28
 3.79000000e+01  1.43180049e+05  5.52582000e+10  2.60885325e-28
 3.80000000e+01  1.31071081e+05  5.11050000e+10  2.58230400e-28
 3.81000000e+01  1.19805040e+05  4.70143500e+10  2.56571570e-28
 3.82000000e+01  1.08673790e+05  4.29237000e+10  2.54912740e-28
 3.83000000e+01  9.76773308e+04  3.88330500e+10  2.53253910e-28
 3.84000000e+01  8.68156622e+04  3.47424000e+10  2.51595080e-28
 3.85000000e+01  7.60887845e+04  3.06517500e+10  2.49936250e-28
 3.86000000e+01  6.77140733e+04  2.74603200e+10  2.48277420e-28
 3.87000000e+01  5.94445229e+04  2.42688900e+10  2.46618590e-28
 3.88000000e+01  5.12801331e+04  2.10774600e+10  2.44959760e-28
 3.89000000e+01  4.32209040e+04  1.78860300e+10  2.43300930e-28
 3.90000000e+01  3.52668355e+04  1.46946000e+10  2.41642100e-28
 3.91000000e+01  3.05172113e+04  1.28034720e+10  2.39983270e-28
 3.92000000e+01  2.58299016e+04  1.09123440e+10  2.38324440e-28
 3.93000000e+01  2.12049063e+04  9.02121600e+09  2.36665610e-28
 3.94000000e+01  1.66422256e+04  7.13008800e+09  2.35006780e-28
 3.95000000e+01  1.21418593e+04  5.23896000e+09  2.33347950e-28
 3.96000000e+01  1.00018525e+04  4.34649000e+09  2.31689120e-28
 3.97000000e+01  7.89125353e+03  3.45402000e+09  2.30030290e-28
 3.98000000e+01  5.81006228e+03  2.56155000e+09  2.28371460e-28
 3.99000000e+01  3.75827877e+03  1.66908000e+09  2.26712630e-28
 4.00000000e+01  1.73590299e+03  7.76610000e+08  2.25053800e-28
 4.01000000e+01  1.37959391e+03  6.21288000e+08  2.23574455e-28
 4.02000000e+01  1.02784907e+03  4.65966000e+08  2.22095110e-28
 4.03000000e+01  6.80668472e+02  3.10644000e+08  2.20615765e-28
 4.04000000e+01  3.38052116e+02  1.55322000e+08  2.19136420e-28
 4.05000000e+01  0.00000000e+00  0.00000000e+00  2.17657075e-28
 4.06000000e+01  0.00000000e+00  0.00000000e+00  2.16177730e-28
 4.07000000e+01  0.00000000e+00  0.00000000e+00  2.14698385e-28
 4.08000000e+01  0.00000000e+00  0.00000000e+00  2.13219040e-28
 4.09000000e+01  0.00000000e+00  0.00000000e+00  2.11739695e-28
 4.10000000e+01  0.00000000e+00  0.00000000e+00  2.10260350e-28
 4.11000000e+01  0.00000000e+00  0.00000000e+00  2.08781005e-28
 4.12000000e+01  0.00000000e+00  0.00000000e+00  2.07301660e-28
 4.13000000e+01  0.00000000e+00  0.00000000e+00  2.05822315e-28
 4.14000000e+01  0.00000000e+00  0.00000000e+00  2.04342970e-28
 4.15000000e+01  0.00000000e+00  0.00000000e+00  2.02863625e-28
 4.16000000e+01  0.00000000e+00  0.00000000e+00  2.01384280e-28
 4.17000000e+01  0.00000000e+00  0.00000000e+00  1.99904935e-28
 4.18000000e+01  0.00000000e+00  0.00000000e+00  1.98425590e-28
 4.19000000e+01  0.00000000e+00  0.00000000e+00  1.96946245e-28
 4.20000000e+01  0.00000000e+00  0.00000000e+00  1.95466900e-28
 4.21000000e+01  0.00000000e+00  0.00000000e+00  1.94360320e-28
 4.22000000e+01  0.00000000e+00  0.00000000e+00  1.93253740e-28
 4.23000000e+01  0.00000000e+00  0.00000000e+00  1.92147160e-28
 4.24000000e+01  0.00000000e+00  0.00000000e+00  1.91040580e-28
 4.25000000e+01  0.00000000e+00  0.00000000e+00  1.89934000e-28
 4.26000000e+01  0.00000000e+00  0.00000000e+00  1.88827420e-28
 4.27000000e+01  0.00000000e+00  0.00000000e+00  1.87720840e-28
 4.28000000e+01  0.00000000e+00  0.00000000e+00  1.86614260e-28
 4.29000000e+01  0.00000000e+00  0.00000000e+00  1.85507680e-28
 4.30000000e+01  0.00000000e+00  0.00000000e+00  1.84401100e-28
 4.31000000e+01  0.00000000e+00  0.00000000e+00  1.83294520e-28
 4.32000000e+01  0.00000000e+00  0.00000000e+00  1.82187940e-28
 4.33000000e+01  0.00000000e+00  0.00000000e+00  1.81081360e-28
 4.34000000e+01  0.00000000e+00  0.00000000e+00  1.79974780e-28
 4.35000000e+01  0.00000000e+00  0.00000000e+00  1.78868200e-28
 4.36000000e+01  0.00000000e+00  0.00000000e+00  1.77761620e-28
 4.37000000e+01  0.00000000e+00  0.00000000e+00  1.76655040e-28
 4.38000000e+01  0.00000000e+00  0.00000000e+00  1.75548460e-28
 4.39000000e+01  0.00000000e+00  0.00000000e+00  1.74441880e-28
 4.40000000e+01  0.00000000e+00  0.00000000e+00  1.73335300e-28
 4.41000000e+01  0.00000000e+00  0.00000000e+00  1.72441315e-28
 4.42000000e+01  0.00000000e+00  0.00000000e+00  1.71547330e-28
 4.43000000e+01  0.00000000e+00  0.00000000e+00  1.70653345e-28
 4.44000000e+01  0.00000000e+00  0.00000000e+00  1.69759360e-28
 4.45000000e+01  0.00000000e+00  0.00000000e+00  1.68865375e-28
 4.46000000e+01  0.00000000e+00  0.00000000e+00  1.67971390e-28
 4.47000000e+01  0.00000000e+00  0.00000000e+00  1.67077405e-28
 4.48000000e+01  0.00000000e+00  0.00000000e+00  1.66183420e-28
 4.49000000e+01  0.00000000e+00  0.00000000e+00  1.65289435e-28
 4.50000000e+01  0.00000000e+00  0.00000000e+00  1.64395450e-28
 4.51000000e+01  0.00000000e+00  0.00000000e+00  1.63501465e-28
 4.52000000e+01  0.00000000e+00  0.00000000e+00  1.62607480e-28
 4.53000000e+01  0.00000000e+00  0.00000000e+00  1.61713495e-28
 4.54000000e+01  0.00000000e+00  0.00000000e+00  1.60819510e-28
 4.55000000e+01  0.00000000e+00  0.00000000e+00  1.59925525e-28
 4.56000000e+01  0.00000000e+00  0.00000000e+00  1.59031540e-28
 4.57000000e+01  0.00000000e+00  0.00000000e+00  1.58137555e-28
 4.58000000e+01  0.00000000e+00  0.00000000e+00  1.57243570e-28
 4.59000000e+01  0.00000000e+00  0.00000000e+00  1.56349585e-28
 4.60000000e+01  0.00000000e+00  0.00000000e+00  1.55455600e-28
 4.61000000e+01  0.00000000e+00  0.00000000e+00  1.54835485e-28
 4.62000000e+01  0.00000000e+00  0.00000000e+00  1.54215370e-28
 4.63000000e+01  0.00000000e+00  0.00000000e+00  1.53595255e-28
 4.64000000e+01  0.00000000e+00  0.00000000e+00  1.52975140e-28
 4.65000000e+01  0.00000000e+00  0.00000000e+00  1.52355025e-28
 4.66000000e+01  0.00000000e+00  0.00000000e+00  1.51734910e-28
 4.67000000e+01  0.00000000e+00  0.00000000e+00  1.51114795e-28
 4.68000000e+01  0.00000000e+00  0.00000000e+00  1.50494680e-28
 4.69000000e+01  0.00000000e+00  0.00000000e+00  1.49874565e-28
 4.70000000e+01  0.00000000e+00  0.00000000e+00  1.49254450e-28
 4.71000000e+01  0.00000000e+00  0.00000000e+00  1.48634335e-28
 4.72000000e+01  0.00000000e+00  0.00000000e+00  1.48014220e-28
 4.73000000e+01  0.00000000e+00  0.00000000e+00  1.47394105e-28
 4.74000000e+01  0.00000000e+00  0.00000000e+00  1.46773990e-28
 4.75000000e+01  0.00000000e+00  0.00000000e+00  1.46153875e-28
 4.76000000e+01  0.00000000e+00  0.00000000e+00  1.45533760e-28
 4.77000000e+01  0.00000000e+00  0.00000000e+00  1.44913645e-28
 4.78000000e+01  0.00000000e+00  0.00000000e+00  1.44293530e-28
 4.79000000e+01  0.00000000e+00  0.00000000e+00  1.43673415e-28
 4.80000000e+01  0.00000000e+00  0.00000000e+00  1.43053300e-28
 4.81000000e+01  0.00000000e+00  0.00000000e+00  1.42414940e-28
 4.82000000e+01  0.00000000e+00  0.00000000e+00  1.41776580e-28
 4.83000000e+01  0.00000000e+00  0.00000000e+00  1.41138220e-28
 4.84000000e+01  0.00000000e+00  0.00000000e+00  1.40499860e-28
 4.85000000e+01  0.00000000e+00  0.00000000e+00  1.39861500e-28
 4.86000000e+01  0.00000000e+00  0.00000000e+00  1.39223140e-28
 4.87000000e+01  0.00000000e+00  0.00000000e+00  1.38584780e-28
 4.88000000e+01  0.00000000e+00  0.00000000e+00  1.37946420e-28
 4.89000000e+01  0.00000000e+00  0.00000000e+00  1.37308060e-28
 4.90000000e+01  0.00000000e+00  0.00000000e+00  1.36669700e-28
 4.91000000e+01  0.00000000e+00  0.00000000e+00  1.36031340e-28
 4.92000000e+01  0.00000000e+00  0.00000000e+00  1.35392980e-28
 4.93000000e+01  0.00000000e+00  0.00000000e+00  1.34754620e-28
 4.94000000e+01  0.00000000e+00  0.00000000e+00  1.34116260e-28
 4.95000000e+01  0.00000000e+00  0.00000000e+00  1.33477900e-28
 4.96000000e+01  0.00000000e+00  0.00000000e+00  1.32839540e-28
 4.97000000e+01  0.00000000e+00  0.00000000e+00  1.32201180e-28
 4.98000000e+01  0.00000000e+00  0.00000000e+00  1.31562820e-28
 4.99000000e+01  0.00000000e+00  0.00000000e+00  1.30924460e-28
 5.00000000e+01  0.00000000e+00  0.00000000e+00  1.30286100e-28
