# energy(MeV) dYield(atoms/MeV/s) photonFlux(photons/MeV/uA/s) crossSection(mb)
# 501 4
# 501 4
 0.00000000e+00  0.00000000e+00  5.50620000e+13  0.00000000e+00
 1.00000000e-01  0.00000000e+00  5.72547000e+13  0.00000000e+00
 2.00000000e-01  0.00000000e+00  5.94474000e+13  0.00000000e+00
 3.00000000e-01  0.00000000e+00  6.16401000e+13  0.00000000e+00
 4.00000000e-01  0.00000000e+00  6.38328000e+13  0.00000000e+00
 5.00000000e-01  0.00000000e+00  6.60255000e+13  0.00000000e+00
 6.00000000e-01  0.00000000e+00  6.55662000e+13  0.00000000e+00
 7.00000000e-01  0.00000000e+00  6.51069000e+13  0.00000000e+00
 8.00000000e-01  0.00000000e+00  6.46476000e+13  0.00000000e+00
 9.00000000e-01  0.00000000e+00  6.41883000e+13  0.00000000e+00
 1.00000000e+00  0.00000000e+00  6.37290000e+13  0.00000000e+00
 1.10000000e+00  0.00000000e+00  5.97261000e+13  0.00000000e+00
 1.20000000e+00  0.00000000e+00  5.57232000e+13  0.00000000e+00
 1.30000000e+00  0.00000000e+00  5.17203000e+13  0.00000000e+00
 1.40000000e+00  0.00000000e+00  4.77174000e+13  0.00000000e+00
 1.50000000e+00  0.00000000e+00  4.37145000e+13  0.00000000e+00
 1.60000000e+00  0.00000000e+00  4.15344000e+13  0.00000000e+00
 1.70000000e+00  0.00000000e+00  3.93543000e+13  0.00000000e+00
 1.80000000e+00  0.00000000e+00  3.71742000e+13  0.00000000e+00
 1.90000000e+00  0.00000000e+00  3.49941000e+13  0.00000000e+00
 2.00000000e+00  0.00000000e+00  3.28140000e+13  0.00000000e+00
 2.10000000e+00  0.00000000e+00  3.14200200e+13  0.00000000e+00
 2.20000000e+00  0.00000000e+00  3.00260400e+13  0.00000000e+00
 2.30000000e+00  0.00000000e+00  2.86320600e+13  0.00000000e+00
 2.40000000e+00  0.00000000e+00  2.72380800e+13  0.00000000e+00
 2.50000000e+00  0.00000000e+00  2.58441000e+13  0.00000000e+00
 2.60000000e+00  0.00000000e+00  2.48828700e+13  0.00000000e+00
 2.70000000e+00  0.00000000e+00  2.39216400e+13  0.00000000e+00
 2.80000000e+00  0.00000000e+00  2.29604100e+13  0.00000000e+00
 2.90000000e+00  0.00000000e+00  2.19991800e+13  0.00000000e+00
 3.00000000e+00  0.00000000e+00  2.10379500e+13  0.00000000e+00
 3.10000000e+00  0.00000000e+00  2.03491500e+13  0.00000000e+00
 3.20000000e+00  0.00000000e+00  1.96603500e+13  0.00000000e+00
 3.30000000e+00  0.00000000e+00  1.89715500e+13  0.00000000e+00
 3.40000000e+00  0.00000000e+00  1.82827500e+13  0.00000000e+00
 3.50000000e+00  0.00000000e+00  1.75939500e+13  0.00000000e+00
 3.60000000e+00  0.00000000e+00  1.70796600e+13  0.00000000e+00
 3.70000000e+00  0.00000000e+00  1.65653700e+13  0.00000000e+00
 3.80000000e+00  0.00000000e+00  1.60510800e+13  0.00000000e+00
 3.90000000e+00  0.00000000e+00  1.55367900e+13  0.00000000e+00
 4.00000000e+00  0.00000000e+00  1.50225000e+13  0.00000000e+00
 4.10000000e+00  0.00000000e+00  1.46227800e+13  0.00000000e+00
 4.20000000e+00  0.00000000e+00  1.42230600e+13  0.00000000e+00
 4.30000000e+00  0.00000000e+00  1.38233400e+13  0.00000000e+00
 4.40000000e+00  0.00000000e+00  1.34236200e+13  0.00000000e+00
 4.50000000e+00  0.00000000e+00  1.30239000e+13  0.00000000e+00
 4.60000000e+00  0.00000000e+00  1.27007400e+13  0.00000000e+00
 4.70000000e+00  0.00000000e+00  1.23775800e+13  0.00000000e+00
 4.80000000e+00  0.00000000e+00  1.20544200e+13  0.00000000e+00
 4.90000000e+00  0.00000000e+00  1.17312600e+13  0.00000000e+00
 5.00000000e+00  0.00000000e+00  1.14081000e+13  0.00000000e+00
 5.10000000e+00  0.00000000e+00  1.11489600e+13  0.00000000e+00
 5.20000000e+00  0.00000000e+00  1.08898200e+13  0.00000000e+00
 5.30000000e+00  0.00000000e+00  1.06306800e+13  0.00000000e+00
 5.40000000e+00  0.00000000e+00  1.03715400e+13  0.00000000e+00
 5.50000000e+00  0.00000000e+00  1.01124000e+13  0.00000000e+00
 5.60000000e+00  0.00000000e+00  9.89973000e+12  0.00000000e+00
 5.70000000e+00  0.00000000e+00  9.68706000e+12  0.00000000e+00
 5.80000000e+00  0.00000000e+00  9.47439000e+12  0.00000000e+00
 5.90000000e+00  0.00000000e+00  9.26172000e+12  0.00000000e+00
 6.00000000e+00  0.00000000e+00  9.04905000e+12  0.00000000e+00
 6.10000000e+00  0.00000000e+00  8.86320000e+12  0.00000000e+00
 6.20000000e+00  0.00000000e+00  8.67735000e+12  0.00000000e+00
 6.30000000e+00  0.00000000e+00  8.49150000e+12  0.00000000e+00
 6.40000000e+00  0.00000000e+00  8.30565000e+12  0.00000000e+00
 6.50000000e+00  0.00000000e+00  8.11980000e+12  0.00000000e+00
 6.60000000e+00  1.00635462e+09  7.96293000e+12  1.27245380e-26
 6.70000000e+00  1.06466210e+09  7.80606000e+12  1.37323160e-26
 6.80000000e+00  1.11982929e+09  7.64919000e+12  1.47400940e-26
 6.90000000e+00  1.17185618e+09  7.49232000e+12  1.57478720e-26
 7.00000000e+00  1.22074278e+09  7.33545000e+12  1.67556500e-26
 7.10000000e+00  1.27639126e+09  7.20486000e+12  1.78370140e-26
 7.20000000e+00  1.32923464e+09  7.07427000e+12  1.89183780e-26
 7.30000000e+00  1.37927293e+09  6.94368000e+12  1.99997420e-26
 7.40000000e+00  1.42650612e+09  6.81309000e+12  2.10811060e-26
 7.50000000e+00  1.47093422e+09  6.68250000e+12  2.21624700e-26
 7.60000000e+00  1.54513034e+09  6.57075000e+12  2.36763120e-26
 7.70000000e+00  1.61596604e+09  6.45900000e+12  2.51901540e-26
 7.80000000e+00  1.68344131e+09  6.34725000e+12  2.67039960e-26
 7.90000000e+00  1.74755616e+09  6.23550000e+12  2.82178380e-26
 8.00000000e+00  1.80831058e+09  6.12375000e+12  2.97316800e-26
 8.10000000e+00  1.90881834e+09  6.02103000e+12  3.19196180e-26
 8.20000000e+00  2.00486176e+09  5.91831000e+12  3.41075560e-26
 8.30000000e+00  2.09644086e+09  5.81559000e+12  3.62954940e-26
 8.40000000e+00  2.18355562e+09  5.71287000e+12  3.84834320e-26
 8.50000000e+00  2.26620606e+09  5.61015000e+12  4.06713700e-26
 8.60000000e+00  2.40470794e+09  5.51814000e+12  4.38766540e-26
 8.70000000e+00  2.53735158e+09  5.42613000e+12  4.70819380e-26
 8.80000000e+00  2.66413696e+09  5.33412000e+12  5.02872220e-26
 8.90000000e+00  2.78506410e+09  5.24211000e+12  5.34925060e-26
 9.00000000e+00  2.90013300e+09  5.15010000e+12  5.66977900e-26
 9.10000000e+00  3.09464157e+09  5.07270000e+12  6.14235700e-26
 9.20000000e+00  3.28188439e+09  4.99530000e+12  6.61493500e-26
 9.30000000e+00  3.46186146e+09  4.91790000e+12  7.08751300e-26
 9.40000000e+00  3.63457278e+09  4.84050000e+12  7.56009100e-26
 9.50000000e+00  3.80001834e+09  4.76310000e+12  8.03266900e-26
 9.60000000e+00  4.06959931e+09  4.69311000e+12  8.73081520e-26
 9.70000000e+00  4.32947410e+09  4.62312000e+12  9.42896140e-26
 9.80000000e+00  4.57964271e+09  4.55313000e+12  1.01271076e-25
 9.90000000e+00  4.82010513e+09  4.48314000e+12  1.08252538e-25
 1.00000000e+01  5.05086137e+09  4.41315000e+12  1.15234000e-25
 1.01000000e+01  5.42853593e+09  4.35426000e+12  1.25525580e-25
 1.02000000e+01  5.79417151e+09  4.29537000e+12  1.35817160e-25
 1.03000000e+01  6.14776811e+09  4.23648000e+12  1.46108740e-25
 1.04000000e+01  6.48932573e+09  4.17759000e+12  1.56400320e-25
 1.05000000e+01  6.81884437e+09  4.11870000e+12  1.66691900e-25
 1.06000000e+01  7.31208280e+09  4.06170000e+12  1.81257980e-25
 1.07000000e+01  7.78882884e+09  4.00470000e+12  1.95824060e-25
 1.08000000e+01  8.24908248e+09  3.94770000e+12  2.10390140e-25
 1.09000000e+01  8.69284374e+09  3.89070000e+12  2.24956220e-25
 1.10000000e+01  9.12011260e+09  3.83370000e+12  2.39522300e-25
 1.11000000e+01  9.59702275e+09  3.78120000e+12  2.55546980e-25
 1.12000000e+01  1.00572214e+10  3.72870000e+12  2.71571660e-25
 1.13000000e+01  1.05007086e+10  3.67620000e+12  2.87596340e-25
 1.14000000e+01  1.09274843e+10  3.62370000e+12  3.03621020e-25
 1.15000000e+01  1.13375486e+10  3.57120000e+12  3.19645700e-25
 1.16000000e+01  1.09031013e+10  3.52653000e+12  3.11290840e-25
 1.17000000e+01  1.04760674e+10  3.48186000e+12  3.02935980e-25
 1.18000000e+01  1.00564470e+10  3.43719000e+12  2.94581120e-25
 1.19000000e+01  9.64424011e+09  3.39252000e+12  2.86226260e-25
 1.20000000e+01  9.23944666e+09  3.34785000e+12  2.77871400e-25
 1.21000000e+01  8.60650996e+09  3.30519000e+12  2.62176960e-25
 1.22000000e+01  7.98687268e+09  3.26253000e+12  2.46482520e-25
 1.23000000e+01  7.38053483e+09  3.21987000e+12  2.30788080e-25
 1.24000000e+01  6.78749639e+09  3.17721000e+12  2.15093640e-25
 1.25000000e+01  6.20775739e+09  3.13455000e+12  1.99399200e-25
 1.26000000e+01  5.76567928e+09  3.09932700e+12  1.87303960e-25
 1.27000000e+01  5.33206384e+09  3.06410400e+12  1.75208720e-25
 1.28000000e+01  4.90691106e+09  3.02888100e+12  1.63113480e-25
 1.29000000e+01  4.49022094e+09  2.99365800e+12  1.51018240e-25
 1.30000000e+01  4.08199348e+09  2.95843500e+12  1.38923000e-25
 1.31000000e+01  3.79965741e+09  2.92574400e+12  1.30759122e-25
 1.32000000e+01  3.52262274e+09  2.89305300e+12  1.22595244e-25
 1.33000000e+01  3.25088947e+09  2.86036200e+12  1.14431366e-25
 1.34000000e+01  2.98445761e+09  2.82767100e+12  1.06267488e-25
 1.35000000e+01  2.72332715e+09  2.79498000e+12  9.81036100e-26
 1.36000000e+01  2.56617790e+09  2.76188100e+12  9.35504060e-26
 1.37000000e+01  2.41202229e+09  2.72878200e+12  8.89972020e-26
 1.38000000e+01  2.26086030e+09  2.69568300e+12  8.44439980e-26
 1.39000000e+01  2.11269195e+09  2.66258400e+12  7.98907940e-26
 1.40000000e+01  1.96751722e+09  2.62948500e+12  7.53375900e-26
 1.41000000e+01  1.86917301e+09  2.59895700e+12  7.24126240e-26
 1.42000000e+01  1.77260252e+09  2.56842900e+12  6.94876580e-26
 1.43000000e+01  1.67780574e+09  2.53790100e+12  6.65626920e-26
 1.44000000e+01  1.58478269e+09  2.50737300e+12  6.36377260e-26
 1.45000000e+01  1.49353336e+09  2.47684500e+12  6.07127600e-26
 1.46000000e+01  1.41469294e+09  2.44951200e+12  5.81495680e-26
 1.47000000e+01  1.33724418e+09  2.42217900e+12  5.55863760e-26
 1.48000000e+01  1.26118709e+09  2.39484600e+12  5.30231840e-26
 1.49000000e+01  1.18652166e+09  2.36751300e+12  5.04599920e-26
 1.50000000e+01  1.11324790e+09  2.34018000e+12  4.78968000e-26
 1.51000000e+01  1.04857047e+09  2.31499800e+12  4.56048340e-26
 1.52000000e+01  9.85039508e+08  2.28981600e+12  4.33128680e-26
 1.53000000e+01  9.22655024e+08  2.26463400e+12  4.10209020e-26
 1.54000000e+01  8.61417015e+08  2.23945200e+12  3.87289360e-26
 1.55000000e+01  8.01325481e+08  2.21427000e+12  3.64369700e-26
 1.56000000e+01  7.51698043e+08  2.19270900e+12  3.45164640e-26
 1.57000000e+01  7.02893133e+08  2.17114800e+12  3.25959580e-26
 1.58000000e+01  6.54910751e+08  2.14958700e+12  3.06754520e-26
 1.59000000e+01  6.07750896e+08  2.12802600e+12  2.87549460e-26
 1.60000000e+01  5.61413570e+08  2.10646500e+12  2.68344400e-26
 1.61000000e+01  5.26560394e+08  2.08446300e+12  2.54341880e-26
 1.62000000e+01  4.92319193e+08  2.06246100e+12  2.40339360e-26
 1.63000000e+01  4.58689969e+08  2.04045900e+12  2.26336840e-26
 1.64000000e+01  4.25672721e+08  2.01845700e+12  2.12334320e-26
 1.65000000e+01  3.93267449e+08  1.99645500e+12  1.98331800e-26
 1.66000000e+01  3.69405165e+08  1.97396700e+12  1.88419980e-26
 1.67000000e+01  3.45985643e+08  1.95147900e+12  1.78508160e-26
 1.68000000e+01  3.23008883e+08  1.92899100e+12  1.68596340e-26
 1.69000000e+01  3.00474885e+08  1.90650300e+12  1.58684520e-26
 1.70000000e+01  2.78383649e+08  1.88401500e+12  1.48772700e-26
 1.71000000e+01  2.63196396e+08  1.86406200e+12  1.42161980e-26
 1.72000000e+01  2.48271157e+08  1.84410900e+12  1.35551260e-26
 1.73000000e+01  2.33607931e+08  1.82415600e+12  1.28940540e-26
 1.74000000e+01  2.19206718e+08  1.80420300e+12  1.22329820e-26
 1.75000000e+01  2.05067518e+08  1.78425000e+12  1.15719100e-26
 1.76000000e+01  1.94919690e+08  1.76812800e+12  1.10995632e-26
 1.77000000e+01  1.84923130e+08  1.75200600e+12  1.06272164e-26
 1.78000000e+01  1.75077837e+08  1.73588400e+12  1.01548696e-26
 1.79000000e+01  1.65383812e+08  1.71976200e+12  9.68252280e-27
 1.80000000e+01  1.55841055e+08  1.70364000e+12  9.21017600e-27
 1.81000000e+01  1.48827317e+08  1.68997200e+12  8.86680220e-27
 1.82000000e+01  1.41906804e+08  1.67630400e+12  8.52342840e-27
 1.83000000e+01  1.35079519e+08  1.66263600e+12  8.18005460e-27
 1.84000000e+01  1.28345459e+08  1.64896800e+12  7.83668080e-27
 1.85000000e+01  1.21704626e+08  1.63530000e+12  7.49330700e-27
 1.86000000e+01  1.16545480e+08  1.62036600e+12  7.24179440e-27
 1.87000000e+01  1.11460945e+08  1.60543200e+12  6.99028180e-27
 1.88000000e+01  1.06451021e+08  1.59049800e+12  6.73876920e-27
 1.89000000e+01  1.01515708e+08  1.57556400e+12  6.48725660e-27
 1.90000000e+01  9.66550057e+07  1.56063000e+12  6.23574400e-27
 1.91000000e+01  9.27342134e+07  1.54524300e+12  6.04236680e-27
 1.92000000e+01  8.88725262e+07  1.52985600e+12  5.84898960e-27
 1.93000000e+01  8.50699442e+07  1.51446900e+12  5.65561240e-27
 1.94000000e+01  8.13264674e+07  1.49908200e+12  5.46223520e-27
 1.95000000e+01  7.76420957e+07  1.48369500e+12  5.26885800e-27
 1.96000000e+01  7.46299827e+07  1.46911800e+12  5.11470440e-27
 1.97000000e+01  7.16625060e+07  1.45454100e+12  4.96055080e-27
 1.98000000e+01  6.87396655e+07  1.43996400e+12  4.80639720e-27
 1.99000000e+01  6.58614613e+07  1.42538700e+12  4.65224360e-27
 2.00000000e+01  6.30278934e+07  1.41081000e+12  4.49809000e-27
 2.01000000e+01  6.09188971e+07  1.39820400e+12  4.38677510e-27
 2.02000000e+01  5.88377745e+07  1.38559800e+12  4.27546020e-27
 2.03000000e+01  5.67845258e+07  1.37299200e+12  4.16414530e-27
 2.04000000e+01  5.47591510e+07  1.36038600e+12  4.05283040e-27
 2.05000000e+01  5.27616499e+07  1.34778000e+12  3.94151550e-27
 2.06000000e+01  5.08236352e+07  1.33600500e+12  3.83020060e-27
 2.07000000e+01  4.89116569e+07  1.32423000e+12  3.71888570e-27
 2.08000000e+01  4.70257149e+07  1.31245500e+12  3.60757080e-27
 2.09000000e+01  4.51658093e+07  1.30068000e+12  3.49625590e-27
 2.10000000e+01  4.33319401e+07  1.28890500e+12  3.38494100e-27
 2.11000000e+01  4.19918893e+07  1.27725000e+12  3.31019350e-27
 2.12000000e+01  4.06691437e+07  1.26559500e+12  3.23544600e-27
 2.13000000e+01  3.93637032e+07  1.25394000e+12  3.16069850e-27
 2.14000000e+01  3.80755679e+07  1.24228500e+12  3.08595100e-27
 2.15000000e+01  3.68047377e+07  1.23063000e+12  3.01120350e-27
 2.16000000e+01  3.56022219e+07  1.22072400e+12  2.93645600e-27
 2.17000000e+01  3.44144144e+07  1.21081800e+12  2.86170850e-27
 2.18000000e+01  3.32413152e+07  1.20091200e+12  2.78696100e-27
 2.19000000e+01  3.20829242e+07  1.19100600e+12  2.71221350e-27
 2.20000000e+01  3.09392414e+07  1.18110000e+12  2.63746600e-27
 2.21000000e+01  3.00667865e+07  1.17185700e+12  2.58330850e-27
 2.22000000e+01  2.92042750e+07  1.16261400e+12  2.52915100e-27
 2.23000000e+01  2.83517070e+07  1.15337100e+12  2.47499350e-27
 2.24000000e+01  2.75090825e+07  1.14412800e+12  2.42083600e-27
 2.25000000e+01  2.66764014e+07  1.13488500e+12  2.36667850e-27
 2.26000000e+01  2.57984718e+07  1.12323900e+12  2.31252100e-27
 2.27000000e+01  2.49330709e+07  1.11159300e+12  2.25836350e-27
 2.28000000e+01  2.40801985e+07  1.09994700e+12  2.20420600e-27
 2.29000000e+01  2.32398546e+07  1.08830100e+12  2.15004850e-27
 2.30000000e+01  2.24120394e+07  1.07665500e+12  2.09589100e-27
 2.31000000e+01  2.17928678e+07  1.06671900e+12  2.05697130e-27
 2.32000000e+01  2.11813778e+07  1.05678300e+12  2.01805160e-27
 2.33000000e+01  2.05775693e+07  1.04684700e+12  1.97913190e-27
 2.34000000e+01  1.99814424e+07  1.03691100e+12  1.94021220e-27
 2.35000000e+01  1.93929969e+07  1.02697500e+12  1.90129250e-27
 2.36000000e+01  1.88340965e+07  1.01822100e+12  1.86237280e-27
 2.37000000e+01  1.82819638e+07  1.00946700e+12  1.82345310e-27
 2.38000000e+01  1.77365989e+07  1.00071300e+12  1.78453340e-27
 2.39000000e+01  1.71980016e+07  9.91959000e+11  1.74561370e-27
 2.40000000e+01  1.66661721e+07  9.83205000e+11  1.70669400e-27
 2.41000000e+01  1.62164777e+07  9.74823000e+11  1.67492220e-27
 2.42000000e+01  1.57720732e+07  9.66441000e+11  1.64315040e-27
 2.43000000e+01  1.53329588e+07  9.58059000e+11  1.61137860e-27
 2.44000000e+01  1.48991344e+07  9.49677000e+11  1.57960680e-27
 2.45000000e+01  1.44705999e+07  9.41295000e+11  1.54783500e-27
 2.46000000e+01  1.40683607e+07  9.34308000e+11  1.51606320e-27
 2.47000000e+01  1.36705311e+07  9.27321000e+11  1.48429140e-27
 2.48000000e+01  1.32771111e+07  9.20334000e+11  1.45251960e-27
 2.49000000e+01  1.28881007e+07  9.13347000e+11  1.42074780e-27
 2.50000000e+01  1.25034999e+07  9.06360000e+11  1.38897600e-27
 2.51000000e+01  1.21931301e+07  8.99334000e+11  1.36507990e-27
 2.52000000e+01  1.18860953e+07  8.92308000e+11  1.34118380e-27
 2.53000000e+01  1.15823956e+07  8.85282000e+11  1.31728770e-27
 2.54000000e+01  1.12820309e+07  8.78256000e+11  1.29339160e-27
 2.55000000e+01  1.09850012e+07  8.71230000e+11  1.26949550e-27
 2.56000000e+01  1.06839952e+07  8.63613000e+11  1.24559940e-27
 2.57000000e+01  1.03866047e+07  8.55996000e+11  1.22170330e-27
 2.58000000e+01  1.00928298e+07  8.48379000e+11  1.19780720e-27
 2.59000000e+01  9.80267052e+06  8.40762000e+11  1.17391110e-27
 2.60000000e+01  9.51612678e+06  8.33145000e+11  1.15001500e-27
 2.61000000e+01  9.27447722e+06  8.24979000e+11  1.13190616e-27
 2.62000000e+01  9.03576509e+06  8.16813000e+11  1.11379732e-27
 2.63000000e+01  8.79999038e+06  8.08647000e+11  1.09568848e-27
 2.64000000e+01  8.56715308e+06  8.00481000e+11  1.07757964e-27
 2.65000000e+01  8.33725321e+06  7.92315000e+11  1.05947080e-27
 2.66000000e+01  8.11084927e+06  7.84203000e+11  1.04136196e-27
 2.67000000e+01  7.88736332e+06  7.76091000e+11  1.02325312e-27
 2.68000000e+01  7.66679537e+06  7.67979000e+11  1.00514428e-27
 2.69000000e+01  7.44914542e+06  7.59867000e+11  9.87035440e-28
 2.70000000e+01  7.23441346e+06  7.51755000e+11  9.68926600e-28
 2.71000000e+01  7.06523333e+06  7.45029000e+11  9.54810550e-28
 2.72000000e+01  6.89793917e+06  7.38303000e+11  9.40694500e-28
 2.73000000e+01  6.73253098e+06  7.31577000e+11  9.26578450e-28
 2.74000000e+01  6.56900877e+06  7.24851000e+11  9.12462400e-28
 2.75000000e+01  6.40737254e+06  7.18125000e+11  8.98346350e-28
 2.76000000e+01  6.25294427e+06  7.12005000e+11  8.84230300e-28
 2.77000000e+01  6.10023206e+06  7.05885000e+11  8.70114250e-28
 2.78000000e+01  5.94923590e+06  6.99765000e+11  8.55998200e-28
 2.79000000e+01  5.79995580e+06  6.93645000e+11  8.41882150e-28
 2.80000000e+01  5.65239174e+06  6.87525000e+11  8.27766100e-28
 2.81000000e+01  5.52260984e+06  6.82035000e+11  8.15270220e-28
 2.82000000e+01  5.39419066e+06  6.76545000e+11  8.02774340e-28
 2.83000000e+01  5.26713420e+06  6.71055000e+11  7.90278460e-28
 2.84000000e+01  5.14144045e+06  6.65565000e+11  7.77782580e-28
 2.85000000e+01  5.01710941e+06  6.60075000e+11  7.65286700e-28
 2.86000000e+01  4.88866814e+06  6.53853000e+11  7.52790820e-28
 2.87000000e+01  4.76177129e+06  6.47631000e+11  7.40294940e-28
 2.88000000e+01  4.63641884e+06  6.41409000e+11  7.27799060e-28
 2.89000000e+01  4.51261080e+06  6.35187000e+11  7.15303180e-28
 2.90000000e+01  4.39034718e+06  6.28965000e+11  7.02807300e-28
 2.91000000e+01  4.29508040e+06  6.23376000e+11  6.93721410e-28
 2.92000000e+01  4.20082234e+06  6.17787000e+11  6.84635520e-28
 2.93000000e+01  4.10757298e+06  6.12198000e+11  6.75549630e-28
 2.94000000e+01  4.01533235e+06  6.06609000e+11  6.66463740e-28
 2.95000000e+01  3.92410042e+06  6.01020000e+11  6.57377850e-28
 2.96000000e+01  3.83101837e+06  5.94987000e+11  6.48291960e-28
 2.97000000e+01  3.73902517e+06  5.88954000e+11  6.39206070e-28
 2.98000000e+01  3.64812081e+06  5.82921000e+11  6.30120180e-28
 2.99000000e+01  3.55830530e+06  5.76888000e+11  6.21034290e-28
 3.00000000e+01  3.46957864e+06  5.70855000e+11  6.11948400e-28
 3.01000000e+01  3.38688427e+06  5.63355000e+11  6.05315900e-28
 3.02000000e+01  3.30517801e+06  5.55855000e+11  5.98683400e-28
 3.03000000e+01  3.22445986e+06  5.48355000e+11  5.92050900e-28
 3.04000000e+01  3.14472982e+06  5.40855000e+11  5.85418400e-28
 3.05000000e+01  3.06598789e+06  5.33355000e+11  5.78785900e-28
 3.06000000e+01  3.00074720e+06  5.28057000e+11  5.72153400e-28
 3.07000000e+01  2.93620450e+06  5.22759000e+11  5.65520900e-28
 3.08000000e+01  2.87235981e+06  5.17461000e+11  5.58888400e-28
 3.09000000e+01  2.80921311e+06  5.12163000e+11  5.52255900e-28
 3.10000000e+01  2.74676442e+06  5.06865000e+11  5.45623400e-28
 3.11000000e+01  2.68538310e+06  5.01636000e+11  5.38990900e-28
 3.12000000e+01  2.62469069e+06  4.96407000e+11  5.32358400e-28
 3.13000000e+01  2.56468718e+06  4.91178000e+11  5.25725900e-28
 3.14000000e+01  2.50537259e+06  4.85949000e+11  5.19093400e-28
 3.15000000e+01  2.44674691e+06  4.80720000e+11  5.12460900e-28
 3.16000000e+01  2.38627810e+06  4.74987000e+11  5.05828400e-28
 3.17000000e+01  2.32656460e+06  4.69254000e+11  4.99195900e-28
 3.18000000e+01  2.26760641e+06  4.63521000e+11  4.92563400e-28
 3.19000000e+01  2.20940353e+06  4.57788000e+11  4.85930900e-28
 3.20000000e+01  2.15195596e+06  4.52055000e+11  4.79298400e-28
 3.21000000e+01  2.10150824e+06  4.46148000e+11  4.74259485e-28
 3.22000000e+01  2.05165178e+06  4.40241000e+11  4.69220570e-28
 3.23000000e+01  2.00238656e+06  4.34334000e+11  4.64181655e-28
 3.24000000e+01  1.95371260e+06  4.28427000e+11  4.59142740e-28
 3.25000000e+01  1.90562988e+06  4.22520000e+11  4.54103825e-28
 3.26000000e+01  1.86098841e+06  4.17252000e+11  4.49064910e-28
 3.27000000e+01  1.81687424e+06  4.11984000e+11  4.44025995e-28
 3.28000000e+01  1.77328736e+06  4.06716000e+11  4.38987080e-28
 3.29000000e+01  1.73022776e+06  4.01448000e+11  4.33948165e-28
 3.30000000e+01  1.68769546e+06  3.96180000e+11  4.28909250e-28
 3.31000000e+01  1.64593041e+06  3.90969000e+11  4.23870335e-28
 3.32000000e+01  1.60468694e+06  3.85758000e+11  4.18831420e-28
 3.33000000e+01  1.56396505e+06  3.80547000e+11  4.13792505e-28
 3.34000000e+01  1.52376475e+06  3.75336000e+11  4.08753590e-28
 3.35000000e+01  1.48408604e+06  3.70125000e+11  4.03714675e-28
 3.36000000e+01  1.44262439e+06  3.64332000e+11  3.98675760e-28
 3.37000000e+01  1.40174258e+06  3.58539000e+11  3.93636845e-28
 3.38000000e+01  1.36144062e+06  3.52746000e+11  3.88597930e-28
 3.39000000e+01  1.32171848e+06  3.46953000e+11  3.83559015e-28
 3.40000000e+01  1.28257619e+06  3.41160000e+11  3.78520100e-28
 3.41000000e+01  1.24937157e+06  3.35303700e+11  3.75160540e-28
 3.42000000e+01  1.21655777e+06  3.29447400e+11  3.71800980e-28
 3.43000000e+01  1.18413478e+06  3.23591100e+11  3.68441420e-28
 3.44000000e+01  1.15210261e+06  3.17734800e+11  3.65081860e-28
 3.45000000e+01  1.12046125e+06  3.11878500e+11  3.61722300e-28
 3.46000000e+01  1.09089246e+06  3.06494700e+11  3.58362740e-28
 3.47000000e+01  1.06168295e+06  3.01110900e+11  3.55003180e-28
 3.48000000e+01  1.03283272e+06  2.95727100e+11  3.51643620e-28
 3.49000000e+01  1.00434178e+06  2.90343300e+11  3.48284060e-28
 3.50000000e+01  9.76210120e+05  2.84959500e+11  3.44924500e-28
 3.51000000e+01  9.49375070e+05  2.79852000e+11  3.41564940e-28
 3.52000000e+01  9.22880864e+05  2.74744500e+11  3.38205380e-28
 3.53000000e+01  8.96727504e+05  2.69637000e+11  3.34845820e-28
 3.54000000e+01  8.70914988e+05  2.64529500e+11  3.31486260e-28
 3.55000000e+01  8.45443318e+05  2.59422000e+11  3.28126700e-28
 3.56000000e+01  8.18173931e+05  2.53651500e+11  3.24767140e-28
 3.57000000e+01  7.91289634e+05  2.47881000e+11  3.21407580e-28
 3.58000000e+01  7.64790426e+05  2.42110500e+11  3.18048020e-28
 3.59000000e+01  7.38676309e+05  2.36340000e+11  3.14688460e-28
 3.60000000e+01  7.12947281e+05  2.30569500e+11  3.11328900e-28
 3.61000000e+01  6.87947831e+05  2.24398200e+11  3.08673975e-28
 3.62000000e+01  6.63273839e+05  2.18226900e+11  3.06019050e-28
 3.63000000e+01  6.38925305e+05  2.12055600e+11  3.03364125e-28
 3.64000000e+01  6.14902229e+05  2.05884300e+11  3.00709200e-28
 3.65000000e+01  5.91204611e+05  1.99713000e+11  2.98054275e-28
 3.66000000e+01  5.65798377e+05  1.92848400e+11  2.95399350e-28
 3.67000000e+01  5.40754164e+05  1.85983800e+11  2.92744425e-28
 3.68000000e+01  5.16071971e+05  1.79119200e+11  2.90089500e-28
 3.69000000e+01  4.91751800e+05  1.72254600e+11  2.87434575e-28
 3.70000000e+01  4.67793649e+05  1.65390000e+11  2.84779650e-28
 3.71000000e+01  4.42410366e+05  1.57887600e+11  2.82124725e-28
 3.72000000e+01  4.17422739e+05  1.50385200e+11  2.79469800e-28
 3.73000000e+01  3.92830770e+05  1.42882800e+11  2.76814875e-28
 3.74000000e+01  3.68634457e+05  1.35380400e+11  2.74159950e-28
 3.75000000e+01  3.44833801e+05  1.27878000e+11  2.71505025e-28
 3.76000000e+01  3.23796749e+05  1.21262400e+11  2.68850100e-28
 3.77000000e+01  3.03108586e+05  1.14646800e+11  2.66195175e-28
 3.78000000e+01  2.82769312e+05  1.08031200e+11  2.63540250e-28
 3.79000000e+01  2.62778928e+05  1.01415600e+11  2.60885325e-28
 3.80000000e+01  2.43137433e+05  9.48000000e+10  2.58230400e-28
 3.81000000e+01  2.24678265e+05  8.81691000e+10  2.56571570e-28
 3.82000000e+01  2.06437591e+05  8.15382000e+10  2.54912740e-28
 3.83000000e+01  1.88415412e+05  7.49073000e+10  2.53253910e-28
 3.84000000e+01  1.70611727e+05  6.82764000e+10  2.51595080e-28
 3.85000000e+01  1.53026537e+05  6.16455000e+10  2.49936250e-28
 3.86000000e+01  1.37143443e+05  5.56162500e+10  2.48277420e-28
 3.87000000e+01  1.21459018e+05  4.95870000e+10  2.46618590e-28
 3.88000000e+01  1.05973263e+05  4.35577500e+10  2.44959760e-28
 3.89000000e+01  9.06861777e+04  3.75285000e+10  2.43300930e-28
 3.90000000e+01  7.55977616e+04  3.14992500e+10  2.41642100e-28
 3.91000000e+01  6.55208236e+04  2.74892100e+10  2.39983270e-28
 3.92000000e+01  5.55760202e+04  2.34791700e+10  2.38324440e-28
 3.93000000e+01  4.57633514e+04  1.94691300e+10  2.36665610e-28
 3.94000000e+01  3.60828173e+04  1.54590900e+10  2.35006780e-28
 3.95000000e+01  2.65344178e+04  1.14490500e+10  2.33347950e-28
 3.96000000e+01  2.19845666e+04  9.55380000e+09  2.31689120e-28
 3.97000000e+01  1.74971656e+04  7.65855000e+09  2.30030290e-28
 3.98000000e+01  1.30722148e+04  5.76330000e+09  2.28371460e-28
 3.99000000e+01  8.70971444e+03  3.86805000e+09  2.26712630e-28
 4.00000000e+01  4.40966433e+03  1.97280000e+09  2.25053800e-28
 4.01000000e+01  3.50454264e+03  1.57824000e+09  2.23574455e-28
 4.02000000e+01  2.61101537e+03  1.18368000e+09  2.22095110e-28
 4.03000000e+01  1.72908250e+03  7.89120000e+08  2.20615765e-28
 4.04000000e+01  8.58744047e+02  3.94560000e+08  2.19136420e-28
 4.05000000e+01  0.00000000e+00  0.00000000e+00  2.17657075e-28
 4.06000000e+01  0.00000000e+00  0.00000000e+00  2.16177730e-28
 4.07000000e+01  0.00000000e+00  0.00000000e+00  2.14698385e-28
 4.08000000e+01  0.00000000e+00  0.00000000e+00  2.13219040e-28
 4.09000000e+01  0.00000000e+00  0.00000000e+00  2.11739695e-28
 4.10000000e+01  0.00000000e+00  0.00000000e+00  2.10260350e-28
 4.11000000e+01  0.00000000e+00  0.00000000e+00  2.08781005e-28
 4.12000000e+01  0.00000000e+00  0.00000000e+00  2.07301660e-28
 4.13000000e+01  0.00000000e+00  0.00000000e+00  2.05822315e-28
 4.14000000e+01  0.00000000e+00  0.00000000e+00  2.04342970e-28
 4.15000000e+01  0.00000000e+00  0.00000000e+00  2.02863625e-28
 4.16000000e+01  0.00000000e+00  0.00000000e+00  2.01384280e-28
 4.17000000e+01  0.00000000e+00  0.00000000e+00  1.99904935e-28
 4.18000000e+01  0.00000000e+00  0.00000000e+00  1.98425590e-28
 4.19000000e+01  0.00000000e+00  0.00000000e+00  1.96946245e-28
 4.20000000e+01  0.00000000e+00  0.00000000e+00  1.95466900e-28
 4.21000000e+01  0.00000000e+00  0.00000000e+00  1.94360320e-28
 4.22000000e+01  0.00000000e+00  0.00000000e+00  1.93253740e-28
 4.23000000e+01  0.00000000e+00  0.00000000e+00  1.92147160e-28
 4.24000000e+01  0.00000000e+00  0.00000000e+00  1.91040580e-28
 4.25000000e+01  0.00000000e+00  0.00000000e+00  1.89934000e-28
 4.26000000e+01  0.00000000e+00  0.00000000e+00  1.88827420e-28
 4.27000000e+01  0.00000000e+00  0.00000000e+00  1.87720840e-28
 4.28000000e+01  0.00000000e+00  0.00000000e+00  1.86614260e-28
 4.29000000e+01  0.00000000e+00  0.00000000e+00  1.85507680e-28
 4.30000000e+01  0.00000000e+00  0.00000000e+00  1.84401100e-28
 4.31000000e+01  0.00000000e+00  0.00000000e+00  1.83294520e-28
 4.32000000e+01  0.00000000e+00  0.00000000e+00  1.82187940e-28
 4.33000000e+01  0.00000000e+00  0.00000000e+00  1.81081360e-28
 4.34000000e+01  0.00000000e+00  0.00000000e+00  1.79974780e-28
 4.35000000e+01  0.00000000e+00  0.00000000e+00  1.78868200e-28
 4.36000000e+01  0.00000000e+00  0.00000000e+00  1.77761620e-28
 4.37000000e+01  0.00000000e+00  0.00000000e+00  1.76655040e-28
 4.38000000e+01  0.00000000e+00  0.00000000e+00  1.75548460e-28
 4.39000000e+01  0.00000000e+00  0.00000000e+00  1.74441880e-28
 4.40000000e+01  0.00000000e+00  0.00000000e+00  1.73335300e-28
 4.41000000e+01  0.00000000e+00  0.00000000e+00  1.72441315e-28
 4.42000000e+01  0.00000000e+00  0.00000000e+00  1.71547330e-28
 4.43000000e+01  0.00000000e+00  0.00000000e+00  1.70653345e-28
 4.44000000e+01  0.00000000e+00  0.00000000e+00  1.69759360e-28
 4.45000000e+01  0.00000000e+00  0.00000000e+00  1.68865375e-28
 4.46000000e+01  0.00000000e+00  0.00000000e+00  1.67971390e-28
 4.47000000e+01  0.00000000e+00  0.00000000e+00  1.67077405e-28
 4.48000000e+01  0.00000000e+00  0.00000000e+00  1.66183420e-28
 4.49000000e+01  0.00000000e+00  0.00000000e+00  1.65289435e-28
 4.50000000e+01  0.00000000e+00  0.00000000e+00  1.64395450e-28
 4.51000000e+01  0.00000000e+00  0.00000000e+00  1.63501465e-28
 4.52000000e+01  0.00000000e+00  0.00000000e+00  1.62607480e-28
 4.53000000e+01  0.00000000e+00  0.00000000e+00  1.61713495e-28
 4.54000000e+01  0.00000000e+00  0.00000000e+00  1.60819510e-28
 4.55000000e+01  0.00000000e+00  0.00000000e+00  1.59925525e-28
 4.56000000e+01  0.00000000e+00  0.00000000e+00  1.59031540e-28
 4.57000000e+01  0.00000000e+00  0.00000000e+00  1.58137555e-28
 4.58000000e+01  0.00000000e+00  0.00000000e+00  1.57243570e-28
 4.59000000e+01  0.00000000e+00  0.00000000e+00  1.56349585e-28
 4.60000000e+01  0.00000000e+00  0.00000000e+00  1.55455600e-28
 4.61000000e+01  0.00000000e+00  0.00000000e+00  1.54835485e-28
 4.62000000e+01  0.00000000e+00  0.00000000e+00  1.54215370e-28
 4.63000000e+01  0.00000000e+00  0.00000000e+00  1.53595255e-28
 4.64000000e+01  0.00000000e+00  0.00000000e+00  1.52975140e-28
 4.65000000e+01  0.00000000e+00  0.00000000e+00  1.52355025e-28
 4.66000000e+01  0.00000000e+00  0.00000000e+00  1.51734910e-28
 4.67000000e+01  0.00000000e+00  0.00000000e+00  1.51114795e-28
 4.68000000e+01  0.00000000e+00  0.00000000e+00  1.50494680e-28
 4.69000000e+01  0.00000000e+00  0.00000000e+00  1.49874565e-28
 4.70000000e+01  0.00000000e+00  0.00000000e+00  1.49254450e-28
 4.71000000e+01  0.00000000e+00  0.00000000e+00  1.48634335e-28
 4.72000000e+01  0.00000000e+00  0.00000000e+00  1.48014220e-28
 4.73000000e+01  0.00000000e+00  0.00000000e+00  1.47394105e-28
 4.74000000e+01  0.00000000e+00  0.00000000e+00  1.46773990e-28
 4.75000000e+01  0.00000000e+00  0.00000000e+00  1.46153875e-28
 4.76000000e+01  0.00000000e+00  0.00000000e+00  1.45533760e-28
 4.77000000e+01  0.00000000e+00  0.00000000e+00  1.44913645e-28
 4.78000000e+01  0.00000000e+00  0.00000000e+00  1.44293530e-28
 4.79000000e+01  0.00000000e+00  0.00000000e+00  1.43673415e-28
 4.80000000e+01  0.00000000e+00  0.00000000e+00  1.43053300e-28
 4.81000000e+01  0.00000000e+00  0.00000000e+00  1.42414940e-28
 4.82000000e+01  0.00000000e+00  0.00000000e+00  1.41776580e-28
 4.83000000e+01  0.00000000e+00  0.00000000e+00  1.41138220e-28
 4.84000000e+01  0.00000000e+00  0.00000000e+00  1.40499860e-28
 4.85000000e+01  0.00000000e+00  0.00000000e+00  1.39861500e-28
 4.86000000e+01  0.00000000e+00  0.00000000e+00  1.39223140e-28
 4.87000000e+01  0.00000000e+00  0.00000000e+00  1.38584780e-28
 4.88000000e+01  0.00000000e+00  0.00000000e+00  1.37946420e-28
 4.89000000e+01  0.00000000e+00  0.00000000e+00  1.37308060e-28
 4.90000000e+01  0.00000000e+00  0.00000000e+00  1.36669700e-28
 4.91000000e+01  0.00000000e+00  0.00000000e+00  1.36031340e-28
 4.92000000e+01  0.00000000e+00  0.00000000e+00  1.35392980e-28
 4.93000000e+01  0.00000000e+00  0.00000000e+00  1.34754620e-28
 4.94000000e+01  0.00000000e+00  0.00000000e+00  1.34116260e-28
 4.95000000e+01  0.00000000e+00  0.00000000e+00  1.33477900e-28
 4.96000000e+01  0.00000000e+00  0.00000000e+00  1.32839540e-28
 4.97000000e+01  0.00000000e+00  0.00000000e+00  1.32201180e-28
 4.98000000e+01  0.00000000e+00  0.00000000e+00  1.31562820e-28
 4.99000000e+01  0.00000000e+00  0.00000000e+00  1.30924460e-28
 5.00000000e+01  0.00000000e+00  0.00000000e+00  1.30286100e-28
