# energy(MeV) dYield(atoms/MeV/s) photonFlux(photons/MeV/uA/s) crossSection(mb)
# 501 4
# 501 4
 0.00000000e+00  0.00000000e+00  1.20138000e+14  0.00000000e+00
 1.00000000e-01  0.00000000e+00  1.22780100e+14  0.00000000e+00
 2.00000000e-01  0.00000000e+00  1.25422200e+14  0.00000000e+00
 3.00000000e-01  0.00000000e+00  1.28064300e+14  0.00000000e+00
 4.00000000e-01  0.00000000e+00  1.30706400e+14  0.00000000e+00
 5.00000000e-01  0.00000000e+00  1.33348500e+14  0.00000000e+00
 6.00000000e-01  0.00000000e+00  1.30421700e+14  0.00000000e+00
 7.00000000e-01  0.00000000e+00  1.27494900e+14  0.00000000e+00
 8.00000000e-01  0.00000000e+00  1.24568100e+14  0.00000000e+00
 9.00000000e-01  0.00000000e+00  1.21641300e+14  0.00000000e+00
 1.00000000e+00  0.00000000e+00  1.18714500e+14  0.00000000e+00
 1.10000000e+00  0.00000000e+00  1.10586300e+14  0.00000000e+00
 1.20000000e+00  0.00000000e+00  1.02458100e+14  0.00000000e+00
 1.30000000e+00  0.00000000e+00  9.43299000e+13  0.00000000e+00
 1.40000000e+00  0.00000000e+00  8.62017000e+13  0.00000000e+00
 1.50000000e+00  0.00000000e+00  7.80735000e+13  0.00000000e+00
 1.60000000e+00  0.00000000e+00  7.39683000e+13  0.00000000e+00
 1.70000000e+00  0.00000000e+00  6.98631000e+13  0.00000000e+00
 1.80000000e+00  0.00000000e+00  6.57579000e+13  0.00000000e+00
 1.90000000e+00  0.00000000e+00  6.16527000e+13  0.00000000e+00
 2.00000000e+00  0.00000000e+00  5.75475000e+13  0.00000000e+00
 2.10000000e+00  0.00000000e+00  5.50056000e+13  0.00000000e+00
 2.20000000e+00  0.00000000e+00  5.24637000e+13  0.00000000e+00
 2.30000000e+00  0.00000000e+00  4.99218000e+13  0.00000000e+00
 2.40000000e+00  0.00000000e+00  4.73799000e+13  0.00000000e+00
 2.50000000e+00  0.00000000e+00  4.48380000e+13  0.00000000e+00
 2.60000000e+00  0.00000000e+00  4.31301000e+13  0.00000000e+00
 2.70000000e+00  0.00000000e+00  4.14222000e+13  0.00000000e+00
 2.80000000e+00  0.00000000e+00  3.97143000e+13  0.00000000e+00
 2.90000000e+00  0.00000000e+00  3.80064000e+13  0.00000000e+00
 3.00000000e+00  0.00000000e+00  3.62985000e+13  0.00000000e+00
 3.10000000e+00  0.00000000e+00  3.50643900e+13  0.00000000e+00
 3.20000000e+00  0.00000000e+00  3.38302800e+13  0.00000000e+00
 3.30000000e+00  0.00000000e+00  3.25961700e+13  0.00000000e+00
 3.40000000e+00  0.00000000e+00  3.13620600e+13  0.00000000e+00
 3.50000000e+00  0.00000000e+00  3.01279500e+13  0.00000000e+00
 3.60000000e+00  0.00000000e+00  2.92098600e+13  0.00000000e+00
 3.70000000e+00  0.00000000e+00  2.82917700e+13  0.00000000e+00
 3.80000000e+00  0.00000000e+00  2.73736800e+13  0.00000000e+00
 3.90000000e+00  0.00000000e+00  2.64555900e+13  0.00000000e+00
 4.00000000e+00  0.00000000e+00  2.55375000e+13  0.00000000e+00
 4.10000000e+00  0.00000000e+00  2.48350200e+13  0.00000000e+00
 4.20000000e+00  0.00000000e+00  2.41325400e+13  0.00000000e+00
 4.30000000e+00  0.00000000e+00  2.34300600e+13  0.00000000e+00
 4.40000000e+00  0.00000000e+00  2.27275800e+13  0.00000000e+00
 4.50000000e+00  0.00000000e+00  2.20251000e+13  0.00000000e+00
 4.60000000e+00  0.00000000e+00  2.14716000e+13  0.00000000e+00
 4.70000000e+00  0.00000000e+00  2.09181000e+13  0.00000000e+00
 4.80000000e+00  0.00000000e+00  2.03646000e+13  0.00000000e+00
 4.90000000e+00  0.00000000e+00  1.98111000e+13  0.00000000e+00
 5.00000000e+00  0.00000000e+00  1.92576000e+13  0.00000000e+00
 5.10000000e+00  0.00000000e+00  1.88055300e+13  0.00000000e+00
 5.20000000e+00  0.00000000e+00  1.83534600e+13  0.00000000e+00
 5.30000000e+00  0.00000000e+00  1.79013900e+13  0.00000000e+00
 5.40000000e+00  0.00000000e+00  1.74493200e+13  0.00000000e+00
 5.50000000e+00  0.00000000e+00  1.69972500e+13  0.00000000e+00
 5.60000000e+00  0.00000000e+00  1.66223400e+13  0.00000000e+00
 5.70000000e+00  0.00000000e+00  1.62474300e+13  0.00000000e+00
 5.80000000e+00  0.00000000e+00  1.58725200e+13  0.00000000e+00
 5.90000000e+00  0.00000000e+00  1.54976100e+13  0.00000000e+00
 6.00000000e+00  0.00000000e+00  1.51227000e+13  0.00000000e+00
 6.10000000e+00  0.00000000e+00  1.48061100e+13  0.00000000e+00
 6.20000000e+00  0.00000000e+00  1.44895200e+13  0.00000000e+00
 6.30000000e+00  0.00000000e+00  1.41729300e+13  0.00000000e+00
 6.40000000e+00  0.00000000e+00  1.38563400e+13  0.00000000e+00
 6.50000000e+00  0.00000000e+00  1.35397500e+13  0.00000000e+00
 6.60000000e+00  1.67696955e+09  1.32692700e+13  1.27245380e-26
 6.70000000e+00  1.77289428e+09  1.29987900e+13  1.37323160e-26
 6.80000000e+00  1.86340441e+09  1.27283100e+13  1.47400940e-26
 6.90000000e+00  1.94849995e+09  1.24578300e+13  1.57478720e-26
 7.00000000e+00  2.02818089e+09  1.21873500e+13  1.67556500e-26
 7.10000000e+00  2.11964964e+09  1.19648100e+13  1.78370140e-26
 7.20000000e+00  2.20633819e+09  1.17422700e+13  1.89183780e-26
 7.30000000e+00  2.28824655e+09  1.15197300e+13  1.99997420e-26
 7.40000000e+00  2.36537470e+09  1.12971900e+13  2.10811060e-26
 7.50000000e+00  2.43772265e+09  1.10746500e+13  2.21624700e-26
 7.60000000e+00  2.56047550e+09  1.08885600e+13  2.36763120e-26
 7.70000000e+00  2.67763246e+09  1.07024700e+13  2.51901540e-26
 7.80000000e+00  2.78919352e+09  1.05163800e+13  2.67039960e-26
 7.90000000e+00  2.89515868e+09  1.03302900e+13  2.82178380e-26
 8.00000000e+00  2.99552794e+09  1.01442000e+13  2.97316800e-26
 8.10000000e+00  3.16201268e+09  9.97401000e+12  3.19196180e-26
 8.20000000e+00  3.32110076e+09  9.80382000e+12  3.41075560e-26
 8.30000000e+00  3.47279219e+09  9.63363000e+12  3.62954940e-26
 8.40000000e+00  3.61708697e+09  9.46344000e+12  3.84834320e-26
 8.50000000e+00  3.75398510e+09  9.29325000e+12  4.06713700e-26
 8.60000000e+00  3.98360400e+09  9.14127000e+12  4.38766540e-26
 8.70000000e+00  4.20354639e+09  8.98929000e+12  4.70819380e-26
 8.80000000e+00  4.41381226e+09  8.83731000e+12  5.02872220e-26
 8.90000000e+00  4.61440161e+09  8.68533000e+12  5.34925060e-26
 9.00000000e+00  4.80531444e+09  8.53335000e+12  5.66977900e-26
 9.10000000e+00  5.12439628e+09  8.39985000e+12  6.14235700e-26
 9.20000000e+00  5.43094610e+09  8.26635000e+12  6.61493500e-26
 9.30000000e+00  5.72496390e+09  8.13285000e+12  7.08751300e-26
 9.40000000e+00  6.00644970e+09  7.99935000e+12  7.56009100e-26
 9.50000000e+00  6.27540347e+09  7.86585000e+12  8.03266900e-26
 9.60000000e+00  6.71978028e+09  7.74933000e+12  8.73081520e-26
 9.70000000e+00  7.14799815e+09  7.63281000e+12  9.42896140e-26
 9.80000000e+00  7.56005708e+09  7.51629000e+12  1.01271076e-25
 9.90000000e+00  7.95595706e+09  7.39977000e+12  1.08252538e-25
 1.00000000e+01  8.33569810e+09  7.28325000e+12  1.15234000e-25
 1.01000000e+01  8.94787228e+09  7.17714000e+12  1.25525580e-25
 1.02000000e+01  9.53835422e+09  7.07103000e+12  1.35817160e-25
 1.03000000e+01  1.01071439e+10  6.96492000e+12  1.46108740e-25
 1.04000000e+01  1.06542414e+10  6.85881000e+12  1.56400320e-25
 1.05000000e+01  1.11796466e+10  6.75270000e+12  1.66691900e-25
 1.06000000e+01  1.19854645e+10  6.65766000e+12  1.81257980e-25
 1.07000000e+01  1.27637835e+10  6.56262000e+12  1.95824060e-25
 1.08000000e+01  1.35146037e+10  6.46758000e+12  2.10390140e-25
 1.09000000e+01  1.42379249e+10  6.37254000e+12  2.24956220e-25
 1.10000000e+01  1.49337472e+10  6.27750000e+12  2.39522300e-25
 1.11000000e+01  1.57227771e+10  6.19473000e+12  2.55546980e-25
 1.12000000e+01  1.64854601e+10  6.11196000e+12  2.71571660e-25
 1.13000000e+01  1.72217963e+10  6.02919000e+12  2.87596340e-25
 1.14000000e+01  1.79317856e+10  5.94642000e+12  3.03621020e-25
 1.15000000e+01  1.86154281e+10  5.86365000e+12  3.19645700e-25
 1.16000000e+01  1.78887252e+10  5.78598000e+12  3.11290840e-25
 1.17000000e+01  1.71749124e+10  5.70831000e+12  3.02935980e-25
 1.18000000e+01  1.64739898e+10  5.63064000e+12  2.94581120e-25
 1.19000000e+01  1.57859573e+10  5.55297000e+12  2.86226260e-25
 1.20000000e+01  1.51108151e+10  5.47530000e+12  2.77871400e-25
 1.21000000e+01  1.40697803e+10  5.40327000e+12  2.62176960e-25
 1.22000000e+01  1.30512011e+10  5.33124000e+12  2.46482520e-25
 1.23000000e+01  1.20550776e+10  5.25921000e+12  2.30788080e-25
 1.24000000e+01  1.10814096e+10  5.18718000e+12  2.15093640e-25
 1.25000000e+01  1.01301974e+10  5.11515000e+12  1.99399200e-25
 1.26000000e+01  9.39394037e+09  5.04969000e+12  1.87303960e-25
 1.27000000e+01  8.67341075e+09  4.98423000e+12  1.75208720e-25
 1.28000000e+01  7.96860851e+09  4.91877000e+12  1.63113480e-25
 1.29000000e+01  7.27953367e+09  4.85331000e+12  1.51018240e-25
 1.30000000e+01  6.60618621e+09  4.78785000e+12  1.38923000e-25
 1.31000000e+01  6.14495765e+09  4.73163000e+12  1.30759122e-25
 1.32000000e+01  5.69284613e+09  4.67541000e+12  1.22595244e-25
 1.33000000e+01  5.24985164e+09  4.61919000e+12  1.14431366e-25
 1.34000000e+01  4.81597418e+09  4.56297000e+12  1.06267488e-25
 1.35000000e+01  4.39121375e+09  4.50675000e+12  9.81036100e-26
 1.36000000e+01  4.13508793e+09  4.45044000e+12  9.35504060e-26
 1.37000000e+01  3.88405505e+09  4.39413000e+12  8.89972020e-26
 1.38000000e+01  3.63811511e+09  4.33782000e+12  8.44439980e-26
 1.39000000e+01  3.39726811e+09  4.28151000e+12  7.98907940e-26
 1.40000000e+01  3.16151405e+09  4.22520000e+12  7.53375900e-26
 1.41000000e+01  3.00398837e+09  4.17684000e+12  7.24126240e-26
 1.42000000e+01  2.84927247e+09  4.12848000e+12  6.94876580e-26
 1.43000000e+01  2.69736635e+09  4.08012000e+12  6.65626920e-26
 1.44000000e+01  2.54827003e+09  4.03176000e+12  6.36377260e-26
 1.45000000e+01  2.40198349e+09  3.98340000e+12  6.07127600e-26
 1.46000000e+01  2.27598982e+09  3.94083000e+12  5.81495680e-26
 1.47000000e+01  2.15216361e+09  3.89826000e+12  5.55863760e-26
 1.48000000e+01  2.03050486e+09  3.85569000e+12  5.30231840e-26
 1.49000000e+01  1.91101358e+09  3.81312000e+12  5.04599920e-26
 1.50000000e+01  1.79368975e+09  3.77055000e+12  4.78968000e-26
 1.51000000e+01  1.68933681e+09  3.72966000e+12  4.56048340e-26
 1.52000000e+01  1.58684549e+09  3.68877000e+12  4.33128680e-26
 1.53000000e+01  1.48621579e+09  3.64788000e+12  4.10209020e-26
 1.54000000e+01  1.38744772e+09  3.60699000e+12  3.87289360e-26
 1.55000000e+01  1.29054126e+09  3.56610000e+12  3.64369700e-26
 1.56000000e+01  1.20965398e+09  3.52857000e+12  3.45164640e-26
 1.57000000e+01  1.13019842e+09  3.49104000e+12  3.25959580e-26
 1.58000000e+01  1.05217459e+09  3.45351000e+12  3.06754520e-26
 1.59000000e+01  9.75582492e+08  3.41598000e+12  2.87549460e-26
 1.60000000e+01  9.00422118e+08  3.37845000e+12  2.68344400e-26
 1.61000000e+01  8.44130828e+08  3.34161000e+12  2.54341880e-26
 1.62000000e+01  7.88864226e+08  3.30477000e+12  2.40339360e-26
 1.63000000e+01  7.34622313e+08  3.26793000e+12  2.26336840e-26
 1.64000000e+01  6.81405089e+08  3.23109000e+12  2.12334320e-26
 1.65000000e+01  6.29212554e+08  3.19425000e+12  1.98331800e-26
 1.66000000e+01  5.91207481e+08  3.15919800e+12  1.88419980e-26
 1.67000000e+01  5.53892541e+08  3.12414600e+12  1.78508160e-26
 1.68000000e+01  5.17267733e+08  3.08909400e+12  1.68596340e-26
 1.69000000e+01  4.81333058e+08  3.05404200e+12  1.58684520e-26
 1.70000000e+01  4.46088514e+08  3.01899000e+12  1.48772700e-26
 1.71000000e+01  4.21681669e+08  2.98651800e+12  1.42161980e-26
 1.72000000e+01  3.97701230e+08  2.95404600e+12  1.35551260e-26
 1.73000000e+01  3.74147198e+08  2.92157400e+12  1.28940540e-26
 1.74000000e+01  3.51019573e+08  2.88910200e+12  1.22329820e-26
 1.75000000e+01  3.28318354e+08  2.85663000e+12  1.15719100e-26
 1.76000000e+01  3.11875274e+08  2.82903900e+12  1.10995632e-26
 1.77000000e+01  2.95691072e+08  2.80144800e+12  1.06272164e-26
 1.78000000e+01  2.79765747e+08  2.77385700e+12  1.01548696e-26
 1.79000000e+01  2.64099300e+08  2.74626600e+12  9.68252280e-27
 1.80000000e+01  2.48691731e+08  2.71867500e+12  9.21017600e-27
 1.81000000e+01  2.37138682e+08  2.69277000e+12  8.86680220e-27
 1.82000000e+01  2.25762326e+08  2.66686500e+12  8.52342840e-27
 1.83000000e+01  2.14562662e+08  2.64096000e+12  8.18005460e-27
 1.84000000e+01  2.03539689e+08  2.61505500e+12  7.83668080e-27
 1.85000000e+01  1.92693409e+08  2.58915000e+12  7.49330700e-27
 1.86000000e+01  1.84389190e+08  2.56361700e+12  7.24179440e-27
 1.87000000e+01  1.76212534e+08  2.53808400e+12  6.99028180e-27
 1.88000000e+01  1.68163443e+08  2.51255100e+12  6.73876920e-27
 1.89000000e+01  1.60241915e+08  2.48701800e+12  6.48725660e-27
 1.90000000e+01  1.52447952e+08  2.46148500e+12  6.23574400e-27
 1.91000000e+01  1.46158724e+08  2.43546300e+12  6.04236680e-27
 1.92000000e+01  1.39969454e+08  2.40944100e+12  5.84898960e-27
 1.93000000e+01  1.33880140e+08  2.38341900e+12  5.65561240e-27
 1.94000000e+01  1.27890783e+08  2.35739700e+12  5.46223520e-27
 1.95000000e+01  1.22001382e+08  2.33137500e+12  5.26885800e-27
 1.96000000e+01  1.17239264e+08  2.30789700e+12  5.11470440e-27
 1.97000000e+01  1.12549038e+08  2.28441900e+12  4.96055080e-27
 1.98000000e+01  1.07930704e+08  2.26094100e+12  4.80639720e-27
 1.99000000e+01  1.03384262e+08  2.23746300e+12  4.65224360e-27
 2.00000000e+01  9.89097119e+07  2.21398500e+12  4.49809000e-27
 2.01000000e+01  9.55458450e+07  2.19295800e+12  4.38677510e-27
 2.02000000e+01  9.22284721e+07  2.17193100e+12  4.27546020e-27
 2.03000000e+01  8.89575932e+07  2.15090400e+12  4.16414530e-27
 2.04000000e+01  8.57332082e+07  2.12987700e+12  4.05283040e-27
 2.05000000e+01  8.25553173e+07  2.10885000e+12  3.94151550e-27
 2.06000000e+01  7.94590706e+07  2.08874700e+12  3.83020060e-27
 2.07000000e+01  7.64072748e+07  2.06864400e+12  3.71888570e-27
 2.08000000e+01  7.33999300e+07  2.04854100e+12  3.60757080e-27
 2.09000000e+01  7.04370359e+07  2.02843800e+12  3.49625590e-27
 2.10000000e+01  6.75185928e+07  2.00833500e+12  3.38494100e-27
 2.11000000e+01  6.54306129e+07  1.99017600e+12  3.31019350e-27
 2.12000000e+01  6.33695951e+07  1.97201700e+12  3.23544600e-27
 2.13000000e+01  6.13355395e+07  1.95385800e+12  3.16069850e-27
 2.14000000e+01  5.93284461e+07  1.93569900e+12  3.08595100e-27
 2.15000000e+01  5.73483148e+07  1.91754000e+12  3.01120350e-27
 2.16000000e+01  5.54031077e+07  1.89965400e+12  2.93645600e-27
 2.17000000e+01  5.34844574e+07  1.88176800e+12  2.86170850e-27
 2.18000000e+01  5.15923639e+07  1.86388200e+12  2.78696100e-27
 2.19000000e+01  4.97268273e+07  1.84599600e+12  2.71221350e-27
 2.20000000e+01  4.78878475e+07  1.82811000e+12  2.63746600e-27
 2.21000000e+01  4.64065127e+07  1.80870000e+12  2.58330850e-27
 2.22000000e+01  4.49460588e+07  1.78929000e+12  2.52915100e-27
 2.23000000e+01  4.35064859e+07  1.76988000e+12  2.47499350e-27
 2.24000000e+01  4.20877940e+07  1.75047000e+12  2.42083600e-27
 2.25000000e+01  4.06899830e+07  1.73106000e+12  2.36667850e-27
 2.26000000e+01  3.93756865e+07  1.71437700e+12  2.31252100e-27
 2.27000000e+01  3.80793373e+07  1.69769400e+12  2.25836350e-27
 2.28000000e+01  3.68009354e+07  1.68101100e+12  2.20420600e-27
 2.29000000e+01  3.55404808e+07  1.66432800e+12  2.15004850e-27
 2.30000000e+01  3.42979734e+07  1.64764500e+12  2.09589100e-27
 2.31000000e+01  3.34076445e+07  1.63524000e+12  2.05697130e-27
 2.32000000e+01  3.25269060e+07  1.62283500e+12  2.01805160e-27
 2.33000000e+01  3.16557577e+07  1.61043000e+12  1.97913190e-27
 2.34000000e+01  3.07941997e+07  1.59802500e+12  1.94021220e-27
 2.35000000e+01  2.99422321e+07  1.58562000e+12  1.90129250e-27
 2.36000000e+01  2.90775473e+07  1.57200900e+12  1.86237280e-27
 2.37000000e+01  2.82233851e+07  1.55839800e+12  1.82345310e-27
 2.38000000e+01  2.73797456e+07  1.54478700e+12  1.78453340e-27
 2.39000000e+01  2.65466288e+07  1.53117600e+12  1.74561370e-27
 2.40000000e+01  2.57240346e+07  1.51756500e+12  1.70669400e-27
 2.41000000e+01  2.49838988e+07  1.50186000e+12  1.67492220e-27
 2.42000000e+01  2.42536746e+07  1.48615500e+12  1.64315040e-27
 2.43000000e+01  2.35333620e+07  1.47045000e+12  1.61137860e-27
 2.44000000e+01  2.28229611e+07  1.45474500e+12  1.57960680e-27
 2.45000000e+01  2.21224718e+07  1.43904000e+12  1.54783500e-27
 2.46000000e+01  2.14672643e+07  1.42568400e+12  1.51606320e-27
 2.47000000e+01  2.08204860e+07  1.41232800e+12  1.48429140e-27
 2.48000000e+01  2.01821368e+07  1.39897200e+12  1.45251960e-27
 2.49000000e+01  1.95522168e+07  1.38561600e+12  1.42074780e-27
 2.50000000e+01  1.89307259e+07  1.37226000e+12  1.38897600e-27
 2.51000000e+01  1.84332332e+07  1.35958800e+12  1.36507990e-27
 2.52000000e+01  1.79417555e+07  1.34691600e+12  1.34118380e-27
 2.53000000e+01  1.74562928e+07  1.33424400e+12  1.31728770e-27
 2.54000000e+01  1.69768451e+07  1.32157200e+12  1.29339160e-27
 2.55000000e+01  1.65034125e+07  1.30890000e+12  1.26949550e-27
 2.56000000e+01  1.60364032e+07  1.29626100e+12  1.24559940e-27
 2.57000000e+01  1.55753933e+07  1.28362200e+12  1.22170330e-27
 2.58000000e+01  1.51203827e+07  1.27098300e+12  1.19780720e-27
 2.59000000e+01  1.46713715e+07  1.25834400e+12  1.17391110e-27
 2.60000000e+01  1.42283597e+07  1.24570500e+12  1.15001500e-27
 2.61000000e+01  1.38608398e+07  1.23294300e+12  1.13190616e-27
 2.62000000e+01  1.34979106e+07  1.22018100e+12  1.11379732e-27
 2.63000000e+01  1.31395721e+07  1.20741900e+12  1.09568848e-27
 2.64000000e+01  1.27858243e+07  1.19465700e+12  1.07757964e-27
 2.65000000e+01  1.24366671e+07  1.18189500e+12  1.05947080e-27
 2.66000000e+01  1.20985545e+07  1.16975700e+12  1.04136196e-27
 2.67000000e+01  1.17648080e+07  1.15761900e+12  1.02325312e-27
 2.68000000e+01  1.14354278e+07  1.14548100e+12  1.00514428e-27
 2.69000000e+01  1.11104138e+07  1.13334300e+12  9.87035440e-28
 2.70000000e+01  1.07897660e+07  1.12120500e+12  9.68926600e-28
 2.71000000e+01  1.05435541e+07  1.11181800e+12  9.54810550e-28
 2.72000000e+01  1.02999744e+07  1.10243100e+12  9.40694500e-28
 2.73000000e+01  1.00590267e+07  1.09304400e+12  9.26578450e-28
 2.74000000e+01  9.82071121e+06  1.08365700e+12  9.12462400e-28
 2.75000000e+01  9.58502781e+06  1.07427000e+12  8.98346350e-28
 2.76000000e+01  9.33450882e+06  1.06289400e+12  8.84230300e-28
 2.77000000e+01  9.08717966e+06  1.05151800e+12  8.70114250e-28
 2.78000000e+01  8.84304035e+06  1.04014200e+12  8.55998200e-28
 2.79000000e+01  8.60209087e+06  1.02876600e+12  8.41882150e-28
 2.80000000e+01  8.36433124e+06  1.01739000e+12  8.27766100e-28
 2.81000000e+01  8.14966636e+06  1.00647300e+12  8.15270220e-28
 2.82000000e+01  7.93771128e+06  9.95556000e+11  8.02774340e-28
 2.83000000e+01  7.72846599e+06  9.84639000e+11  7.90278460e-28
 2.84000000e+01  7.52193050e+06  9.73722000e+11  7.77782580e-28
 2.85000000e+01  7.31810480e+06  9.62805000e+11  7.65286700e-28
 2.86000000e+01  7.12542262e+06  9.53016000e+11  7.52790820e-28
 2.87000000e+01  6.93517025e+06  9.43227000e+11  7.40294940e-28
 2.88000000e+01  6.74734768e+06  9.33438000e+11  7.27799060e-28
 2.89000000e+01  6.56195491e+06  9.23649000e+11  7.15303180e-28
 2.90000000e+01  6.37899195e+06  9.13860000e+11  7.02807300e-28
 2.91000000e+01  6.22215337e+06  9.03066000e+11  6.93721410e-28
 2.92000000e+01  6.06726290e+06  8.92272000e+11  6.84635520e-28
 2.93000000e+01  5.91432056e+06  8.81478000e+11  6.75549630e-28
 2.94000000e+01  5.76332634e+06  8.70684000e+11  6.66463740e-28
 2.95000000e+01  5.61428024e+06  8.59890000e+11  6.57377850e-28
 2.96000000e+01  5.47425210e+06  8.50194000e+11  6.48291960e-28
 2.97000000e+01  5.33597390e+06  8.40498000e+11  6.39206070e-28
 2.98000000e+01  5.19944566e+06  8.30802000e+11  6.30120180e-28
 2.99000000e+01  5.06466737e+06  8.21106000e+11  6.21034290e-28
 3.00000000e+01  4.93163903e+06  8.11410000e+11  6.11948400e-28
 3.01000000e+01  4.83017654e+06  8.03424000e+11  6.05315900e-28
 3.02000000e+01  4.72976619e+06  7.95438000e+11  5.98683400e-28
 3.03000000e+01  4.63040798e+06  7.87452000e+11  5.92050900e-28
 3.04000000e+01  4.53210191e+06  7.79466000e+11  5.85418400e-28
 3.05000000e+01  4.43484797e+06  7.71480000e+11  5.78785900e-28
 3.06000000e+01  4.33402620e+06  7.62681000e+11  5.72153400e-28
 3.07000000e+01  4.23436368e+06  7.53882000e+11  5.65520900e-28
 3.08000000e+01  4.13586041e+06  7.45083000e+11  5.58888400e-28
 3.09000000e+01  4.03851639e+06  7.36284000e+11  5.52255900e-28
 3.10000000e+01  3.94233161e+06  7.27485000e+11  5.45623400e-28
 3.11000000e+01  3.83725268e+06  7.16808000e+11  5.38990900e-28
 3.12000000e+01  3.73358043e+06  7.06131000e+11  5.32358400e-28
 3.13000000e+01  3.63131484e+06  6.95454000e+11  5.25725900e-28
 3.14000000e+01  3.53045593e+06  6.84777000e+11  5.19093400e-28
 3.15000000e+01  3.43100368e+06  6.74100000e+11  5.12460900e-28
 3.16000000e+01  3.34169966e+06  6.65163000e+11  5.05828400e-28
 3.17000000e+01  3.25357307e+06  6.56226000e+11  4.99195900e-28
 3.18000000e+01  3.16662391e+06  6.47289000e+11  4.92563400e-28
 3.19000000e+01  3.08085218e+06  6.38352000e+11  4.85930900e-28
 3.20000000e+01  2.99625788e+06  6.29415000e+11  4.79298400e-28
 3.21000000e+01  2.92896404e+06  6.21816000e+11  4.74259485e-28
 3.22000000e+01  2.86243081e+06  6.14217000e+11  4.69220570e-28
 3.23000000e+01  2.79665818e+06  6.06618000e+11  4.64181655e-28
 3.24000000e+01  2.73164615e+06  5.99019000e+11  4.59142740e-28
 3.25000000e+01  2.66739473e+06  5.91420000e+11  4.54103825e-28
 3.26000000e+01  2.60513491e+06  5.84097000e+11  4.49064910e-28
 3.27000000e+01  2.54360806e+06  5.76774000e+11  4.44025995e-28
 3.28000000e+01  2.48281420e+06  5.69451000e+11  4.38987080e-28
 3.29000000e+01  2.42275332e+06  5.62128000e+11  4.33948165e-28
 3.30000000e+01  2.36342541e+06  5.54805000e+11  4.28909250e-28
 3.31000000e+01  2.29826308e+06  5.45922000e+11  4.23870335e-28
 3.32000000e+01  2.23398988e+06  5.37039000e+11  4.18831420e-28
 3.33000000e+01  2.17060580e+06  5.28156000e+11  4.13792505e-28
 3.34000000e+01  2.10811085e+06  5.19273000e+11  4.08753590e-28
 3.35000000e+01  2.04650502e+06  5.10390000e+11  4.03714675e-28
 3.36000000e+01  1.98596650e+06  5.01552000e+11  3.98675760e-28
 3.37000000e+01  1.92631261e+06  4.92714000e+11  3.93636845e-28
 3.38000000e+01  1.86754333e+06  4.83876000e+11  3.88597930e-28
 3.39000000e+01  1.80965867e+06  4.75038000e+11  3.83559015e-28
 3.40000000e+01  1.75265864e+06  4.66200000e+11  3.78520100e-28
 3.41000000e+01  1.70837474e+06  4.58490000e+11  3.75160540e-28
 3.42000000e+01  1.66460537e+06  4.50780000e+11  3.71800980e-28
 3.43000000e+01  1.62135052e+06  4.43070000e+11  3.68441420e-28
 3.44000000e+01  1.57861019e+06  4.35360000e+11  3.65081860e-28
 3.45000000e+01  1.53638438e+06  4.27650000e+11  3.61722300e-28
 3.46000000e+01  1.48791406e+06  4.18041000e+11  3.58362740e-28
 3.47000000e+01  1.44008500e+06  4.08432000e+11  3.55003180e-28
 3.48000000e+01  1.39289718e+06  3.98823000e+11  3.51643620e-28
 3.49000000e+01  1.34635062e+06  3.89214000e+11  3.48284060e-28
 3.50000000e+01  1.30044530e+06  3.79605000e+11  3.44924500e-28
 3.51000000e+01  1.25464184e+06  3.69837000e+11  3.41564940e-28
 3.52000000e+01  1.20949024e+06  3.60069000e+11  3.38205380e-28
 3.53000000e+01  1.16499049e+06  3.50301000e+11  3.34845820e-28
 3.54000000e+01  1.12114261e+06  3.40533000e+11  3.31486260e-28
 3.55000000e+01  1.07794659e+06  3.30765000e+11  3.28126700e-28
 3.56000000e+01  1.04072463e+06  3.22647000e+11  3.24767140e-28
 3.57000000e+01  1.00404443e+06  3.14529000e+11  3.21407580e-28
 3.58000000e+01  9.67905974e+05  3.06411000e+11  3.18048020e-28
 3.59000000e+01  9.32309267e+05  2.98293000e+11  3.14688460e-28
 3.60000000e+01  8.97254308e+05  2.90175000e+11  3.11328900e-28
 3.61000000e+01  8.64939465e+05  2.82130200e+11  3.08673975e-28
 3.62000000e+01  8.33048884e+05  2.74085400e+11  3.06019050e-28
 3.63000000e+01  8.01582564e+05  2.66040600e+11  3.03364125e-28
 3.64000000e+01  7.70540505e+05  2.57995800e+11  3.00709200e-28
 3.65000000e+01  7.39922708e+05  2.49951000e+11  2.98054275e-28
 3.66000000e+01  7.07334228e+05  2.41089900e+11  2.95399350e-28
 3.67000000e+01  6.75213059e+05  2.32228800e+11  2.92744425e-28
 3.68000000e+01  6.43559201e+05  2.23367700e+11  2.90089500e-28
 3.69000000e+01  6.12372654e+05  2.14506600e+11  2.87434575e-28
 3.70000000e+01  5.81653418e+05  2.05645500e+11  2.84779650e-28
 3.71000000e+01  5.50066592e+05  1.96308000e+11  2.82124725e-28
 3.72000000e+01  5.18972201e+05  1.86970500e+11  2.79469800e-28
 3.73000000e+01  4.88370246e+05  1.77633000e+11  2.76814875e-28
 3.74000000e+01  4.58260725e+05  1.68295500e+11  2.74159950e-28
 3.75000000e+01  4.28643639e+05  1.58958000e+11  2.71505025e-28
 3.76000000e+01  3.99140085e+05  1.49478600e+11  2.68850100e-28
 3.77000000e+01  3.70136450e+05  1.39999200e+11  2.66195175e-28
 3.78000000e+01  3.41632733e+05  1.30519800e+11  2.63540250e-28
 3.79000000e+01  3.13628934e+05  1.21040400e+11  2.60885325e-28
 3.80000000e+01  2.86125055e+05  1.11561000e+11  2.58230400e-28
 3.81000000e+01  2.62574284e+05  1.03040400e+11  2.56571570e-28
 3.82000000e+01  2.39304275e+05  9.45198000e+10  2.54912740e-28
 3.83000000e+01  2.16315028e+05  8.59992000e+10  2.53253910e-28
 3.84000000e+01  1.93606543e+05  7.74786000e+10  2.51595080e-28
 3.85000000e+01  1.71178820e+05  6.89580000e+10  2.49936250e-28
 3.86000000e+01  1.53317548e+05  6.21753900e+10  2.48277420e-28
 3.87000000e+01  1.35679769e+05  5.53927800e+10  2.46618590e-28
 3.88000000e+01  1.18265483e+05  4.86101700e+10  2.44959760e-28
 3.89000000e+01  1.01074691e+05  4.18275600e+10  2.43300930e-28
 3.90000000e+01  8.41073923e+04  3.50449500e+10  2.41642100e-28
 3.91000000e+01  7.27522994e+04  3.05231700e+10  2.39983270e-28
 3.92000000e+01  6.15462035e+04  2.60013900e+10  2.38324440e-28
 3.93000000e+01  5.04891046e+04  2.14796100e+10  2.36665610e-28
 3.94000000e+01  3.95810026e+04  1.69578300e+10  2.35006780e-28
 3.95000000e+01  2.88218976e+04  1.24360500e+10  2.33347950e-28
 3.96000000e+01  2.38493129e+04  1.03641600e+10  2.31689120e-28
 3.97000000e+01  1.89449989e+04  8.29227000e+09  2.30030290e-28
 3.98000000e+01  1.41089556e+04  6.22038000e+09  2.28371460e-28
 3.99000000e+01  9.34118309e+03  4.14849000e+09  2.26712630e-28
 4.00000000e+01  4.64168134e+03  2.07660000e+09  2.25053800e-28
 4.01000000e+01  3.68893616e+03  1.66128000e+09  2.23574455e-28
 4.02000000e+01  2.74839544e+03  1.24596000e+09  2.22095110e-28
 4.03000000e+01  1.82005917e+03  8.30640000e+08  2.20615765e-28
 4.04000000e+01  9.03927356e+02  4.15320000e+08  2.19136420e-28
 4.05000000e+01  0.00000000e+00  0.00000000e+00  2.17657075e-28
 4.06000000e+01  0.00000000e+00  0.00000000e+00  2.16177730e-28
 4.07000000e+01  0.00000000e+00  0.00000000e+00  2.14698385e-28
 4.08000000e+01  0.00000000e+00  0.00000000e+00  2.13219040e-28
 4.09000000e+01  0.00000000e+00  0.00000000e+00  2.11739695e-28
 4.10000000e+01  0.00000000e+00  0.00000000e+00  2.10260350e-28
 4.11000000e+01  0.00000000e+00  0.00000000e+00  2.08781005e-28
 4.12000000e+01  0.00000000e+00  0.00000000e+00  2.07301660e-28
 4.13000000e+01  0.00000000e+00  0.00000000e+00  2.05822315e-28
 4.14000000e+01  0.00000000e+00  0.00000000e+00  2.04342970e-28
 4.15000000e+01  0.00000000e+00  0.00000000e+00  2.02863625e-28
 4.16000000e+01  0.00000000e+00  0.00000000e+00  2.01384280e-28
 4.17000000e+01  0.00000000e+00  0.00000000e+00  1.99904935e-28
 4.18000000e+01  0.00000000e+00  0.00000000e+00  1.98425590e-28
 4.19000000e+01  0.00000000e+00  0.00000000e+00  1.96946245e-28
 4.20000000e+01  0.00000000e+00  0.00000000e+00  1.95466900e-28
 4.21000000e+01  0.00000000e+00  0.00000000e+00  1.94360320e-28
 4.22000000e+01  0.00000000e+00  0.00000000e+00  1.93253740e-28
 4.23000000e+01  0.00000000e+00  0.00000000e+00  1.92147160e-28
 4.24000000e+01  0.00000000e+00  0.00000000e+00  1.91040580e-28
 4.25000000e+01  0.00000000e+00  0.00000000e+00  1.89934000e-28
 4.26000000e+01  0.00000000e+00  0.00000000e+00  1.88827420e-28
 4.27000000e+01  0.00000000e+00  0.00000000e+00  1.87720840e-28
 4.28000000e+01  0.00000000e+00  0.00000000e+00  1.86614260e-28
 4.29000000e+01  0.00000000e+00  0.00000000e+00  1.85507680e-28
 4.30000000e+01  0.00000000e+00  0.00000000e+00  1.84401100e-28
 4.31000000e+01  0.00000000e+00  0.00000000e+00  1.83294520e-28
 4.32000000e+01  0.00000000e+00  0.00000000e+00  1.82187940e-28
 4.33000000e+01  0.00000000e+00  0.00000000e+00  1.81081360e-28
 4.34000000e+01  0.00000000e+00  0.00000000e+00  1.79974780e-28
 4.35000000e+01  0.00000000e+00  0.00000000e+00  1.78868200e-28
 4.36000000e+01  0.00000000e+00  0.00000000e+00  1.77761620e-28
 4.37000000e+01  0.00000000e+00  0.00000000e+00  1.76655040e-28
 4.38000000e+01  0.00000000e+00  0.00000000e+00  1.75548460e-28
 4.39000000e+01  0.00000000e+00  0.00000000e+00  1.74441880e-28
 4.40000000e+01  0.00000000e+00  0.00000000e+00  1.73335300e-28
 4.41000000e+01  0.00000000e+00  0.00000000e+00  1.72441315e-28
 4.42000000e+01  0.00000000e+00  0.00000000e+00  1.71547330e-28
 4.43000000e+01  0.00000000e+00  0.00000000e+00  1.70653345e-28
 4.44000000e+01  0.00000000e+00  0.00000000e+00  1.69759360e-28
 4.45000000e+01  0.00000000e+00  0.00000000e+00  1.68865375e-28
 4.46000000e+01  0.00000000e+00  0.00000000e+00  1.67971390e-28
 4.47000000e+01  0.00000000e+00  0.00000000e+00  1.67077405e-28
 4.48000000e+01  0.00000000e+00  0.00000000e+00  1.66183420e-28
 4.49000000e+01  0.00000000e+00  0.00000000e+00  1.65289435e-28
 4.50000000e+01  0.00000000e+00  0.00000000e+00  1.64395450e-28
 4.51000000e+01  0.00000000e+00  0.00000000e+00  1.63501465e-28
 4.52000000e+01  0.00000000e+00  0.00000000e+00  1.62607480e-28
 4.53000000e+01  0.00000000e+00  0.00000000e+00  1.61713495e-28
 4.54000000e+01  0.00000000e+00  0.00000000e+00  1.60819510e-28
 4.55000000e+01  0.00000000e+00  0.00000000e+00  1.59925525e-28
 4.56000000e+01  0.00000000e+00  0.00000000e+00  1.59031540e-28
 4.57000000e+01  0.00000000e+00  0.00000000e+00  1.58137555e-28
 4.58000000e+01  0.00000000e+00  0.00000000e+00  1.57243570e-28
 4.59000000e+01  0.00000000e+00  0.00000000e+00  1.56349585e-28
 4.60000000e+01  0.00000000e+00  0.00000000e+00  1.55455600e-28
 4.61000000e+01  0.00000000e+00  0.00000000e+00  1.54835485e-28
 4.62000000e+01  0.00000000e+00  0.00000000e+00  1.54215370e-28
 4.63000000e+01  0.00000000e+00  0.00000000e+00  1.53595255e-28
 4.64000000e+01  0.00000000e+00  0.00000000e+00  1.52975140e-28
 4.65000000e+01  0.00000000e+00  0.00000000e+00  1.52355025e-28
 4.66000000e+01  0.00000000e+00  0.00000000e+00  1.51734910e-28
 4.67000000e+01  0.00000000e+00  0.00000000e+00  1.51114795e-28
 4.68000000e+01  0.00000000e+00  0.00000000e+00  1.50494680e-28
 4.69000000e+01  0.00000000e+00  0.00000000e+00  1.49874565e-28
 4.70000000e+01  0.00000000e+00  0.00000000e+00  1.49254450e-28
 4.71000000e+01  0.00000000e+00  0.00000000e+00  1.48634335e-28
 4.72000000e+01  0.00000000e+00  0.00000000e+00  1.48014220e-28
 4.73000000e+01  0.00000000e+00  0.00000000e+00  1.47394105e-28
 4.74000000e+01  0.00000000e+00  0.00000000e+00  1.46773990e-28
 4.75000000e+01  0.00000000e+00  0.00000000e+00  1.46153875e-28
 4.76000000e+01  0.00000000e+00  0.00000000e+00  1.45533760e-28
 4.77000000e+01  0.00000000e+00  0.00000000e+00  1.44913645e-28
 4.78000000e+01  0.00000000e+00  0.00000000e+00  1.44293530e-28
 4.79000000e+01  0.00000000e+00  0.00000000e+00  1.43673415e-28
 4.80000000e+01  0.00000000e+00  0.00000000e+00  1.43053300e-28
 4.81000000e+01  0.00000000e+00  0.00000000e+00  1.42414940e-28
 4.82000000e+01  0.00000000e+00  0.00000000e+00  1.41776580e-28
 4.83000000e+01  0.00000000e+00  0.00000000e+00  1.41138220e-28
 4.84000000e+01  0.00000000e+00  0.00000000e+00  1.40499860e-28
 4.85000000e+01  0.00000000e+00  0.00000000e+00  1.39861500e-28
 4.86000000e+01  0.00000000e+00  0.00000000e+00  1.39223140e-28
 4.87000000e+01  0.00000000e+00  0.00000000e+00  1.38584780e-28
 4.88000000e+01  0.00000000e+00  0.00000000e+00  1.37946420e-28
 4.89000000e+01  0.00000000e+00  0.00000000e+00  1.37308060e-28
 4.90000000e+01  0.00000000e+00  0.00000000e+00  1.36669700e-28
 4.91000000e+01  0.00000000e+00  0.00000000e+00  1.36031340e-28
 4.92000000e+01  0.00000000e+00  0.00000000e+00  1.35392980e-28
 4.93000000e+01  0.00000000e+00  0.00000000e+00  1.34754620e-28
 4.94000000e+01  0.00000000e+00  0.00000000e+00  1.34116260e-28
 4.95000000e+01  0.00000000e+00  0.00000000e+00  1.33477900e-28
 4.96000000e+01  0.00000000e+00  0.00000000e+00  1.32839540e-28
 4.97000000e+01  0.00000000e+00  0.00000000e+00  1.32201180e-28
 4.98000000e+01  0.00000000e+00  0.00000000e+00  1.31562820e-28
 4.99000000e+01  0.00000000e+00  0.00000000e+00  1.30924460e-28
 5.00000000e+01  0.00000000e+00  0.00000000e+00  1.30286100e-28
