# energy(MeV) dYield(atoms/MeV/s) photonFlux(photons/MeV/uA/s) crossSection(mb)
# 501 4
# 501 4
 0.00000000e+00  0.00000000e+00  7.54980000e+13  0.00000000e+00
 1.00000000e-01  0.00000000e+00  7.49268000e+13  0.00000000e+00
 2.00000000e-01  0.00000000e+00  7.43556000e+13  0.00000000e+00
 3.00000000e-01  0.00000000e+00  7.37844000e+13  0.00000000e+00
 4.00000000e-01  0.00000000e+00  7.32132000e+13  0.00000000e+00
 5.00000000e-01  0.00000000e+00  7.26420000e+13  0.00000000e+00
 6.00000000e-01  0.00000000e+00  6.89163000e+13  0.00000000e+00
 7.00000000e-01  0.00000000e+00  6.51906000e+13  0.00000000e+00
 8.00000000e-01  0.00000000e+00  6.14649000e+13  0.00000000e+00
 9.00000000e-01  0.00000000e+00  5.77392000e+13  0.00000000e+00
 1.00000000e+00  0.00000000e+00  5.40135000e+13  0.00000000e+00
 1.10000000e+00  0.00000000e+00  4.96799100e+13  0.00000000e+00
 1.20000000e+00  0.00000000e+00  4.53463200e+13  0.00000000e+00
 1.30000000e+00  0.00000000e+00  4.10127300e+13  0.00000000e+00
 1.40000000e+00  0.00000000e+00  3.66791400e+13  0.00000000e+00
 1.50000000e+00  0.00000000e+00  3.23455500e+13  0.00000000e+00
 1.60000000e+00  0.00000000e+00  3.04973100e+13  0.00000000e+00
 1.70000000e+00  0.00000000e+00  2.86490700e+13  0.00000000e+00
 1.80000000e+00  0.00000000e+00  2.68008300e+13  0.00000000e+00
 1.90000000e+00  0.00000000e+00  2.49525900e+13  0.00000000e+00
 2.00000000e+00  0.00000000e+00  2.31043500e+13  0.00000000e+00
 2.10000000e+00  0.00000000e+00  2.20080900e+13  0.00000000e+00
 2.20000000e+00  0.00000000e+00  2.09118300e+13  0.00000000e+00
 2.30000000e+00  0.00000000e+00  1.98155700e+13  0.00000000e+00
 2.40000000e+00  0.00000000e+00  1.87193100e+13  0.00000000e+00
 2.50000000e+00  0.00000000e+00  1.76230500e+13  0.00000000e+00
 2.60000000e+00  0.00000000e+00  1.69064400e+13  0.00000000e+00
 2.70000000e+00  0.00000000e+00  1.61898300e+13  0.00000000e+00
 2.80000000e+00  0.00000000e+00  1.54732200e+13  0.00000000e+00
 2.90000000e+00  0.00000000e+00  1.47566100e+13  0.00000000e+00
 3.00000000e+00  0.00000000e+00  1.40400000e+13  0.00000000e+00
 3.10000000e+00  0.00000000e+00  1.35400200e+13  0.00000000e+00
 3.20000000e+00  0.00000000e+00  1.30400400e+13  0.00000000e+00
 3.30000000e+00  0.00000000e+00  1.25400600e+13  0.00000000e+00
 3.40000000e+00  0.00000000e+00  1.20400800e+13  0.00000000e+00
 3.50000000e+00  0.00000000e+00  1.15401000e+13  0.00000000e+00
 3.60000000e+00  0.00000000e+00  1.11721800e+13  0.00000000e+00
 3.70000000e+00  0.00000000e+00  1.08042600e+13  0.00000000e+00
 3.80000000e+00  0.00000000e+00  1.04363400e+13  0.00000000e+00
 3.90000000e+00  0.00000000e+00  1.00684200e+13  0.00000000e+00
 4.00000000e+00  0.00000000e+00  9.70050000e+12  0.00000000e+00
 4.10000000e+00  0.00000000e+00  9.41988000e+12  0.00000000e+00
 4.20000000e+00  0.00000000e+00  9.13926000e+12  0.00000000e+00
 4.30000000e+00  0.00000000e+00  8.85864000e+12  0.00000000e+00
 4.40000000e+00  0.00000000e+00  8.57802000e+12  0.00000000e+00
 4.50000000e+00  0.00000000e+00  8.29740000e+12  0.00000000e+00
 4.60000000e+00  0.00000000e+00  8.07849000e+12  0.00000000e+00
 4.70000000e+00  0.00000000e+00  7.85958000e+12  0.00000000e+00
 4.80000000e+00  0.00000000e+00  7.64067000e+12  0.00000000e+00
 4.90000000e+00  0.00000000e+00  7.42176000e+12  0.00000000e+00
 5.00000000e+00  0.00000000e+00  7.20285000e+12  0.00000000e+00
 5.10000000e+00  0.00000000e+00  7.02924000e+12  0.00000000e+00
 5.20000000e+00  0.00000000e+00  6.85563000e+12  0.00000000e+00
 5.30000000e+00  0.00000000e+00  6.68202000e+12  0.00000000e+00
 5.40000000e+00  0.00000000e+00  6.50841000e+12  0.00000000e+00
 5.50000000e+00  0.00000000e+00  6.33480000e+12  0.00000000e+00
 5.60000000e+00  0.00000000e+00  6.18888000e+12  0.00000000e+00
 5.70000000e+00  0.00000000e+00  6.04296000e+12  0.00000000e+00
 5.80000000e+00  0.00000000e+00  5.89704000e+12  0.00000000e+00
 5.90000000e+00  0.00000000e+00  5.75112000e+12  0.00000000e+00
 6.00000000e+00  0.00000000e+00  5.60520000e+12  0.00000000e+00
 6.10000000e+00  0.00000000e+00  5.48274000e+12  0.00000000e+00
 6.20000000e+00  0.00000000e+00  5.36028000e+12  0.00000000e+00
 6.30000000e+00  0.00000000e+00  5.23782000e+12  0.00000000e+00
 6.40000000e+00  0.00000000e+00  5.11536000e+12  0.00000000e+00
 6.50000000e+00  0.00000000e+00  4.99290000e+12  0.00000000e+00
 6.60000000e+00  6.18232973e+08  4.89186000e+12  1.27245380e-26
 6.70000000e+00  6.53416000e+08  4.79082000e+12  1.37323160e-26
 6.80000000e+00  6.86576359e+08  4.68978000e+12  1.47400940e-26
 6.90000000e+00  7.17714052e+08  4.58874000e+12  1.57478720e-26
 7.00000000e+00  7.46829078e+08  4.48770000e+12  1.67556500e-26
 7.10000000e+00  7.79917673e+08  4.40241000e+12  1.78370140e-26
 7.20000000e+00  8.11174223e+08  4.31712000e+12  1.89183780e-26
 7.30000000e+00  8.40598727e+08  4.23183000e+12  1.99997420e-26
 7.40000000e+00  8.68191187e+08  4.14654000e+12  2.10811060e-26
 7.50000000e+00  8.93951602e+08  4.06125000e+12  2.21624700e-26
 7.60000000e+00  9.37765899e+08  3.98790000e+12  2.36763120e-26
 7.70000000e+00  9.79374493e+08  3.91455000e+12  2.51901540e-26
 7.80000000e+00  1.01877739e+09  3.84120000e+12  2.67039960e-26
 7.90000000e+00  1.05597458e+09  3.76785000e+12  2.82178380e-26
 8.00000000e+00  1.09096607e+09  3.69450000e+12  2.97316800e-26
 8.10000000e+00  1.15092517e+09  3.63039000e+12  3.19196180e-26
 8.20000000e+00  1.20809799e+09  3.56628000e+12  3.41075560e-26
 8.30000000e+00  1.26248451e+09  3.50217000e+12  3.62954940e-26
 8.40000000e+00  1.31408473e+09  3.43806000e+12  3.84834320e-26
 8.50000000e+00  1.36289866e+09  3.37395000e+12  4.06713700e-26
 8.60000000e+00  1.44612974e+09  3.31846800e+12  4.38766540e-26
 8.70000000e+00  1.52582829e+09  3.26298600e+12  4.70819380e-26
 8.80000000e+00  1.60199433e+09  3.20750400e+12  5.02872220e-26
 8.90000000e+00  1.67462784e+09  3.15202200e+12  5.34925060e-26
 9.00000000e+00  1.74372883e+09  3.09654000e+12  5.66977900e-26
 9.10000000e+00  1.85872127e+09  3.04679400e+12  6.14235700e-26
 9.20000000e+00  1.96904391e+09  2.99704800e+12  6.61493500e-26
 9.30000000e+00  2.07469676e+09  2.94730200e+12  7.08751300e-26
 9.40000000e+00  2.17567982e+09  2.89755600e+12  7.56009100e-26
 9.50000000e+00  2.27199308e+09  2.84781000e+12  8.03266900e-26
 9.60000000e+00  2.43120038e+09  2.80368900e+12  8.73081520e-26
 9.70000000e+00  2.58428901e+09  2.75956800e+12  9.42896140e-26
 9.80000000e+00  2.73125895e+09  2.71544700e+12  1.01271076e-25
 9.90000000e+00  2.87211021e+09  2.67132600e+12  1.08252538e-25
 1.00000000e+01  3.00684279e+09  2.62720500e+12  1.15234000e-25
 1.01000000e+01  3.22593614e+09  2.58754200e+12  1.25525580e-25
 1.02000000e+01  3.43692113e+09  2.54787900e+12  1.35817160e-25
 1.03000000e+01  3.63979774e+09  2.50821600e+12  1.46108740e-25
 1.04000000e+01  3.83456598e+09  2.46855300e+12  1.56400320e-25
 1.05000000e+01  4.02122585e+09  2.42889000e+12  1.66691900e-25
 1.06000000e+01  4.30953821e+09  2.39385300e+12  1.81257980e-25
 1.07000000e+01  4.58771296e+09  2.35881600e+12  1.95824060e-25
 1.08000000e+01  4.85575009e+09  2.32377900e+12  2.10390140e-25
 1.09000000e+01  5.11364962e+09  2.28874200e+12  2.24956220e-25
 1.10000000e+01  5.36141152e+09  2.25370500e+12  2.39522300e-25
 1.11000000e+01  5.63863919e+09  2.22160800e+12  2.55546980e-25
 1.12000000e+01  5.90564994e+09  2.18951100e+12  2.71571660e-25
 1.13000000e+01  6.16244377e+09  2.15741400e+12  2.87596340e-25
 1.14000000e+01  6.40902068e+09  2.12531700e+12  3.03621020e-25
 1.15000000e+01  6.64538067e+09  2.09322000e+12  3.19645700e-25
 1.16000000e+01  6.37668784e+09  2.06249400e+12  3.11290840e-25
 1.17000000e+01  6.11309431e+09  2.03176800e+12  3.02935980e-25
 1.18000000e+01  5.85460009e+09  2.00104200e+12  2.94581120e-25
 1.19000000e+01  5.60120518e+09  1.97031600e+12  2.86226260e-25
 1.20000000e+01  5.35290958e+09  1.93959000e+12  2.77871400e-25
 1.21000000e+01  4.98189852e+09  1.91321700e+12  2.62176960e-25
 1.22000000e+01  4.61910934e+09  1.88684400e+12  2.46482520e-25
 1.23000000e+01  4.26454205e+09  1.86047100e+12  2.30788080e-25
 1.24000000e+01  3.91819664e+09  1.83409800e+12  2.15093640e-25
 1.25000000e+01  3.58007313e+09  1.80772500e+12  1.99399200e-25
 1.26000000e+01  3.32170776e+09  1.78557600e+12  1.87303960e-25
 1.27000000e+01  3.06866390e+09  1.76342700e+12  1.75208720e-25
 1.28000000e+01  2.82094155e+09  1.74127800e+12  1.63113480e-25
 1.29000000e+01  2.57854071e+09  1.71912900e+12  1.51018240e-25
 1.30000000e+01  2.34146138e+09  1.69698000e+12  1.38923000e-25
 1.31000000e+01  2.17605005e+09  1.67556300e+12  1.30759122e-25
 1.32000000e+01  2.01411184e+09  1.65414600e+12  1.22595244e-25
 1.33000000e+01  1.85564677e+09  1.63272900e+12  1.14431366e-25
 1.34000000e+01  1.70065483e+09  1.61131200e+12  1.06267488e-25
 1.35000000e+01  1.54913603e+09  1.58989500e+12  9.81036100e-26
 1.36000000e+01  1.45824929e+09  1.56945900e+12  9.35504060e-26
 1.37000000e+01  1.36921088e+09  1.54902300e+12  8.89972020e-26
 1.38000000e+01  1.28202080e+09  1.52858700e+12  8.44439980e-26
 1.39000000e+01  1.19667904e+09  1.50815100e+12  7.98907940e-26
 1.40000000e+01  1.11318562e+09  1.48771500e+12  7.53375900e-26
 1.41000000e+01  1.05751921e+09  1.47040800e+12  7.24126240e-26
 1.42000000e+01  1.00285836e+09  1.45310100e+12  6.94876580e-26
 1.43000000e+01  9.49203069e+08  1.43579400e+12  6.65626920e-26
 1.44000000e+01  8.96553343e+08  1.41848700e+12  6.36377260e-26
 1.45000000e+01  8.44909179e+08  1.40118000e+12  6.07127600e-26
 1.46000000e+01  7.99951660e+08  1.38510000e+12  5.81495680e-26
 1.47000000e+01  7.55812857e+08  1.36902000e+12  5.55863760e-26
 1.48000000e+01  7.12492771e+08  1.35294000e+12  5.30231840e-26
 1.49000000e+01  6.69991400e+08  1.33686000e+12  5.04599920e-26
 1.50000000e+01  6.28308746e+08  1.32078000e+12  4.78968000e-26
 1.51000000e+01  5.91032803e+08  1.30486200e+12  4.56048340e-26
 1.52000000e+01  5.54481567e+08  1.28894400e+12  4.33128680e-26
 1.53000000e+01  5.18655039e+08  1.27302600e+12  4.10209020e-26
 1.54000000e+01  4.83553218e+08  1.25710800e+12  3.87289360e-26
 1.55000000e+01  4.49176105e+08  1.24119000e+12  3.64369700e-26
 1.56000000e+01  4.20221033e+08  1.22578800e+12  3.45164640e-26
 1.57000000e+01  3.91853530e+08  1.21038600e+12  3.25959580e-26
 1.58000000e+01  3.64073596e+08  1.19498400e+12  3.06754520e-26
 1.59000000e+01  3.36881231e+08  1.17958200e+12  2.87549460e-26
 1.60000000e+01  3.10276435e+08  1.16418000e+12  2.68344400e-26
 1.61000000e+01  2.90791540e+08  1.15113900e+12  2.54341880e-26
 1.62000000e+01  2.71669374e+08  1.13809800e+12  2.40339360e-26
 1.63000000e+01  2.52909939e+08  1.12505700e+12  2.26336840e-26
 1.64000000e+01  2.34513233e+08  1.11201600e+12  2.12334320e-26
 1.65000000e+01  2.16479257e+08  1.09897500e+12  1.98331800e-26
 1.66000000e+01  2.03483332e+08  1.08734100e+12  1.88419980e-26
 1.67000000e+01  1.90716466e+08  1.07570700e+12  1.78508160e-26
 1.68000000e+01  1.78178660e+08  1.06407300e+12  1.68596340e-26
 1.69000000e+01  1.65869913e+08  1.05243900e+12  1.58684520e-26
 1.70000000e+01  1.53790227e+08  1.04080500e+12  1.48772700e-26
 1.71000000e+01  1.45230443e+08  1.02858000e+12  1.42161980e-26
 1.72000000e+01  1.36831192e+08  1.01635500e+12  1.35551260e-26
 1.73000000e+01  1.28592473e+08  1.00413000e+12  1.28940540e-26
 1.74000000e+01  1.20514288e+08  9.91905000e+11  1.22329820e-26
 1.75000000e+01  1.12596635e+08  9.79680000e+11  1.15719100e-26
 1.76000000e+01  1.06753468e+08  9.68367000e+11  1.10995632e-26
 1.77000000e+01  1.01016447e+08  9.57054000e+11  1.06272164e-26
 1.78000000e+01  9.53855724e+07  9.45741000e+11  1.01548696e-26
 1.79000000e+01  8.98608441e+07  9.34428000e+11  9.68252280e-27
 1.80000000e+01  8.44422622e+07  9.23115000e+11  9.21017600e-27
 1.81000000e+01  8.04483978e+07  9.13512000e+11  8.86680220e-27
 1.82000000e+01  7.65200332e+07  9.03909000e+11  8.52342840e-27
 1.83000000e+01  7.26571685e+07  8.94306000e+11  8.18005460e-27
 1.84000000e+01  6.88598036e+07  8.84703000e+11  7.83668080e-27
 1.85000000e+01  6.51279385e+07  8.75100000e+11  7.49330700e-27
 1.86000000e+01  6.22973979e+07  8.66139000e+11  7.24179440e-27
 1.87000000e+01  5.95116268e+07  8.57178000e+11  6.99028180e-27
 1.88000000e+01  5.67706251e+07  8.48217000e+11  6.73876920e-27
 1.89000000e+01  5.40743930e+07  8.39256000e+11  6.48725660e-27
 1.90000000e+01  5.14229304e+07  8.30295000e+11  6.23574400e-27
 1.91000000e+01  4.92960568e+07  8.21427000e+11  6.04236680e-27
 1.92000000e+01  4.72032473e+07  8.12559000e+11  5.84898960e-27
 1.93000000e+01  4.51445018e+07  8.03691000e+11  5.65561240e-27
 1.94000000e+01  4.31198205e+07  7.94823000e+11  5.46223520e-27
 1.95000000e+01  4.11292033e+07  7.85955000e+11  5.26885800e-27
 1.96000000e+01  3.94924472e+07  7.77423000e+11  5.11470440e-27
 1.97000000e+01  3.78818169e+07  7.68891000e+11  4.96055080e-27
 1.98000000e+01  3.62973125e+07  7.60359000e+11  4.80639720e-27
 1.99000000e+01  3.47389340e+07  7.51827000e+11  4.65224360e-27
 2.00000000e+01  3.32066813e+07  7.43295000e+11  4.49809000e-27
 2.01000000e+01  3.20428474e+07  7.35444000e+11  4.38677510e-27
 2.02000000e+01  3.08963732e+07  7.27593000e+11  4.27546020e-27
 2.03000000e+01  2.97672588e+07  7.19742000e+11  4.16414530e-27
 2.04000000e+01  2.86555042e+07  7.11891000e+11  4.05283040e-27
 2.05000000e+01  2.75611094e+07  7.04040000e+11  3.94151550e-27
 2.06000000e+01  2.65034755e+07  6.96699000e+11  3.83020060e-27
 2.07000000e+01  2.54620738e+07  6.89358000e+11  3.71888570e-27
 2.08000000e+01  2.44369041e+07  6.82017000e+11  3.60757080e-27
 2.09000000e+01  2.34279666e+07  6.74676000e+11  3.49625590e-27
 2.10000000e+01  2.24352611e+07  6.67335000e+11  3.38494100e-27
 2.11000000e+01  2.17029273e+07  6.60129000e+11  3.31019350e-27
 2.12000000e+01  2.09812928e+07  6.52923000e+11  3.23544600e-27
 2.13000000e+01  2.02703577e+07  6.45717000e+11  3.16069850e-27
 2.14000000e+01  1.95701219e+07  6.38511000e+11  3.08595100e-27
 2.15000000e+01  1.88805855e+07  6.31305000e+11  3.01120350e-27
 2.16000000e+01  1.82149601e+07  6.24552000e+11  2.93645600e-27
 2.17000000e+01  1.75593614e+07  6.17799000e+11  2.86170850e-27
 2.18000000e+01  1.69137894e+07  6.11046000e+11  2.78696100e-27
 2.19000000e+01  1.62782442e+07  6.04293000e+11  2.71221350e-27
 2.20000000e+01  1.56527257e+07  5.97540000e+11  2.63746600e-27
 2.21000000e+01  1.51629759e+07  5.90979000e+11  2.58330850e-27
 2.22000000e+01  1.46802843e+07  5.84418000e+11  2.52915100e-27
 2.23000000e+01  1.42046508e+07  5.77857000e+11  2.47499350e-27
 2.24000000e+01  1.37360757e+07  5.71296000e+11  2.42083600e-27
 2.25000000e+01  1.32745587e+07  5.64735000e+11  2.36667850e-27
 2.26000000e+01  1.28071460e+07  5.57610000e+11  2.31252100e-27
 2.27000000e+01  1.23473983e+07  5.50485000e+11  2.25836350e-27
 2.28000000e+01  1.18953155e+07  5.43360000e+11  2.20420600e-27
 2.29000000e+01  1.14508977e+07  5.36235000e+11  2.15004850e-27
 2.30000000e+01  1.10141449e+07  5.29110000e+11  2.09589100e-27
 2.31000000e+01  1.06953739e+07  5.23518000e+11  2.05697130e-27
 2.32000000e+01  1.03809262e+07  5.17926000e+11  2.01805160e-27
 2.33000000e+01  1.00708016e+07  5.12334000e+11  1.97913190e-27
 2.34000000e+01  9.76500015e+06  5.06742000e+11  1.94021220e-27
 2.35000000e+01  9.46352190e+06  5.01150000e+11  1.90129250e-27
 2.36000000e+01  9.18823036e+06  4.96740000e+11  1.86237280e-27
 2.37000000e+01  8.91634819e+06  4.92330000e+11  1.82345310e-27
 2.38000000e+01  8.64787539e+06  4.87920000e+11  1.78453340e-27
 2.39000000e+01  8.38281196e+06  4.83510000e+11  1.74561370e-27
 2.40000000e+01  8.12115790e+06  4.79100000e+11  1.70669400e-27
 2.41000000e+01  7.88608266e+06  4.74057000e+11  1.67492220e-27
 2.42000000e+01  7.65419012e+06  4.69014000e+11  1.64315040e-27
 2.43000000e+01  7.42548030e+06  4.63971000e+11  1.61137860e-27
 2.44000000e+01  7.19995318e+06  4.58928000e+11  1.57960680e-27
 2.45000000e+01  6.97760877e+06  4.53885000e+11  1.54783500e-27
 2.46000000e+01  6.75496878e+06  4.48611000e+11  1.51606320e-27
 2.47000000e+01  6.53565729e+06  4.43337000e+11  1.48429140e-27
 2.48000000e+01  6.31967430e+06  4.38063000e+11  1.45251960e-27
 2.49000000e+01  6.10701980e+06  4.32789000e+11  1.42074780e-27
 2.50000000e+01  5.89769380e+06  4.27515000e+11  1.38897600e-27
 2.51000000e+01  5.73204585e+06  4.22781000e+11  1.36507990e-27
 2.52000000e+01  5.56864499e+06  4.18047000e+11  1.34118380e-27
 2.53000000e+01  5.40749123e+06  4.13313000e+11  1.31728770e-27
 2.54000000e+01  5.24858457e+06  4.08579000e+11  1.29339160e-27
 2.55000000e+01  5.09192500e+06  4.03845000e+11  1.26949550e-27
 2.56000000e+01  4.94196618e+06  3.99471000e+11  1.24559940e-27
 2.57000000e+01  4.79408358e+06  3.95097000e+11  1.22170330e-27
 2.58000000e+01  4.64827719e+06  3.90723000e+11  1.19780720e-27
 2.59000000e+01  4.50454701e+06  3.86349000e+11  1.17391110e-27
 2.60000000e+01  4.36289305e+06  3.81975000e+11  1.15001500e-27
 2.61000000e+01  4.24286094e+06  3.77409000e+11  1.13190616e-27
 2.62000000e+01  4.12447128e+06  3.72843000e+11  1.11379732e-27
 2.63000000e+01  4.00772408e+06  3.68277000e+11  1.09568848e-27
 2.64000000e+01  3.89261933e+06  3.63711000e+11  1.07757964e-27
 2.65000000e+01  3.77915703e+06  3.59145000e+11  1.05947080e-27
 2.66000000e+01  3.67208453e+06  3.55038000e+11  1.04136196e-27
 2.67000000e+01  3.56648937e+06  3.50931000e+11  1.02325312e-27
 2.68000000e+01  3.46237155e+06  3.46824000e+11  1.00514428e-27
 2.69000000e+01  3.35973107e+06  3.42717000e+11  9.87035440e-28
 2.70000000e+01  3.25856794e+06  3.38610000e+11  9.68926600e-28
 2.71000000e+01  3.17237491e+06  3.34527000e+11  9.54810550e-28
 2.72000000e+01  3.08732676e+06  3.30444000e+11  9.40694500e-28
 2.73000000e+01  3.00342349e+06  3.26361000e+11  9.26578450e-28
 2.74000000e+01  2.92066509e+06  3.22278000e+11  9.12462400e-28
 2.75000000e+01  2.83905157e+06  3.18195000e+11  8.98346350e-28
 2.76000000e+01  2.76537241e+06  3.14885100e+11  8.84230300e-28
 2.77000000e+01  2.69262135e+06  3.11575200e+11  8.70114250e-28
 2.78000000e+01  2.62079840e+06  3.08265300e+11  8.55998200e-28
 2.79000000e+01  2.54990354e+06  3.04955400e+11  8.41882150e-28
 2.80000000e+01  2.47993678e+06  3.01645500e+11  8.27766100e-28
 2.81000000e+01  2.41011654e+06  2.97646200e+11  8.15270220e-28
 2.82000000e+01  2.34128900e+06  2.93646900e+11  8.02774340e-28
 2.83000000e+01  2.27345416e+06  2.89647600e+11  7.90278460e-28
 2.84000000e+01  2.20661201e+06  2.85648300e+11  7.77782580e-28
 2.85000000e+01  2.14076256e+06  2.81649000e+11  7.65286700e-28
 2.86000000e+01  2.07647105e+06  2.77725300e+11  7.52790820e-28
 2.87000000e+01  2.01315347e+06  2.73801600e+11  7.40294940e-28
 2.88000000e+01  1.95080983e+06  2.69877900e+11  7.27799060e-28
 2.89000000e+01  1.88944011e+06  2.65954200e+11  7.15303180e-28
 2.90000000e+01  1.82904433e+06  2.62030500e+11  7.02807300e-28
 2.91000000e+01  1.78643984e+06  2.59278900e+11  6.93721410e-28
 2.92000000e+01  1.74433197e+06  2.56527300e+11  6.84635520e-28
 2.93000000e+01  1.70272070e+06  2.53775700e+11  6.75549630e-28
 2.94000000e+01  1.66160606e+06  2.51024100e+11  6.66463740e-28
 2.95000000e+01  1.62098802e+06  2.48272500e+11  6.57377850e-28
 2.96000000e+01  1.57702649e+06  2.44924500e+11  6.48291960e-28
 2.97000000e+01  1.53366920e+06  2.41576500e+11  6.39206070e-28
 2.98000000e+01  1.49091618e+06  2.38228500e+11  6.30120180e-28
 2.99000000e+01  1.44876740e+06  2.34880500e+11  6.21034290e-28
 3.00000000e+01  1.40722288e+06  2.31532500e+11  6.11948400e-28
 3.01000000e+01  1.36964060e+06  2.27818200e+11  6.05315900e-28
 3.02000000e+01  1.33254767e+06  2.24103900e+11  5.98683400e-28
 3.03000000e+01  1.29594409e+06  2.20389600e+11  5.92050900e-28
 3.04000000e+01  1.25982986e+06  2.16675300e+11  5.85418400e-28
 3.05000000e+01  1.22420498e+06  2.12961000e+11  5.78785900e-28
 3.06000000e+01  1.19129761e+06  2.09638800e+11  5.72153400e-28
 3.07000000e+01  1.15882793e+06  2.06316600e+11  5.65520900e-28
 3.08000000e+01  1.12679594e+06  2.02994400e+11  5.58888400e-28
 3.09000000e+01  1.09520165e+06  1.99672200e+11  5.52255900e-28
 3.10000000e+01  1.06404505e+06  1.96350000e+11  5.45623400e-28
 3.11000000e+01  1.03588446e+06  1.93505700e+11  5.38990900e-28
 3.12000000e+01  1.00809860e+06  1.90661400e+11  5.32358400e-28
 3.13000000e+01  9.80687468e+05  1.87817100e+11  5.25725900e-28
 3.14000000e+01  9.53651069e+05  1.84972800e+11  5.19093400e-28
 3.15000000e+01  9.26989399e+05  1.82128500e+11  5.12460900e-28
 3.16000000e+01  9.00652724e+05  1.79274300e+11  5.05828400e-28
 3.17000000e+01  8.74692083e+05  1.76420100e+11  4.99195900e-28
 3.18000000e+01  8.49107477e+05  1.73565900e+11  4.92563400e-28
 3.19000000e+01  8.23898905e+05  1.70711700e+11  4.85930900e-28
 3.20000000e+01  7.99066368e+05  1.67857500e+11  4.79298400e-28
 3.21000000e+01  7.77344389e+05  1.65029400e+11  4.74259485e-28
 3.22000000e+01  7.55905483e+05  1.62201300e+11  4.69220570e-28
 3.23000000e+01  7.34749649e+05  1.59373200e+11  4.64181655e-28
 3.24000000e+01  7.13876888e+05  1.56545100e+11  4.59142740e-28
 3.25000000e+01  6.93287200e+05  1.53717000e+11  4.54103825e-28
 3.26000000e+01  6.72454738e+05  1.50771000e+11  4.49064910e-28
 3.27000000e+01  6.51917149e+05  1.47825000e+11  4.44025995e-28
 3.28000000e+01  6.31674434e+05  1.44879000e+11  4.38987080e-28
 3.29000000e+01  6.11726593e+05  1.41933000e+11  4.33948165e-28
 3.30000000e+01  5.92073625e+05  1.38987000e+11  4.28909250e-28
 3.31000000e+01  5.73813045e+05  1.36301700e+11  4.23870335e-28
 3.32000000e+01  5.55821245e+05  1.33616400e+11  4.18831420e-28
 3.33000000e+01  5.38098224e+05  1.30931100e+11  4.13792505e-28
 3.34000000e+01  5.20643982e+05  1.28245800e+11  4.08753590e-28
 3.35000000e+01  5.03458520e+05  1.25560500e+11  4.03714675e-28
 3.36000000e+01  4.86786543e+05  1.22937000e+11  3.98675760e-28
 3.37000000e+01  4.70377159e+05  1.20313500e+11  3.93636845e-28
 3.38000000e+01  4.54230370e+05  1.17690000e+11  3.88597930e-28
 3.39000000e+01  4.38346174e+05  1.15066500e+11  3.83559015e-28
 3.40000000e+01  4.22724571e+05  1.12443000e+11  3.78520100e-28
 3.41000000e+01  4.09062021e+05  1.09783200e+11  3.75160540e-28
 3.42000000e+01  3.95576971e+05  1.07123400e+11  3.71800980e-28
 3.43000000e+01  3.82269420e+05  1.04463600e+11  3.68441420e-28
 3.44000000e+01  3.69139369e+05  1.01803800e+11  3.65081860e-28
 3.45000000e+01  3.56186818e+05  9.91440000e+10  3.61722300e-28
 3.46000000e+01  3.44767842e+05  9.68652000e+10  3.58362740e-28
 3.47000000e+01  3.33500939e+05  9.45864000e+10  3.55003180e-28
 3.48000000e+01  3.22386111e+05  9.23076000e+10  3.51643620e-28
 3.49000000e+01  3.11423357e+05  9.00288000e+10  3.48284060e-28
 3.50000000e+01  3.00612677e+05  8.77500000e+10  3.44924500e-28
 3.51000000e+01  2.90071109e+05  8.55057000e+10  3.41564940e-28
 3.52000000e+01  2.79679312e+05  8.32614000e+10  3.38205380e-28
 3.53000000e+01  2.69437287e+05  8.10171000e+10  3.34845820e-28
 3.54000000e+01  2.59345034e+05  7.87728000e+10  3.31486260e-28
 3.55000000e+01  2.49402552e+05  7.65285000e+10  3.28126700e-28
 3.56000000e+01  2.38912149e+05  7.40679000e+10  3.24767140e-28
 3.57000000e+01  2.28585951e+05  7.16073000e+10  3.21407580e-28
 3.58000000e+01  2.18423960e+05  6.91467000e+10  3.18048020e-28
 3.59000000e+01  2.08426175e+05  6.66861000e+10  3.14688460e-28
 3.60000000e+01  1.98592596e+05  6.42255000e+10  3.11328900e-28
 3.61000000e+01  1.90286241e+05  6.20685000e+10  3.08673975e-28
 3.62000000e+01  1.82093640e+05  5.99115000e+10  3.06019050e-28
 3.63000000e+01  1.74014794e+05  5.77545000e+10  3.03364125e-28
 3.64000000e+01  1.66049702e+05  5.55975000e+10  3.00709200e-28
 3.65000000e+01  1.58198365e+05  5.34405000e+10  2.98054275e-28
 3.66000000e+01  1.49888671e+05  5.10885000e+10  2.95399350e-28
 3.67000000e+01  1.41703016e+05  4.87365000e+10  2.92744425e-28
 3.68000000e+01  1.33641398e+05  4.63845000e+10  2.90089500e-28
 3.69000000e+01  1.25703819e+05  4.40325000e+10  2.87434575e-28
 3.70000000e+01  1.17890279e+05  4.16805000e+10  2.84779650e-28
 3.71000000e+01  1.10504575e+05  3.94369200e+10  2.82124725e-28
 3.72000000e+01  1.03237193e+05  3.71933400e+10  2.79469800e-28
 3.73000000e+01  9.60881304e+04  3.49497600e+10  2.76814875e-28
 3.74000000e+01  8.90573887e+04  3.27061800e+10  2.74159950e-28
 3.75000000e+01  8.21449674e+04  3.04626000e+10  2.71505025e-28
 3.76000000e+01  7.66925699e+04  2.87214900e+10  2.68850100e-28
 3.77000000e+01  7.13319938e+04  2.69803800e+10  2.66195175e-28
 3.78000000e+01  6.60632394e+04  2.52392700e+10  2.63540250e-28
 3.79000000e+01  6.08863064e+04  2.34981600e+10  2.60885325e-28
 3.80000000e+01  5.58011950e+04  2.17570500e+10  2.58230400e-28
 3.81000000e+01  5.07987529e+04  1.99346400e+10  2.56571570e-28
 3.82000000e+01  4.58563610e+04  1.81122300e+10  2.54912740e-28
 3.83000000e+01  4.09740192e+04  1.62898200e+10  2.53253910e-28
 3.84000000e+01  3.61517276e+04  1.44674100e+10  2.51595080e-28
 3.85000000e+01  3.13894861e+04  1.26450000e+10  2.49936250e-28
 3.86000000e+01  2.78383712e+04  1.12893900e+10  2.48277420e-28
 3.87000000e+01  2.43319250e+04  9.93378000e+09  2.46618590e-28
 3.88000000e+01  2.08701475e+04  8.57817000e+09  2.44959760e-28
 3.89000000e+01  1.74530386e+04  7.22256000e+09  2.43300930e-28
 3.90000000e+01  1.40805983e+04  5.86695000e+09  2.41642100e-28
 3.91000000e+01  1.21144811e+04  5.08262100e+09  2.39983270e-28
 3.92000000e+01  1.01742082e+04  4.29829200e+09  2.38324440e-28
 3.93000000e+01  8.25977964e+03  3.51396300e+09  2.36665610e-28
 3.94000000e+01  6.37119552e+03  2.72963400e+09  2.35006780e-28
 3.95000000e+01  4.50845579e+03  1.94530500e+09  2.33347950e-28
 3.96000000e+01  3.70004963e+03  1.60792500e+09  2.31689120e-28
 3.97000000e+01  2.90276047e+03  1.27054500e+09  2.30030290e-28
 3.98000000e+01  2.11658830e+03  9.33165000e+08  2.28371460e-28
 3.99000000e+01  1.34153313e+03  5.95785000e+08  2.26712630e-28
 4.00000000e+01  5.77594947e+02  2.58405000e+08  2.25053800e-28
 4.01000000e+01  4.59038596e+02  2.06724000e+08  2.23574455e-28
 4.02000000e+01  3.42000926e+02  1.55043000e+08  2.22095110e-28
 4.03000000e+01  2.26481936e+02  1.03362000e+08  2.20615765e-28
 4.04000000e+01  1.12481628e+02  5.16810000e+07  2.19136420e-28
 4.05000000e+01  0.00000000e+00  0.00000000e+00  2.17657075e-28
 4.06000000e+01  0.00000000e+00  0.00000000e+00  2.16177730e-28
 4.07000000e+01  0.00000000e+00  0.00000000e+00  2.14698385e-28
 4.08000000e+01  0.00000000e+00  0.00000000e+00  2.13219040e-28
 4.09000000e+01  0.00000000e+00  0.00000000e+00  2.11739695e-28
 4.10000000e+01  0.00000000e+00  0.00000000e+00  2.10260350e-28
 4.11000000e+01  0.00000000e+00  0.00000000e+00  2.08781005e-28
 4.12000000e+01  0.00000000e+00  0.00000000e+00  2.07301660e-28
 4.13000000e+01  0.00000000e+00  0.00000000e+00  2.05822315e-28
 4.14000000e+01  0.00000000e+00  0.00000000e+00  2.04342970e-28
 4.15000000e+01  0.00000000e+00  0.00000000e+00  2.02863625e-28
 4.16000000e+01  0.00000000e+00  0.00000000e+00  2.01384280e-28
 4.17000000e+01  0.00000000e+00  0.00000000e+00  1.99904935e-28
 4.18000000e+01  0.00000000e+00  0.00000000e+00  1.98425590e-28
 4.19000000e+01  0.00000000e+00  0.00000000e+00  1.96946245e-28
 4.20000000e+01  0.00000000e+00  0.00000000e+00  1.95466900e-28
 4.21000000e+01  0.00000000e+00  0.00000000e+00  1.94360320e-28
 4.22000000e+01  0.00000000e+00  0.00000000e+00  1.93253740e-28
 4.23000000e+01  0.00000000e+00  0.00000000e+00  1.92147160e-28
 4.24000000e+01  0.00000000e+00  0.00000000e+00  1.91040580e-28
 4.25000000e+01  0.00000000e+00  0.00000000e+00  1.89934000e-28
 4.26000000e+01  0.00000000e+00  0.00000000e+00  1.88827420e-28
 4.27000000e+01  0.00000000e+00  0.00000000e+00  1.87720840e-28
 4.28000000e+01  0.00000000e+00  0.00000000e+00  1.86614260e-28
 4.29000000e+01  0.00000000e+00  0.00000000e+00  1.85507680e-28
 4.30000000e+01  0.00000000e+00  0.00000000e+00  1.84401100e-28
 4.31000000e+01  0.00000000e+00  0.00000000e+00  1.83294520e-28
 4.32000000e+01  0.00000000e+00  0.00000000e+00  1.82187940e-28
 4.33000000e+01  0.00000000e+00  0.00000000e+00  1.81081360e-28
 4.34000000e+01  0.00000000e+00  0.00000000e+00  1.79974780e-28
 4.35000000e+01  0.00000000e+00  0.00000000e+00  1.78868200e-28
 4.36000000e+01  0.00000000e+00  0.00000000e+00  1.77761620e-28
 4.37000000e+01  0.00000000e+00  0.00000000e+00  1.76655040e-28
 4.38000000e+01  0.00000000e+00  0.00000000e+00  1.75548460e-28
 4.39000000e+01  0.00000000e+00  0.00000000e+00  1.74441880e-28
 4.40000000e+01  0.00000000e+00  0.00000000e+00  1.73335300e-28
 4.41000000e+01  0.00000000e+00  0.00000000e+00  1.72441315e-28
 4.42000000e+01  0.00000000e+00  0.00000000e+00  1.71547330e-28
 4.43000000e+01  0.00000000e+00  0.00000000e+00  1.70653345e-28
 4.44000000e+01  0.00000000e+00  0.00000000e+00  1.69759360e-28
 4.45000000e+01  0.00000000e+00  0.00000000e+00  1.68865375e-28
 4.46000000e+01  0.00000000e+00  0.00000000e+00  1.67971390e-28
 4.47000000e+01  0.00000000e+00  0.00000000e+00  1.67077405e-28
 4.48000000e+01  0.00000000e+00  0.00000000e+00  1.66183420e-28
 4.49000000e+01  0.00000000e+00  0.00000000e+00  1.65289435e-28
 4.50000000e+01  0.00000000e+00  0.00000000e+00  1.64395450e-28
 4.51000000e+01  0.00000000e+00  0.00000000e+00  1.63501465e-28
 4.52000000e+01  0.00000000e+00  0.00000000e+00  1.62607480e-28
 4.53000000e+01  0.00000000e+00  0.00000000e+00  1.61713495e-28
 4.54000000e+01  0.00000000e+00  0.00000000e+00  1.60819510e-28
 4.55000000e+01  0.00000000e+00  0.00000000e+00  1.59925525e-28
 4.56000000e+01  0.00000000e+00  0.00000000e+00  1.59031540e-28
 4.57000000e+01  0.00000000e+00  0.00000000e+00  1.58137555e-28
 4.58000000e+01  0.00000000e+00  0.00000000e+00  1.57243570e-28
 4.59000000e+01  0.00000000e+00  0.00000000e+00  1.56349585e-28
 4.60000000e+01  0.00000000e+00  0.00000000e+00  1.55455600e-28
 4.61000000e+01  0.00000000e+00  0.00000000e+00  1.54835485e-28
 4.62000000e+01  0.00000000e+00  0.00000000e+00  1.54215370e-28
 4.63000000e+01  0.00000000e+00  0.00000000e+00  1.53595255e-28
 4.64000000e+01  0.00000000e+00  0.00000000e+00  1.52975140e-28
 4.65000000e+01  0.00000000e+00  0.00000000e+00  1.52355025e-28
 4.66000000e+01  0.00000000e+00  0.00000000e+00  1.51734910e-28
 4.67000000e+01  0.00000000e+00  0.00000000e+00  1.51114795e-28
 4.68000000e+01  0.00000000e+00  0.00000000e+00  1.50494680e-28
 4.69000000e+01  0.00000000e+00  0.00000000e+00  1.49874565e-28
 4.70000000e+01  0.00000000e+00  0.00000000e+00  1.49254450e-28
 4.71000000e+01  0.00000000e+00  0.00000000e+00  1.48634335e-28
 4.72000000e+01  0.00000000e+00  0.00000000e+00  1.48014220e-28
 4.73000000e+01  0.00000000e+00  0.00000000e+00  1.47394105e-28
 4.74000000e+01  0.00000000e+00  0.00000000e+00  1.46773990e-28
 4.75000000e+01  0.00000000e+00  0.00000000e+00  1.46153875e-28
 4.76000000e+01  0.00000000e+00  0.00000000e+00  1.45533760e-28
 4.77000000e+01  0.00000000e+00  0.00000000e+00  1.44913645e-28
 4.78000000e+01  0.00000000e+00  0.00000000e+00  1.44293530e-28
 4.79000000e+01  0.00000000e+00  0.00000000e+00  1.43673415e-28
 4.80000000e+01  0.00000000e+00  0.00000000e+00  1.43053300e-28
 4.81000000e+01  0.00000000e+00  0.00000000e+00  1.42414940e-28
 4.82000000e+01  0.00000000e+00  0.00000000e+00  1.41776580e-28
 4.83000000e+01  0.00000000e+00  0.00000000e+00  1.41138220e-28
 4.84000000e+01  0.00000000e+00  0.00000000e+00  1.40499860e-28
 4.85000000e+01  0.00000000e+00  0.00000000e+00  1.39861500e-28
 4.86000000e+01  0.00000000e+00  0.00000000e+00  1.39223140e-28
 4.87000000e+01  0.00000000e+00  0.00000000e+00  1.38584780e-28
 4.88000000e+01  0.00000000e+00  0.00000000e+00  1.37946420e-28
 4.89000000e+01  0.00000000e+00  0.00000000e+00  1.37308060e-28
 4.90000000e+01  0.00000000e+00  0.00000000e+00  1.36669700e-28
 4.91000000e+01  0.00000000e+00  0.00000000e+00  1.36031340e-28
 4.92000000e+01  0.00000000e+00  0.00000000e+00  1.35392980e-28
 4.93000000e+01  0.00000000e+00  0.00000000e+00  1.34754620e-28
 4.94000000e+01  0.00000000e+00  0.00000000e+00  1.34116260e-28
 4.95000000e+01  0.00000000e+00  0.00000000e+00  1.33477900e-28
 4.96000000e+01  0.00000000e+00  0.00000000e+00  1.32839540e-28
 4.97000000e+01  0.00000000e+00  0.00000000e+00  1.32201180e-28
 4.98000000e+01  0.00000000e+00  0.00000000e+00  1.31562820e-28
 4.99000000e+01  0.00000000e+00  0.00000000e+00  1.30924460e-28
 5.00000000e+01  0.00000000e+00  0.00000000e+00  1.30286100e-28
