# energy(MeV) dYield(atoms/MeV/s) photonFlux(photons/MeV/uA/s) crossSection(mb)
# 501 4
# 501 4
 0.00000000e+00  0.00000000e+00  5.37660000e+13  0.00000000e+00
 1.00000000e-01  0.00000000e+00  5.48109000e+13  0.00000000e+00
 2.00000000e-01  0.00000000e+00  5.58558000e+13  0.00000000e+00
 3.00000000e-01  0.00000000e+00  5.69007000e+13  0.00000000e+00
 4.00000000e-01  0.00000000e+00  5.79456000e+13  0.00000000e+00
 5.00000000e-01  0.00000000e+00  5.89905000e+13  0.00000000e+00
 6.00000000e-01  0.00000000e+00  5.76105000e+13  0.00000000e+00
 7.00000000e-01  0.00000000e+00  5.62305000e+13  0.00000000e+00
 8.00000000e-01  0.00000000e+00  5.48505000e+13  0.00000000e+00
 9.00000000e-01  0.00000000e+00  5.34705000e+13  0.00000000e+00
 1.00000000e+00  0.00000000e+00  5.20905000e+13  0.00000000e+00
 1.10000000e+00  0.00000000e+00  4.85646900e+13  0.00000000e+00
 1.20000000e+00  0.00000000e+00  4.50388800e+13  0.00000000e+00
 1.30000000e+00  0.00000000e+00  4.15130700e+13  0.00000000e+00
 1.40000000e+00  0.00000000e+00  3.79872600e+13  0.00000000e+00
 1.50000000e+00  0.00000000e+00  3.44614500e+13  0.00000000e+00
 1.60000000e+00  0.00000000e+00  3.26939700e+13  0.00000000e+00
 1.70000000e+00  0.00000000e+00  3.09264900e+13  0.00000000e+00
 1.80000000e+00  0.00000000e+00  2.91590100e+13  0.00000000e+00
 1.90000000e+00  0.00000000e+00  2.73915300e+13  0.00000000e+00
 2.00000000e+00  0.00000000e+00  2.56240500e+13  0.00000000e+00
 2.10000000e+00  0.00000000e+00  2.45193000e+13  0.00000000e+00
 2.20000000e+00  0.00000000e+00  2.34145500e+13  0.00000000e+00
 2.30000000e+00  0.00000000e+00  2.23098000e+13  0.00000000e+00
 2.40000000e+00  0.00000000e+00  2.12050500e+13  0.00000000e+00
 2.50000000e+00  0.00000000e+00  2.01003000e+13  0.00000000e+00
 2.60000000e+00  0.00000000e+00  1.93526400e+13  0.00000000e+00
 2.70000000e+00  0.00000000e+00  1.86049800e+13  0.00000000e+00
 2.80000000e+00  0.00000000e+00  1.78573200e+13  0.00000000e+00
 2.90000000e+00  0.00000000e+00  1.71096600e+13  0.00000000e+00
 3.00000000e+00  0.00000000e+00  1.63620000e+13  0.00000000e+00
 3.10000000e+00  0.00000000e+00  1.58276700e+13  0.00000000e+00
 3.20000000e+00  0.00000000e+00  1.52933400e+13  0.00000000e+00
 3.30000000e+00  0.00000000e+00  1.47590100e+13  0.00000000e+00
 3.40000000e+00  0.00000000e+00  1.42246800e+13  0.00000000e+00
 3.50000000e+00  0.00000000e+00  1.36903500e+13  0.00000000e+00
 3.60000000e+00  0.00000000e+00  1.32945000e+13  0.00000000e+00
 3.70000000e+00  0.00000000e+00  1.28986500e+13  0.00000000e+00
 3.80000000e+00  0.00000000e+00  1.25028000e+13  0.00000000e+00
 3.90000000e+00  0.00000000e+00  1.21069500e+13  0.00000000e+00
 4.00000000e+00  0.00000000e+00  1.17111000e+13  0.00000000e+00
 4.10000000e+00  0.00000000e+00  1.14012900e+13  0.00000000e+00
 4.20000000e+00  0.00000000e+00  1.10914800e+13  0.00000000e+00
 4.30000000e+00  0.00000000e+00  1.07816700e+13  0.00000000e+00
 4.40000000e+00  0.00000000e+00  1.04718600e+13  0.00000000e+00
 4.50000000e+00  0.00000000e+00  1.01620500e+13  0.00000000e+00
 4.60000000e+00  0.00000000e+00  9.91578000e+12  0.00000000e+00
 4.70000000e+00  0.00000000e+00  9.66951000e+12  0.00000000e+00
 4.80000000e+00  0.00000000e+00  9.42324000e+12  0.00000000e+00
 4.90000000e+00  0.00000000e+00  9.17697000e+12  0.00000000e+00
 5.00000000e+00  0.00000000e+00  8.93070000e+12  0.00000000e+00
 5.10000000e+00  0.00000000e+00  8.72958000e+12  0.00000000e+00
 5.20000000e+00  0.00000000e+00  8.52846000e+12  0.00000000e+00
 5.30000000e+00  0.00000000e+00  8.32734000e+12  0.00000000e+00
 5.40000000e+00  0.00000000e+00  8.12622000e+12  0.00000000e+00
 5.50000000e+00  0.00000000e+00  7.92510000e+12  0.00000000e+00
 5.60000000e+00  0.00000000e+00  7.75611000e+12  0.00000000e+00
 5.70000000e+00  0.00000000e+00  7.58712000e+12  0.00000000e+00
 5.80000000e+00  0.00000000e+00  7.41813000e+12  0.00000000e+00
 5.90000000e+00  0.00000000e+00  7.24914000e+12  0.00000000e+00
 6.00000000e+00  0.00000000e+00  7.08015000e+12  0.00000000e+00
 6.10000000e+00  0.00000000e+00  6.94191000e+12  0.00000000e+00
 6.20000000e+00  0.00000000e+00  6.80367000e+12  0.00000000e+00
 6.30000000e+00  0.00000000e+00  6.66543000e+12  0.00000000e+00
 6.40000000e+00  0.00000000e+00  6.52719000e+12  0.00000000e+00
 6.50000000e+00  0.00000000e+00  6.38895000e+12  0.00000000e+00
 6.60000000e+00  7.92428764e+08  6.27021000e+12  1.27245380e-26
 6.70000000e+00  8.38993934e+08  6.15147000e+12  1.37323160e-26
 6.80000000e+00  8.83182111e+08  6.03273000e+12  1.47400940e-26
 6.90000000e+00  9.24993293e+08  5.91399000e+12  1.57478720e-26
 7.00000000e+00  9.64427483e+08  5.79525000e+12  1.67556500e-26
 7.10000000e+00  1.00836515e+09  5.69193000e+12  1.78370140e-26
 7.20000000e+00  1.05008348e+09  5.58861000e+12  1.89183780e-26
 7.30000000e+00  1.08958247e+09  5.48529000e+12  1.99997420e-26
 7.40000000e+00  1.12686214e+09  5.38197000e+12  2.10811060e-26
 7.50000000e+00  1.16192247e+09  5.27865000e+12  2.21624700e-26
 7.60000000e+00  1.22069706e+09  5.19108000e+12  2.36763120e-26
 7.70000000e+00  1.27683834e+09  5.10351000e+12  2.51901540e-26
 7.80000000e+00  1.33034631e+09  5.01594000e+12  2.67039960e-26
 7.90000000e+00  1.38122097e+09  4.92837000e+12  2.82178380e-26
 8.00000000e+00  1.42946232e+09  4.84080000e+12  2.97316800e-26
 8.10000000e+00  1.51018449e+09  4.76361000e+12  3.19196180e-26
 8.20000000e+00  1.58755189e+09  4.68642000e+12  3.41075560e-26
 8.30000000e+00  1.66156453e+09  4.60923000e+12  3.62954940e-26
 8.40000000e+00  1.73222241e+09  4.53204000e+12  3.84834320e-26
 8.50000000e+00  1.79952552e+09  4.45485000e+12  4.06713700e-26
 8.60000000e+00  1.91199500e+09  4.38750000e+12  4.38766540e-26
 8.70000000e+00  2.02017633e+09  4.32015000e+12  4.70819380e-26
 8.80000000e+00  2.12406952e+09  4.25280000e+12  5.02872220e-26
 8.90000000e+00  2.22367454e+09  4.18545000e+12  5.34925060e-26
 9.00000000e+00  2.31899142e+09  4.11810000e+12  5.66977900e-26
 9.10000000e+00  2.47558515e+09  4.05795000e+12  6.14235700e-26
 9.20000000e+00  2.62653243e+09  3.99780000e+12  6.61493500e-26
 9.30000000e+00  2.77183326e+09  3.93765000e+12  7.08751300e-26
 9.40000000e+00  2.91148765e+09  3.87750000e+12  7.56009100e-26
 9.50000000e+00  3.04549558e+09  3.81735000e+12  8.03266900e-26
 9.60000000e+00  3.26219343e+09  3.76200000e+12  8.73081520e-26
 9.70000000e+00  3.47121537e+09  3.70665000e+12  9.42896140e-26
 9.80000000e+00  3.67256138e+09  3.65130000e+12  1.01271076e-25
 9.90000000e+00  3.86623149e+09  3.59595000e+12  1.08252538e-25
 1.00000000e+01  4.05222568e+09  3.54060000e+12  1.15234000e-25
 1.01000000e+01  4.35282992e+09  3.49143000e+12  1.25525580e-25
 1.02000000e+01  4.64338225e+09  3.44226000e+12  1.35817160e-25
 1.03000000e+01  4.92388268e+09  3.39309000e+12  1.46108740e-25
 1.04000000e+01  5.19433121e+09  3.34392000e+12  1.56400320e-25
 1.05000000e+01  5.45472783e+09  3.29475000e+12  1.66691900e-25
 1.06000000e+01  5.85294990e+09  3.25118400e+12  1.81257980e-25
 1.07000000e+01  6.23856658e+09  3.20761800e+12  1.95824060e-25
 1.08000000e+01  6.61157786e+09  3.16405200e+12  2.10390140e-25
 1.09000000e+01  6.97198375e+09  3.12048600e+12  2.24956220e-25
 1.10000000e+01  7.31978424e+09  3.07692000e+12  2.39522300e-25
 1.11000000e+01  7.71195093e+09  3.03848700e+12  2.55546980e-25
 1.12000000e+01  8.09188386e+09  3.00005400e+12  2.71571660e-25
 1.13000000e+01  8.45958304e+09  2.96162100e+12  2.87596340e-25
 1.14000000e+01  8.81504846e+09  2.92318800e+12  3.03621020e-25
 1.15000000e+01  9.15828013e+09  2.88475500e+12  3.19645700e-25
 1.16000000e+01  8.80627326e+09  2.84832600e+12  3.11290840e-25
 1.17000000e+01  8.46031218e+09  2.81189700e+12  3.02935980e-25
 1.18000000e+01  8.12039688e+09  2.77546800e+12  2.94581120e-25
 1.19000000e+01  7.78652736e+09  2.73903900e+12  2.86226260e-25
 1.20000000e+01  7.45870362e+09  2.70261000e+12  2.77871400e-25
 1.21000000e+01  6.95102250e+09  2.66942700e+12  2.62176960e-25
 1.22000000e+01  6.45368630e+09  2.63624400e+12  2.46482520e-25
 1.23000000e+01  5.96669504e+09  2.60306100e+12  2.30788080e-25
 1.24000000e+01  5.49004871e+09  2.56987800e+12  2.15093640e-25
 1.25000000e+01  5.02374731e+09  2.53669500e+12  1.99399200e-25
 1.26000000e+01  4.66552181e+09  2.50794000e+12  1.87303960e-25
 1.27000000e+01  4.31420497e+09  2.47918500e+12  1.75208720e-25
 1.28000000e+01  3.96979679e+09  2.45043000e+12  1.63113480e-25
 1.29000000e+01  3.63229728e+09  2.42167500e+12  1.51018240e-25
 1.30000000e+01  3.30170642e+09  2.39292000e+12  1.38923000e-25
 1.31000000e+01  3.07319571e+09  2.36636700e+12  1.30759122e-25
 1.32000000e+01  2.84899101e+09  2.33981400e+12  1.22595244e-25
 1.33000000e+01  2.62909234e+09  2.31326100e+12  1.14431366e-25
 1.34000000e+01  2.41349969e+09  2.28670800e+12  1.06267488e-25
 1.35000000e+01  2.20221306e+09  2.26015500e+12  9.81036100e-26
 1.36000000e+01  2.07717730e+09  2.23558800e+12  9.35504060e-26
 1.37000000e+01  1.95436350e+09  2.21102100e+12  8.89972020e-26
 1.38000000e+01  1.83377165e+09  2.18645400e+12  8.44439980e-26
 1.39000000e+01  1.71540175e+09  2.16188700e+12  7.98907940e-26
 1.40000000e+01  1.59925381e+09  2.13732000e+12  7.53375900e-26
 1.41000000e+01  1.51982678e+09  2.11321500e+12  7.24126240e-26
 1.42000000e+01  1.44180028e+09  2.08911000e+12  6.94876580e-26
 1.43000000e+01  1.36517431e+09  2.06500500e+12  6.65626920e-26
 1.44000000e+01  1.28994888e+09  2.04090000e+12  6.36377260e-26
 1.45000000e+01  1.21612399e+09  2.01679500e+12  6.07127600e-26
 1.46000000e+01  1.15209499e+09  1.99482900e+12  5.81495680e-26
 1.47000000e+01  1.08918440e+09  1.97286300e+12  5.55863760e-26
 1.48000000e+01  1.02739220e+09  1.95089700e+12  5.30231840e-26
 1.49000000e+01  9.66718416e+08  1.92893100e+12  5.04599920e-26
 1.50000000e+01  9.07163031e+08  1.90696500e+12  4.78968000e-26
 1.51000000e+01  8.55499715e+08  1.88874300e+12  4.56048340e-26
 1.52000000e+01  8.04666002e+08  1.87052100e+12  4.33128680e-26
 1.53000000e+01  7.54661892e+08  1.85229900e+12  4.10209020e-26
 1.54000000e+01  7.05487385e+08  1.83407700e+12  3.87289360e-26
 1.55000000e+01  6.57142481e+08  1.81585500e+12  3.64369700e-26
 1.56000000e+01  6.16002139e+08  1.79688300e+12  3.45164640e-26
 1.57000000e+01  5.75585558e+08  1.77791100e+12  3.25959580e-26
 1.58000000e+01  5.35892737e+08  1.75893900e+12  3.06754520e-26
 1.59000000e+01  4.96923677e+08  1.73996700e+12  2.87549460e-26
 1.60000000e+01  4.58678377e+08  1.72099500e+12  2.68344400e-26
 1.61000000e+01  4.30148493e+08  1.70280300e+12  2.54341880e-26
 1.62000000e+01  4.02124612e+08  1.68461100e+12  2.40339360e-26
 1.63000000e+01  3.74606733e+08  1.66641900e+12  2.26336840e-26
 1.64000000e+01  3.47594857e+08  1.64822700e+12  2.12334320e-26
 1.65000000e+01  3.21088983e+08  1.63003500e+12  1.98331800e-26
 1.66000000e+01  3.02199249e+08  1.61484300e+12  1.88419980e-26
 1.67000000e+01  2.83608627e+08  1.59965100e+12  1.78508160e-26
 1.68000000e+01  2.65317117e+08  1.58445900e+12  1.68596340e-26
 1.69000000e+01  2.47324720e+08  1.56926700e+12  1.58684520e-26
 1.70000000e+01  2.29631436e+08  1.55407500e+12  1.48772700e-26
 1.71000000e+01  2.17508490e+08  1.54048200e+12  1.42161980e-26
 1.72000000e+01  2.05564041e+08  1.52688900e+12  1.35551260e-26
 1.73000000e+01  1.93798089e+08  1.51329600e+12  1.28940540e-26
 1.74000000e+01  1.82210634e+08  1.49970300e+12  1.22329820e-26
 1.75000000e+01  1.70801675e+08  1.48611000e+12  1.15719100e-26
 1.76000000e+01  1.62274769e+08  1.47200400e+12  1.10995632e-26
 1.77000000e+01  1.53880216e+08  1.45789800e+12  1.06272164e-26
 1.78000000e+01  1.45618014e+08  1.44379200e+12  1.01548696e-26
 1.79000000e+01  1.37488165e+08  1.42968600e+12  9.68252280e-27
 1.80000000e+01  1.29490667e+08  1.41558000e+12  9.21017600e-27
 1.81000000e+01  1.23440566e+08  1.40169900e+12  8.86680220e-27
 1.82000000e+01  1.17485144e+08  1.38781800e+12  8.52342840e-27
 1.83000000e+01  1.11624402e+08  1.37393700e+12  8.18005460e-27
 1.84000000e+01  1.05858338e+08  1.36005600e+12  7.83668080e-27
 1.85000000e+01  1.00186953e+08  1.34617500e+12  7.49330700e-27
 1.86000000e+01  9.59526612e+07  1.33405800e+12  7.24179440e-27
 1.87000000e+01  9.17789063e+07  1.32194100e+12  6.99028180e-27
 1.88000000e+01  8.76656885e+07  1.30982400e+12  6.73876920e-27
 1.89000000e+01  8.36130077e+07  1.29770700e+12  6.48725660e-27
 1.90000000e+01  7.96208638e+07  1.28559000e+12  6.23574400e-27
 1.91000000e+01  7.64598478e+07  1.27406100e+12  6.04236680e-27
 1.92000000e+01  7.33431174e+07  1.26253200e+12  5.84898960e-27
 1.93000000e+01  7.02706727e+07  1.25100300e+12  5.65561240e-27
 1.94000000e+01  6.72425136e+07  1.23947400e+12  5.46223520e-27
 1.95000000e+01  6.42586402e+07  1.22794500e+12  5.26885800e-27
 1.96000000e+01  6.18186847e+07  1.21692300e+12  5.11470440e-27
 1.97000000e+01  5.94124797e+07  1.20590100e+12  4.96055080e-27
 1.98000000e+01  5.70400252e+07  1.19487900e+12  4.80639720e-27
 1.99000000e+01  5.47013211e+07  1.18385700e+12  4.65224360e-27
 2.00000000e+01  5.23963676e+07  1.17283500e+12  4.49809000e-27
 2.01000000e+01  5.06801337e+07  1.16320500e+12  4.38677510e-27
 2.02000000e+01  4.89851932e+07  1.15357500e+12  4.27546020e-27
 2.03000000e+01  4.73115462e+07  1.14394500e+12  4.16414530e-27
 2.04000000e+01  4.56591926e+07  1.13431500e+12  4.05283040e-27
 2.05000000e+01  4.40281324e+07  1.12468500e+12  3.94151550e-27
 2.06000000e+01  4.24490651e+07  1.11586200e+12  3.83020060e-27
 2.07000000e+01  4.08895069e+07  1.10703900e+12  3.71888570e-27
 2.08000000e+01  3.93494577e+07  1.09821600e+12  3.60757080e-27
 2.09000000e+01  3.78289176e+07  1.08939300e+12  3.49625590e-27
 2.10000000e+01  3.63278864e+07  1.08057000e+12  3.38494100e-27
 2.11000000e+01  3.51985238e+07  1.07061900e+12  3.31019350e-27
 2.12000000e+01  3.40839362e+07  1.06066800e+12  3.23544600e-27
 2.13000000e+01  3.29841238e+07  1.05071700e+12  3.16069850e-27
 2.14000000e+01  3.18990863e+07  1.04076600e+12  3.08595100e-27
 2.15000000e+01  3.08288240e+07  1.03081500e+12  3.01120350e-27
 2.16000000e+01  2.97849735e+07  1.02126300e+12  2.93645600e-27
 2.17000000e+01  2.87553056e+07  1.01171100e+12  2.86170850e-27
 2.18000000e+01  2.77398204e+07  1.00215900e+12  2.78696100e-27
 2.19000000e+01  2.67385178e+07  9.92607000e+11  2.71221350e-27
 2.20000000e+01  2.57513978e+07  9.83055000e+11  2.63746600e-27
 2.21000000e+01  2.50166433e+07  9.75027000e+11  2.58330850e-27
 2.22000000e+01  2.42905253e+07  9.66999000e+11  2.52915100e-27
 2.23000000e+01  2.35730436e+07  9.58971000e+11  2.47499350e-27
 2.24000000e+01  2.28641982e+07  9.50943000e+11  2.42083600e-27
 2.25000000e+01  2.21639893e+07  9.42915000e+11  2.36667850e-27
 2.26000000e+01  2.14768266e+07  9.35079000e+11  2.31252100e-27
 2.27000000e+01  2.07980937e+07  9.27243000e+11  2.25836350e-27
 2.28000000e+01  2.01277907e+07  9.19407000e+11  2.20420600e-27
 2.29000000e+01  1.94659175e+07  9.11571000e+11  2.15004850e-27
 2.30000000e+01  1.88124742e+07  9.03735000e+11  2.09589100e-27
 2.31000000e+01  1.83046410e+07  8.95977000e+11  2.05697130e-27
 2.32000000e+01  1.78028055e+07  8.88219000e+11  2.01805160e-27
 2.33000000e+01  1.73069678e+07  8.80461000e+11  1.97913190e-27
 2.34000000e+01  1.68171277e+07  8.72703000e+11  1.94021220e-27
 2.35000000e+01  1.63332854e+07  8.64945000e+11  1.90129250e-27
 2.36000000e+01  1.58604904e+07  8.57460000e+11  1.86237280e-27
 2.37000000e+01  1.53934821e+07  8.49975000e+11  1.82345310e-27
 2.38000000e+01  1.49322605e+07  8.42490000e+11  1.78453340e-27
 2.39000000e+01  1.44768255e+07  8.35005000e+11  1.74561370e-27
 2.40000000e+01  1.40271772e+07  8.27520000e+11  1.70669400e-27
 2.41000000e+01  1.36482195e+07  8.20437000e+11  1.67492220e-27
 2.42000000e+01  1.32737320e+07  8.13354000e+11  1.64315040e-27
 2.43000000e+01  1.29037147e+07  8.06271000e+11  1.61137860e-27
 2.44000000e+01  1.25381676e+07  7.99188000e+11  1.57960680e-27
 2.45000000e+01  1.21770907e+07  7.92105000e+11  1.54783500e-27
 2.46000000e+01  1.18281181e+07  7.85529000e+11  1.51606320e-27
 2.47000000e+01  1.14832957e+07  7.78953000e+11  1.48429140e-27
 2.48000000e+01  1.11426235e+07  7.72377000e+11  1.45251960e-27
 2.49000000e+01  1.08061015e+07  7.65801000e+11  1.42074780e-27
 2.50000000e+01  1.04737298e+07  7.59225000e+11  1.38897600e-27
 2.51000000e+01  1.02099131e+07  7.53057000e+11  1.36507990e-27
 2.52000000e+01  9.94902413e+06  7.46889000e+11  1.34118380e-27
 2.53000000e+01  9.69106298e+06  7.40721000e+11  1.31728770e-27
 2.54000000e+01  9.43602961e+06  7.34553000e+11  1.29339160e-27
 2.55000000e+01  9.18392400e+06  7.28385000e+11  1.26949550e-27
 2.56000000e+01  8.93971943e+06  7.22619000e+11  1.24559940e-27
 2.57000000e+01  8.69825181e+06  7.16853000e+11  1.22170330e-27
 2.58000000e+01  8.45952114e+06  7.11087000e+11  1.19780720e-27
 2.59000000e+01  8.22352744e+06  7.05321000e+11  1.17391110e-27
 2.60000000e+01  7.99027068e+06  6.99555000e+11  1.15001500e-27
 2.61000000e+01  7.79888720e+06  6.93723000e+11  1.13190616e-27
 2.62000000e+01  7.60960157e+06  6.87891000e+11  1.11379732e-27
 2.63000000e+01  7.42241378e+06  6.82059000e+11  1.09568848e-27
 2.64000000e+01  7.23732384e+06  6.76227000e+11  1.07757964e-27
 2.65000000e+01  7.05433176e+06  6.70395000e+11  1.05947080e-27
 2.66000000e+01  6.86853504e+06  6.64089000e+11  1.04136196e-27
 2.67000000e+01  6.68500667e+06  6.57783000e+11  1.02325312e-27
 2.68000000e+01  6.50374665e+06  6.51477000e+11  1.00514428e-27
 2.69000000e+01  6.32475499e+06  6.45171000e+11  9.87035440e-28
 2.70000000e+01  6.14803168e+06  6.38865000e+11  9.68926600e-28
 2.71000000e+01  6.00975700e+06  6.33729000e+11  9.54810550e-28
 2.72000000e+01  5.87292246e+06  6.28593000e+11  9.40694500e-28
 2.73000000e+01  5.73752806e+06  6.23457000e+11  9.26578450e-28
 2.74000000e+01  5.60357380e+06  6.18321000e+11  9.12462400e-28
 2.75000000e+01  5.47105968e+06  6.13185000e+11  8.98346350e-28
 2.76000000e+01  5.34196168e+06  6.08274000e+11  8.84230300e-28
 2.77000000e+01  5.21424073e+06  6.03363000e+11  8.70114250e-28
 2.78000000e+01  5.08789683e+06  5.98452000e+11  8.55998200e-28
 2.79000000e+01  4.96292998e+06  5.93541000e+11  8.41882150e-28
 2.80000000e+01  4.83934017e+06  5.88630000e+11  8.27766100e-28
 2.81000000e+01  4.71974293e+06  5.82882000e+11  8.15270220e-28
 2.82000000e+01  4.60157245e+06  5.77134000e+11  8.02774340e-28
 2.83000000e+01  4.48482872e+06  5.71386000e+11  7.90278460e-28
 2.84000000e+01  4.36951175e+06  5.65638000e+11  7.77782580e-28
 2.85000000e+01  4.25562154e+06  5.59890000e+11  7.65286700e-28
 2.86000000e+01  4.14488520e+06  5.54373000e+11  7.52790820e-28
 2.87000000e+01  4.03551828e+06  5.48856000e+11  7.40294940e-28
 2.88000000e+01  3.92752078e+06  5.43339000e+11  7.27799060e-28
 2.89000000e+01  3.82089269e+06  5.37822000e+11  7.15303180e-28
 2.90000000e+01  3.71563403e+06  5.32305000e+11  7.02807300e-28
 2.91000000e+01  3.63489823e+06  5.27559000e+11  6.93721410e-28
 2.92000000e+01  3.55501901e+06  5.22813000e+11  6.84635520e-28
 2.93000000e+01  3.47599635e+06  5.18067000e+11  6.75549630e-28
 2.94000000e+01  3.39783026e+06  5.13321000e+11  6.66463740e-28
 2.95000000e+01  3.32052073e+06  5.08575000e+11  6.57377850e-28
 2.96000000e+01  3.24047491e+06  5.03271000e+11  6.48291960e-28
 2.97000000e+01  3.16138636e+06  4.97967000e+11  6.39206070e-28
 2.98000000e+01  3.08325509e+06  4.92663000e+11  6.30120180e-28
 2.99000000e+01  3.00608110e+06  4.87359000e+11  6.21034290e-28
 3.00000000e+01  2.92986438e+06  4.82055000e+11  6.11948400e-28
 3.01000000e+01  2.86721392e+06  4.76916000e+11  6.05315900e-28
 3.02000000e+01  2.80524052e+06  4.71777000e+11  5.98683400e-28
 3.03000000e+01  2.74394416e+06  4.66638000e+11  5.92050900e-28
 3.04000000e+01  2.68332486e+06  4.61499000e+11  5.85418400e-28
 3.05000000e+01  2.62338261e+06  4.56360000e+11  5.78785900e-28
 3.06000000e+01  2.56779975e+06  4.51869000e+11  5.72153400e-28
 3.07000000e+01  2.51280858e+06  4.47378000e+11  5.65520900e-28
 3.08000000e+01  2.45840907e+06  4.42887000e+11  5.58888400e-28
 3.09000000e+01  2.40460125e+06  4.38396000e+11  5.52255900e-28
 3.10000000e+01  2.35138511e+06  4.33905000e+11  5.45623400e-28
 3.11000000e+01  2.29699408e+06  4.29084000e+11  5.38990900e-28
 3.12000000e+01  2.24323820e+06  4.24263000e+11  5.32358400e-28
 3.13000000e+01  2.19011748e+06  4.19442000e+11  5.25725900e-28
 3.14000000e+01  2.13763191e+06  4.14621000e+11  5.19093400e-28
 3.15000000e+01  2.08578150e+06  4.09800000e+11  5.12460900e-28
 3.16000000e+01  2.03616384e+06  4.05297000e+11  5.05828400e-28
 3.17000000e+01  1.98713944e+06  4.00794000e+11  4.99195900e-28
 3.18000000e+01  1.93870830e+06  3.96291000e+11  4.92563400e-28
 3.19000000e+01  1.89087042e+06  3.91788000e+11  4.85930900e-28
 3.20000000e+01  1.84362580e+06  3.87285000e+11  4.79298400e-28
 3.21000000e+01  1.80207200e+06  3.82578000e+11  4.74259485e-28
 3.22000000e+01  1.76098934e+06  3.77871000e+11  4.69220570e-28
 3.23000000e+01  1.72037782e+06  3.73164000e+11  4.64181655e-28
 3.24000000e+01  1.68023743e+06  3.68457000e+11  4.59142740e-28
 3.25000000e+01  1.64056818e+06  3.63750000e+11  4.54103825e-28
 3.26000000e+01  1.59957710e+06  3.58641000e+11  4.49064910e-28
 3.27000000e+01  1.55909740e+06  3.53532000e+11  4.44025995e-28
 3.28000000e+01  1.51912908e+06  3.48423000e+11  4.38987080e-28
 3.29000000e+01  1.47967212e+06  3.43314000e+11  4.33948165e-28
 3.30000000e+01  1.44072655e+06  3.38205000e+11  4.28909250e-28
 3.31000000e+01  1.40455305e+06  3.33633000e+11  4.23870335e-28
 3.32000000e+01  1.36883717e+06  3.29061000e+11  4.18831420e-28
 3.33000000e+01  1.33357892e+06  3.24489000e+11  4.13792505e-28
 3.34000000e+01  1.29877829e+06  3.19917000e+11  4.08753590e-28
 3.35000000e+01  1.26443529e+06  3.15345000e+11  4.03714675e-28
 3.36000000e+01  1.23021017e+06  3.10687200e+11  3.98675760e-28
 3.37000000e+01  1.19645127e+06  3.06029400e+11  3.93636845e-28
 3.38000000e+01  1.16315858e+06  3.01371600e+11  3.88597930e-28
 3.39000000e+01  1.13033210e+06  2.96713800e+11  3.83559015e-28
 3.40000000e+01  1.09797184e+06  2.92056000e+11  3.78520100e-28
 3.41000000e+01  1.07067913e+06  2.87346600e+11  3.75160540e-28
 3.42000000e+01  1.04370070e+06  2.82637200e+11  3.71800980e-28
 3.43000000e+01  1.01703655e+06  2.77927800e+11  3.68441420e-28
 3.44000000e+01  9.90686672e+05  2.73218400e+11  3.65081860e-28
 3.45000000e+01  9.64651075e+05  2.68509000e+11  3.61722300e-28
 3.46000000e+01  9.39508492e+05  2.63962200e+11  3.58362740e-28
 3.47000000e+01  9.14669335e+05  2.59415400e+11  3.55003180e-28
 3.48000000e+01  8.90133606e+05  2.54868600e+11  3.51643620e-28
 3.49000000e+01  8.65901304e+05  2.50321800e+11  3.48284060e-28
 3.50000000e+01  8.41972428e+05  2.45775000e+11  3.44924500e-28
 3.51000000e+01  8.15931918e+05  2.40516300e+11  3.41564940e-28
 3.52000000e+01  7.90242342e+05  2.35257600e+11  3.38205380e-28
 3.53000000e+01  7.64903702e+05  2.29998900e+11  3.34845820e-28
 3.54000000e+01  7.39915997e+05  2.24740200e+11  3.31486260e-28
 3.55000000e+01  7.15279227e+05  2.19481500e+11  3.28126700e-28
 3.56000000e+01  6.92180729e+05  2.14590900e+11  3.24767140e-28
 3.57000000e+01  6.69408602e+05  2.09700300e+11  3.21407580e-28
 3.58000000e+01  6.46962845e+05  2.04809700e+11  3.18048020e-28
 3.59000000e+01  6.24843458e+05  1.99919100e+11  3.14688460e-28
 3.60000000e+01  6.03050441e+05  1.95028500e+11  3.11328900e-28
 3.61000000e+01  5.82871234e+05  1.90123800e+11  3.08673975e-28
 3.62000000e+01  5.62950688e+05  1.85219100e+11  3.06019050e-28
 3.63000000e+01  5.43288803e+05  1.80314400e+11  3.03364125e-28
 3.64000000e+01  5.23885578e+05  1.75409700e+11  3.00709200e-28
 3.65000000e+01  5.04741015e+05  1.70505000e+11  2.98054275e-28
 3.66000000e+01  4.83667008e+05  1.64854500e+11  2.95399350e-28
 3.67000000e+01  4.62890993e+05  1.59204000e+11  2.92744425e-28
 3.68000000e+01  4.42412971e+05  1.53553500e+11  2.90089500e-28
 3.69000000e+01  4.22232941e+05  1.47903000e+11  2.87434575e-28
 3.70000000e+01  4.02350904e+05  1.42252500e+11  2.84779650e-28
 3.71000000e+01  3.81285691e+05  1.36073400e+11  2.82124725e-28
 3.72000000e+01  3.60546347e+05  1.29894300e+11  2.79469800e-28
 3.73000000e+01  3.40132873e+05  1.23715200e+11  2.76814875e-28
 3.74000000e+01  3.20045268e+05  1.17536100e+11  2.74159950e-28
 3.75000000e+01  3.00283533e+05  1.11357000e+11  2.71505025e-28
 3.76000000e+01  2.81146464e+05  1.05289800e+11  2.68850100e-28
 3.77000000e+01  2.62329363e+05  9.92226000e+10  2.66195175e-28
 3.78000000e+01  2.43832230e+05  9.31554000e+10  2.63540250e-28
 3.79000000e+01  2.25655065e+05  8.70882000e+10  2.60885325e-28
 3.80000000e+01  2.07797869e+05  8.10210000e+10  2.58230400e-28
 3.81000000e+01  1.91892792e+05  7.53033000e+10  2.56571570e-28
 3.82000000e+01  1.76176119e+05  6.95856000e+10  2.54912740e-28
 3.83000000e+01  1.60647850e+05  6.38679000e+10  2.53253910e-28
 3.84000000e+01  1.45307984e+05  5.81502000e+10  2.51595080e-28
 3.85000000e+01  1.30156523e+05  5.24325000e+10  2.49936250e-28
 3.86000000e+01  1.16974230e+05  4.74369600e+10  2.48277420e-28
 3.87000000e+01  1.03956545e+05  4.24414200e+10  2.46618590e-28
 3.88000000e+01  9.11034683e+04  3.74458800e+10  2.44959760e-28
 3.89000000e+01  7.84149992e+04  3.24503400e+10  2.43300930e-28
 3.90000000e+01  6.58911379e+04  2.74548000e+10  2.41642100e-28
 3.91000000e+01  5.72420808e+04  2.40158700e+10  2.39983270e-28
 3.92000000e+01  4.87063398e+04  2.05769400e+10  2.38324440e-28
 3.93000000e+01  4.02839148e+04  1.71380100e+10  2.36665610e-28
 3.94000000e+01  3.19748058e+04  1.36990800e+10  2.35006780e-28
 3.95000000e+01  2.37790129e+04  1.02601500e+10  2.33347950e-28
 3.96000000e+01  1.97888022e+04  8.59959000e+09  2.31689120e-28
 3.97000000e+01  1.58533086e+04  6.93903000e+09  2.30030290e-28
 3.98000000e+01  1.19725320e+04  5.27847000e+09  2.28371460e-28
 3.99000000e+01  8.14647250e+03  3.61791000e+09  2.26712630e-28
 4.00000000e+01  4.37513001e+03  1.95735000e+09  2.25053800e-28
 4.01000000e+01  3.47709679e+03  1.56588000e+09  2.23574455e-28
 4.02000000e+01  2.59056718e+03  1.17441000e+09  2.22095110e-28
 4.03000000e+01  1.71554118e+03  7.82940000e+08  2.20615765e-28
 4.04000000e+01  8.52018785e+02  3.91470000e+08  2.19136420e-28
 4.05000000e+01  0.00000000e+00  0.00000000e+00  2.17657075e-28
 4.06000000e+01  0.00000000e+00  0.00000000e+00  2.16177730e-28
 4.07000000e+01  0.00000000e+00  0.00000000e+00  2.14698385e-28
 4.08000000e+01  0.00000000e+00  0.00000000e+00  2.13219040e-28
 4.09000000e+01  0.00000000e+00  0.00000000e+00  2.11739695e-28
 4.10000000e+01  0.00000000e+00  0.00000000e+00  2.10260350e-28
 4.11000000e+01  0.00000000e+00  0.00000000e+00  2.08781005e-28
 4.12000000e+01  0.00000000e+00  0.00000000e+00  2.07301660e-28
 4.13000000e+01  0.00000000e+00  0.00000000e+00  2.05822315e-28
 4.14000000e+01  0.00000000e+00  0.00000000e+00  2.04342970e-28
 4.15000000e+01  0.00000000e+00  0.00000000e+00  2.02863625e-28
 4.16000000e+01  0.00000000e+00  0.00000000e+00  2.01384280e-28
 4.17000000e+01  0.00000000e+00  0.00000000e+00  1.99904935e-28
 4.18000000e+01  0.00000000e+00  0.00000000e+00  1.98425590e-28
 4.19000000e+01  0.00000000e+00  0.00000000e+00  1.96946245e-28
 4.20000000e+01  0.00000000e+00  0.00000000e+00  1.95466900e-28
 4.21000000e+01  0.00000000e+00  0.00000000e+00  1.94360320e-28
 4.22000000e+01  0.00000000e+00  0.00000000e+00  1.93253740e-28
 4.23000000e+01  0.00000000e+00  0.00000000e+00  1.92147160e-28
 4.24000000e+01  0.00000000e+00  0.00000000e+00  1.91040580e-28
 4.25000000e+01  0.00000000e+00  0.00000000e+00  1.89934000e-28
 4.26000000e+01  0.00000000e+00  0.00000000e+00  1.88827420e-28
 4.27000000e+01  0.00000000e+00  0.00000000e+00  1.87720840e-28
 4.28000000e+01  0.00000000e+00  0.00000000e+00  1.86614260e-28
 4.29000000e+01  0.00000000e+00  0.00000000e+00  1.85507680e-28
 4.30000000e+01  0.00000000e+00  0.00000000e+00  1.84401100e-28
 4.31000000e+01  0.00000000e+00  0.00000000e+00  1.83294520e-28
 4.32000000e+01  0.00000000e+00  0.00000000e+00  1.82187940e-28
 4.33000000e+01  0.00000000e+00  0.00000000e+00  1.81081360e-28
 4.34000000e+01  0.00000000e+00  0.00000000e+00  1.79974780e-28
 4.35000000e+01  0.00000000e+00  0.00000000e+00  1.78868200e-28
 4.36000000e+01  0.00000000e+00  0.00000000e+00  1.77761620e-28
 4.37000000e+01  0.00000000e+00  0.00000000e+00  1.76655040e-28
 4.38000000e+01  0.00000000e+00  0.00000000e+00  1.75548460e-28
 4.39000000e+01  0.00000000e+00  0.00000000e+00  1.74441880e-28
 4.40000000e+01  0.00000000e+00  0.00000000e+00  1.73335300e-28
 4.41000000e+01  0.00000000e+00  0.00000000e+00  1.72441315e-28
 4.42000000e+01  0.00000000e+00  0.00000000e+00  1.71547330e-28
 4.43000000e+01  0.00000000e+00  0.00000000e+00  1.70653345e-28
 4.44000000e+01  0.00000000e+00  0.00000000e+00  1.69759360e-28
 4.45000000e+01  0.00000000e+00  0.00000000e+00  1.68865375e-28
 4.46000000e+01  0.00000000e+00  0.00000000e+00  1.67971390e-28
 4.47000000e+01  0.00000000e+00  0.00000000e+00  1.67077405e-28
 4.48000000e+01  0.00000000e+00  0.00000000e+00  1.66183420e-28
 4.49000000e+01  0.00000000e+00  0.00000000e+00  1.65289435e-28
 4.50000000e+01  0.00000000e+00  0.00000000e+00  1.64395450e-28
 4.51000000e+01  0.00000000e+00  0.00000000e+00  1.63501465e-28
 4.52000000e+01  0.00000000e+00  0.00000000e+00  1.62607480e-28
 4.53000000e+01  0.00000000e+00  0.00000000e+00  1.61713495e-28
 4.54000000e+01  0.00000000e+00  0.00000000e+00  1.60819510e-28
 4.55000000e+01  0.00000000e+00  0.00000000e+00  1.59925525e-28
 4.56000000e+01  0.00000000e+00  0.00000000e+00  1.59031540e-28
 4.57000000e+01  0.00000000e+00  0.00000000e+00  1.58137555e-28
 4.58000000e+01  0.00000000e+00  0.00000000e+00  1.57243570e-28
 4.59000000e+01  0.00000000e+00  0.00000000e+00  1.56349585e-28
 4.60000000e+01  0.00000000e+00  0.00000000e+00  1.55455600e-28
 4.61000000e+01  0.00000000e+00  0.00000000e+00  1.54835485e-28
 4.62000000e+01  0.00000000e+00  0.00000000e+00  1.54215370e-28
 4.63000000e+01  0.00000000e+00  0.00000000e+00  1.53595255e-28
 4.64000000e+01  0.00000000e+00  0.00000000e+00  1.52975140e-28
 4.65000000e+01  0.00000000e+00  0.00000000e+00  1.52355025e-28
 4.66000000e+01  0.00000000e+00  0.00000000e+00  1.51734910e-28
 4.67000000e+01  0.00000000e+00  0.00000000e+00  1.51114795e-28
 4.68000000e+01  0.00000000e+00  0.00000000e+00  1.50494680e-28
 4.69000000e+01  0.00000000e+00  0.00000000e+00  1.49874565e-28
 4.70000000e+01  0.00000000e+00  0.00000000e+00  1.49254450e-28
 4.71000000e+01  0.00000000e+00  0.00000000e+00  1.48634335e-28
 4.72000000e+01  0.00000000e+00  0.00000000e+00  1.48014220e-28
 4.73000000e+01  0.00000000e+00  0.00000000e+00  1.47394105e-28
 4.74000000e+01  0.00000000e+00  0.00000000e+00  1.46773990e-28
 4.75000000e+01  0.00000000e+00  0.00000000e+00  1.46153875e-28
 4.76000000e+01  0.00000000e+00  0.00000000e+00  1.45533760e-28
 4.77000000e+01  0.00000000e+00  0.00000000e+00  1.44913645e-28
 4.78000000e+01  0.00000000e+00  0.00000000e+00  1.44293530e-28
 4.79000000e+01  0.00000000e+00  0.00000000e+00  1.43673415e-28
 4.80000000e+01  0.00000000e+00  0.00000000e+00  1.43053300e-28
 4.81000000e+01  0.00000000e+00  0.00000000e+00  1.42414940e-28
 4.82000000e+01  0.00000000e+00  0.00000000e+00  1.41776580e-28
 4.83000000e+01  0.00000000e+00  0.00000000e+00  1.41138220e-28
 4.84000000e+01  0.00000000e+00  0.00000000e+00  1.40499860e-28
 4.85000000e+01  0.00000000e+00  0.00000000e+00  1.39861500e-28
 4.86000000e+01  0.00000000e+00  0.00000000e+00  1.39223140e-28
 4.87000000e+01  0.00000000e+00  0.00000000e+00  1.38584780e-28
 4.88000000e+01  0.00000000e+00  0.00000000e+00  1.37946420e-28
 4.89000000e+01  0.00000000e+00  0.00000000e+00  1.37308060e-28
 4.90000000e+01  0.00000000e+00  0.00000000e+00  1.36669700e-28
 4.91000000e+01  0.00000000e+00  0.00000000e+00  1.36031340e-28
 4.92000000e+01  0.00000000e+00  0.00000000e+00  1.35392980e-28
 4.93000000e+01  0.00000000e+00  0.00000000e+00  1.34754620e-28
 4.94000000e+01  0.00000000e+00  0.00000000e+00  1.34116260e-28
 4.95000000e+01  0.00000000e+00  0.00000000e+00  1.33477900e-28
 4.96000000e+01  0.00000000e+00  0.00000000e+00  1.32839540e-28
 4.97000000e+01  0.00000000e+00  0.00000000e+00  1.32201180e-28
 4.98000000e+01  0.00000000e+00  0.00000000e+00  1.31562820e-28
 4.99000000e+01  0.00000000e+00  0.00000000e+00  1.30924460e-28
 5.00000000e+01  0.00000000e+00  0.00000000e+00  1.30286100e-28
