# energy(MeV) dYield(atoms/MeV/s) photonFlux(photons/MeV/uA/s) crossSection(mb)
# 501 4
# 501 4
 0.00000000e+00  0.00000000e+00  6.27810000e+13  0.00000000e+00
 1.00000000e-01  0.00000000e+00  6.35094000e+13  0.00000000e+00
 2.00000000e-01  0.00000000e+00  6.42378000e+13  0.00000000e+00
 3.00000000e-01  0.00000000e+00  6.49662000e+13  0.00000000e+00
 4.00000000e-01  0.00000000e+00  6.56946000e+13  0.00000000e+00
 5.00000000e-01  0.00000000e+00  6.64230000e+13  0.00000000e+00
 6.00000000e-01  0.00000000e+00  6.44046000e+13  0.00000000e+00
 7.00000000e-01  0.00000000e+00  6.23862000e+13  0.00000000e+00
 8.00000000e-01  0.00000000e+00  6.03678000e+13  0.00000000e+00
 9.00000000e-01  0.00000000e+00  5.83494000e+13  0.00000000e+00
 1.00000000e+00  0.00000000e+00  5.63310000e+13  0.00000000e+00
 1.10000000e+00  0.00000000e+00  5.23842000e+13  0.00000000e+00
 1.20000000e+00  0.00000000e+00  4.84374000e+13  0.00000000e+00
 1.30000000e+00  0.00000000e+00  4.44906000e+13  0.00000000e+00
 1.40000000e+00  0.00000000e+00  4.05438000e+13  0.00000000e+00
 1.50000000e+00  0.00000000e+00  3.65970000e+13  0.00000000e+00
 1.60000000e+00  0.00000000e+00  3.46815900e+13  0.00000000e+00
 1.70000000e+00  0.00000000e+00  3.27661800e+13  0.00000000e+00
 1.80000000e+00  0.00000000e+00  3.08507700e+13  0.00000000e+00
 1.90000000e+00  0.00000000e+00  2.89353600e+13  0.00000000e+00
 2.00000000e+00  0.00000000e+00  2.70199500e+13  0.00000000e+00
 2.10000000e+00  0.00000000e+00  2.58344700e+13  0.00000000e+00
 2.20000000e+00  0.00000000e+00  2.46489900e+13  0.00000000e+00
 2.30000000e+00  0.00000000e+00  2.34635100e+13  0.00000000e+00
 2.40000000e+00  0.00000000e+00  2.22780300e+13  0.00000000e+00
 2.50000000e+00  0.00000000e+00  2.10925500e+13  0.00000000e+00
 2.60000000e+00  0.00000000e+00  2.03016300e+13  0.00000000e+00
 2.70000000e+00  0.00000000e+00  1.95107100e+13  0.00000000e+00
 2.80000000e+00  0.00000000e+00  1.87197900e+13  0.00000000e+00
 2.90000000e+00  0.00000000e+00  1.79288700e+13  0.00000000e+00
 3.00000000e+00  0.00000000e+00  1.71379500e+13  0.00000000e+00
 3.10000000e+00  0.00000000e+00  1.65736500e+13  0.00000000e+00
 3.20000000e+00  0.00000000e+00  1.60093500e+13  0.00000000e+00
 3.30000000e+00  0.00000000e+00  1.54450500e+13  0.00000000e+00
 3.40000000e+00  0.00000000e+00  1.48807500e+13  0.00000000e+00
 3.50000000e+00  0.00000000e+00  1.43164500e+13  0.00000000e+00
 3.60000000e+00  0.00000000e+00  1.38925500e+13  0.00000000e+00
 3.70000000e+00  0.00000000e+00  1.34686500e+13  0.00000000e+00
 3.80000000e+00  0.00000000e+00  1.30447500e+13  0.00000000e+00
 3.90000000e+00  0.00000000e+00  1.26208500e+13  0.00000000e+00
 4.00000000e+00  0.00000000e+00  1.21969500e+13  0.00000000e+00
 4.10000000e+00  0.00000000e+00  1.18685700e+13  0.00000000e+00
 4.20000000e+00  0.00000000e+00  1.15401900e+13  0.00000000e+00
 4.30000000e+00  0.00000000e+00  1.12118100e+13  0.00000000e+00
 4.40000000e+00  0.00000000e+00  1.08834300e+13  0.00000000e+00
 4.50000000e+00  0.00000000e+00  1.05550500e+13  0.00000000e+00
 4.60000000e+00  0.00000000e+00  1.02925500e+13  0.00000000e+00
 4.70000000e+00  0.00000000e+00  1.00300500e+13  0.00000000e+00
 4.80000000e+00  0.00000000e+00  9.76755000e+12  0.00000000e+00
 4.90000000e+00  0.00000000e+00  9.50505000e+12  0.00000000e+00
 5.00000000e+00  0.00000000e+00  9.24255000e+12  0.00000000e+00
 5.10000000e+00  0.00000000e+00  9.03156000e+12  0.00000000e+00
 5.20000000e+00  0.00000000e+00  8.82057000e+12  0.00000000e+00
 5.30000000e+00  0.00000000e+00  8.60958000e+12  0.00000000e+00
 5.40000000e+00  0.00000000e+00  8.39859000e+12  0.00000000e+00
 5.50000000e+00  0.00000000e+00  8.18760000e+12  0.00000000e+00
 5.60000000e+00  0.00000000e+00  8.01345000e+12  0.00000000e+00
 5.70000000e+00  0.00000000e+00  7.83930000e+12  0.00000000e+00
 5.80000000e+00  0.00000000e+00  7.66515000e+12  0.00000000e+00
 5.90000000e+00  0.00000000e+00  7.49100000e+12  0.00000000e+00
 6.00000000e+00  0.00000000e+00  7.31685000e+12  0.00000000e+00
 6.10000000e+00  0.00000000e+00  7.17084000e+12  0.00000000e+00
 6.20000000e+00  0.00000000e+00  7.02483000e+12  0.00000000e+00
 6.30000000e+00  0.00000000e+00  6.87882000e+12  0.00000000e+00
 6.40000000e+00  0.00000000e+00  6.73281000e+12  0.00000000e+00
 6.50000000e+00  0.00000000e+00  6.58680000e+12  0.00000000e+00
 6.60000000e+00  8.16507934e+08  6.46074000e+12  1.27245380e-26
 6.70000000e+00  8.63981795e+08  6.33468000e+12  1.37323160e-26
 6.80000000e+00  9.08932128e+08  6.20862000e+12  1.47400940e-26
 6.90000000e+00  9.51358931e+08  6.08256000e+12  1.57478720e-26
 7.00000000e+00  9.91262206e+08  5.95650000e+12  1.67556500e-26
 7.10000000e+00  1.03629394e+09  5.84958000e+12  1.78370140e-26
 7.20000000e+00  1.07902902e+09  5.74266000e+12  1.89183780e-26
 7.30000000e+00  1.11946743e+09  5.63574000e+12  1.99997420e-26
 7.40000000e+00  1.15760919e+09  5.52882000e+12  2.10811060e-26
 7.50000000e+00  1.19345428e+09  5.42190000e+12  2.21624700e-26
 7.60000000e+00  1.25338095e+09  5.33007000e+12  2.36763120e-26
 7.70000000e+00  1.31054620e+09  5.23824000e+12  2.51901540e-26
 7.80000000e+00  1.36495005e+09  5.14641000e+12  2.67039960e-26
 7.90000000e+00  1.41659248e+09  5.05458000e+12  2.82178380e-26
 8.00000000e+00  1.46547350e+09  4.96275000e+12  2.97316800e-26
 8.10000000e+00  1.54825605e+09  4.88370000e+12  3.19196180e-26
 8.20000000e+00  1.62760299e+09  4.80465000e+12  3.41075560e-26
 8.30000000e+00  1.70351433e+09  4.72560000e+12  3.62954940e-26
 8.40000000e+00  1.77599007e+09  4.64655000e+12  3.84834320e-26
 8.50000000e+00  1.84503020e+09  4.56750000e+12  4.06713700e-26
 8.60000000e+00  1.95987005e+09  4.49736000e+12  4.38766540e-26
 8.70000000e+00  2.07024411e+09  4.42722000e+12  4.70819380e-26
 8.80000000e+00  2.17615237e+09  4.35708000e+12  5.02872220e-26
 8.90000000e+00  2.27759485e+09  4.28694000e+12  5.34925060e-26
 9.00000000e+00  2.37457153e+09  4.21680000e+12  5.66977900e-26
 9.10000000e+00  2.53297941e+09  4.15203000e+12  6.14235700e-26
 9.20000000e+00  2.68530715e+09  4.08726000e+12  6.61493500e-26
 9.30000000e+00  2.83155475e+09  4.02249000e+12  7.08751300e-26
 9.40000000e+00  2.97172221e+09  3.95772000e+12  7.56009100e-26
 9.50000000e+00  3.10580954e+09  3.89295000e+12  8.03266900e-26
 9.60000000e+00  3.32624064e+09  3.83586000e+12  8.73081520e-26
 9.70000000e+00  3.53875453e+09  3.77877000e+12  9.42896140e-26
 9.80000000e+00  3.74335120e+09  3.72168000e+12  1.01271076e-25
 9.90000000e+00  3.94003066e+09  3.66459000e+12  1.08252538e-25
 1.00000000e+01  4.12879290e+09  3.60750000e+12  1.15234000e-25
 1.01000000e+01  4.43649719e+09  3.55854000e+12  1.25525580e-25
 1.02000000e+01  4.73419250e+09  3.50958000e+12  1.35817160e-25
 1.03000000e+01  5.02187884e+09  3.46062000e+12  1.46108740e-25
 1.04000000e+01  5.29955621e+09  3.41166000e+12  1.56400320e-25
 1.05000000e+01  5.56722460e+09  3.36270000e+12  1.66691900e-25
 1.06000000e+01  5.97177732e+09  3.31719000e+12  1.81257980e-25
 1.07000000e+01  6.36316217e+09  3.27168000e+12  1.95824060e-25
 1.08000000e+01  6.74137914e+09  3.22617000e+12  2.10390140e-25
 1.09000000e+01  7.10642824e+09  3.18066000e+12  2.24956220e-25
 1.10000000e+01  7.45830947e+09  3.13515000e+12  2.39522300e-25
 1.11000000e+01  7.85222096e+09  3.09375300e+12  2.55546980e-25
 1.12000000e+01  8.23295522e+09  3.05235600e+12  2.71571660e-25
 1.13000000e+01  8.60051225e+09  3.01095900e+12  2.87596340e-25
 1.14000000e+01  8.95489203e+09  2.96956200e+12  3.03621020e-25
 1.15000000e+01  9.29609458e+09  2.92816500e+12  3.19645700e-25
 1.16000000e+01  8.94225710e+09  2.89230900e+12  3.11290840e-25
 1.17000000e+01  8.59437031e+09  2.85645300e+12  3.02935980e-25
 1.18000000e+01  8.25243421e+09  2.82059700e+12  2.94581120e-25
 1.19000000e+01  7.91644879e+09  2.78474100e+12  2.86226260e-25
 1.20000000e+01  7.58641406e+09  2.74888500e+12  2.77871400e-25
 1.21000000e+01  7.06705919e+09  2.71398900e+12  2.62176960e-25
 1.22000000e+01  6.55858327e+09  2.67909300e+12  2.46482520e-25
 1.23000000e+01  6.06098633e+09  2.64419700e+12  2.30788080e-25
 1.24000000e+01  5.57426835e+09  2.60930100e+12  2.15093640e-25
 1.25000000e+01  5.09842933e+09  2.57440500e+12  1.99399200e-25
 1.26000000e+01  4.73102484e+09  2.54315100e+12  1.87303960e-25
 1.27000000e+01  4.37112943e+09  2.51189700e+12  1.75208720e-25
 1.28000000e+01  4.01874308e+09  2.48064300e+12  1.63113480e-25
 1.29000000e+01  3.67386581e+09  2.44938900e+12  1.51018240e-25
 1.30000000e+01  3.33649761e+09  2.41813500e+12  1.38923000e-25
 1.31000000e+01  3.10578653e+09  2.39146200e+12  1.30759122e-25
 1.32000000e+01  2.87940093e+09  2.36478900e+12  1.22595244e-25
 1.33000000e+01  2.65734082e+09  2.33811600e+12  1.14431366e-25
 1.34000000e+01  2.43960618e+09  2.31144300e+12  1.06267488e-25
 1.35000000e+01  2.22619703e+09  2.28477000e+12  9.81036100e-26
 1.36000000e+01  2.09864047e+09  2.25868800e+12  9.35504060e-26
 1.37000000e+01  1.97344289e+09  2.23260600e+12  8.89972020e-26
 1.38000000e+01  1.85060429e+09  2.20652400e+12  8.44439980e-26
 1.39000000e+01  1.73012467e+09  2.18044200e+12  7.98907940e-26
 1.40000000e+01  1.61200403e+09  2.15436000e+12  7.53375900e-26
 1.41000000e+01  1.53185757e+09  2.12994300e+12  7.24126240e-26
 1.42000000e+01  1.45312979e+09  2.10552600e+12  6.94876580e-26
 1.43000000e+01  1.37582066e+09  2.08110900e+12  6.65626920e-26
 1.44000000e+01  1.29993020e+09  2.05669200e+12  6.36377260e-26
 1.45000000e+01  1.22545840e+09  2.03227500e+12  6.07127600e-26
 1.46000000e+01  1.16109076e+09  2.01040500e+12  5.81495680e-26
 1.47000000e+01  1.09783664e+09  1.98853500e+12  5.55863760e-26
 1.48000000e+01  1.03569604e+09  1.96666500e+12  5.30231840e-26
 1.49000000e+01  9.74668945e+08  1.94479500e+12  5.04599920e-26
 1.50000000e+01  9.14755368e+08  1.92292500e+12  4.78968000e-26
 1.51000000e+01  8.61986816e+08  1.90306500e+12  4.56048340e-26
 1.52000000e+01  8.10122441e+08  1.88320500e+12  4.33128680e-26
 1.53000000e+01  7.59162243e+08  1.86334500e+12  4.10209020e-26
 1.54000000e+01  7.09106222e+08  1.84348500e+12  3.87289360e-26
 1.55000000e+01  6.59954378e+08  1.82362500e+12  3.64369700e-26
 1.56000000e+01  6.19129659e+08  1.80600600e+12  3.45164640e-26
 1.57000000e+01  5.78977086e+08  1.78838700e+12  3.25959580e-26
 1.58000000e+01  5.39496657e+08  1.77076800e+12  3.06754520e-26
 1.59000000e+01  5.00688373e+08  1.75314900e+12  2.87549460e-26
 1.60000000e+01  4.62552235e+08  1.73553000e+12  2.68344400e-26
 1.61000000e+01  4.33926306e+08  1.71775800e+12  2.54341880e-26
 1.62000000e+01  4.05794697e+08  1.69998600e+12  2.40339360e-26
 1.63000000e+01  3.78157409e+08  1.68221400e+12  2.26336840e-26
 1.64000000e+01  3.51014441e+08  1.66444200e+12  2.12334320e-26
 1.65000000e+01  3.24365793e+08  1.64667000e+12  1.98331800e-26
 1.66000000e+01  3.04901341e+08  1.62928200e+12  1.88419980e-26
 1.67000000e+01  2.85779238e+08  1.61189400e+12  1.78508160e-26
 1.68000000e+01  2.66999484e+08  1.59450600e+12  1.68596340e-26
 1.69000000e+01  2.48562079e+08  1.57711800e+12  1.58684520e-26
 1.70000000e+01  2.30467023e+08  1.55973000e+12  1.48772700e-26
 1.71000000e+01  2.17979941e+08  1.54382100e+12  1.42161980e-26
 1.72000000e+01  2.05701767e+08  1.52791200e+12  1.35551260e-26
 1.73000000e+01  1.93632503e+08  1.51200300e+12  1.28940540e-26
 1.74000000e+01  1.81772148e+08  1.49609400e+12  1.22329820e-26
 1.75000000e+01  1.70120703e+08  1.48018500e+12  1.15719100e-26
 1.76000000e+01  1.61570331e+08  1.46561400e+12  1.10995632e-26
 1.77000000e+01  1.53156675e+08  1.45104300e+12  1.06272164e-26
 1.78000000e+01  1.44879733e+08  1.43647200e+12  1.01548696e-26
 1.79000000e+01  1.36739507e+08  1.42190100e+12  9.68252280e-27
 1.80000000e+01  1.28735996e+08  1.40733000e+12  9.21017600e-27
 1.81000000e+01  1.22808084e+08  1.39451700e+12  8.86680220e-27
 1.82000000e+01  1.16967566e+08  1.38170400e+12  8.52342840e-27
 1.83000000e+01  1.11214443e+08  1.36889100e+12  8.18005460e-27
 1.84000000e+01  1.05548715e+08  1.35607800e+12  7.83668080e-27
 1.85000000e+01  9.99703809e+07  1.34326500e+12  7.49330700e-27
 1.86000000e+01  9.56986926e+07  1.33052700e+12  7.24179440e-27
 1.87000000e+01  9.14906438e+07  1.31778900e+12  6.99028180e-27
 1.88000000e+01  8.73462346e+07  1.30505100e+12  6.73876920e-27
 1.89000000e+01  8.32654650e+07  1.29231300e+12  6.48725660e-27
 1.90000000e+01  7.92483349e+07  1.27957500e+12  6.23574400e-27
 1.91000000e+01  7.60887893e+07  1.26787800e+12  6.04236680e-27
 1.92000000e+01  7.29741746e+07  1.25618100e+12  5.84898960e-27
 1.93000000e+01  6.99044909e+07  1.24448400e+12  5.65561240e-27
 1.94000000e+01  6.68797382e+07  1.23278700e+12  5.46223520e-27
 1.95000000e+01  6.38999165e+07  1.22109000e+12  5.26885800e-27
 1.96000000e+01  6.14443964e+07  1.20955500e+12  5.11470440e-27
 1.97000000e+01  5.90241976e+07  1.19802000e+12  4.96055080e-27
 1.98000000e+01  5.66393202e+07  1.18648500e+12  4.80639720e-27
 1.99000000e+01  5.42897641e+07  1.17495000e+12  4.65224360e-27
 2.00000000e+01  5.19755294e+07  1.16341500e+12  4.49809000e-27
 2.01000000e+01  5.01944221e+07  1.15205700e+12  4.38677510e-27
 2.02000000e+01  4.84384292e+07  1.14069900e+12  4.27546020e-27
 2.03000000e+01  4.67075505e+07  1.12934100e+12  4.16414530e-27
 2.04000000e+01  4.50017862e+07  1.11798300e+12  4.05283040e-27
 2.05000000e+01  4.33211361e+07  1.10662500e+12  3.94151550e-27
 2.06000000e+01  4.17388684e+07  1.09719300e+12  3.83020060e-27
 2.07000000e+01  4.01774562e+07  1.08776100e+12  3.71888570e-27
 2.08000000e+01  3.86368997e+07  1.07832900e+12  3.60757080e-27
 2.09000000e+01  3.71171987e+07  1.06889700e+12  3.49625590e-27
 2.10000000e+01  3.56183535e+07  1.05946500e+12  3.38494100e-27
 2.11000000e+01  3.45413495e+07  1.05063000e+12  3.31019350e-27
 2.12000000e+01  3.34774636e+07  1.04179500e+12  3.23544600e-27
 2.13000000e+01  3.24266957e+07  1.03296000e+12  3.16069850e-27
 2.14000000e+01  3.13890459e+07  1.02412500e+12  3.08595100e-27
 2.15000000e+01  3.03645142e+07  1.01529000e+12  3.01120350e-27
 2.16000000e+01  2.93487258e+07  1.00630500e+12  2.93645600e-27
 2.17000000e+01  2.83462781e+07  9.97320000e+11  2.86170850e-27
 2.18000000e+01  2.73571712e+07  9.88335000e+11  2.78696100e-27
 2.19000000e+01  2.63814051e+07  9.79350000e+11  2.71221350e-27
 2.20000000e+01  2.54189798e+07  9.70365000e+11  2.63746600e-27
 2.21000000e+01  2.46756567e+07  9.61737000e+11  2.58330850e-27
 2.22000000e+01  2.39416155e+07  9.53109000e+11  2.52915100e-27
 2.23000000e+01  2.32168561e+07  9.44481000e+11  2.47499350e-27
 2.24000000e+01  2.25013786e+07  9.35853000e+11  2.42083600e-27
 2.25000000e+01  2.17951830e+07  9.27225000e+11  2.36667850e-27
 2.26000000e+01  2.11030236e+07  9.18804000e+11  2.31252100e-27
 2.27000000e+01  2.04199233e+07  9.10383000e+11  2.25836350e-27
 2.28000000e+01  1.97458823e+07  9.01962000e+11  2.20420600e-27
 2.29000000e+01  1.90809004e+07  8.93541000e+11  2.15004850e-27
 2.30000000e+01  1.84249776e+07  8.85120000e+11  2.09589100e-27
 2.31000000e+01  1.79228078e+07  8.77287000e+11  2.05697130e-27
 2.32000000e+01  1.74266937e+07  8.69454000e+11  2.01805160e-27
 2.33000000e+01  1.69366353e+07  8.61621000e+11  1.97913190e-27
 2.34000000e+01  1.64526326e+07  8.53788000e+11  1.94021220e-27
 2.35000000e+01  1.59746856e+07  8.45955000e+11  1.90129250e-27
 2.36000000e+01  1.55120058e+07  8.38620000e+11  1.86237280e-27
 2.37000000e+01  1.50549967e+07  8.31285000e+11  1.82345310e-27
 2.38000000e+01  1.46036582e+07  8.23950000e+11  1.78453340e-27
 2.39000000e+01  1.41579905e+07  8.16615000e+11  1.74561370e-27
 2.40000000e+01  1.37179935e+07  8.09280000e+11  1.70669400e-27
 2.41000000e+01  1.33516786e+07  8.02611000e+11  1.67492220e-27
 2.42000000e+01  1.29895726e+07  7.95942000e+11  1.64315040e-27
 2.43000000e+01  1.26316755e+07  7.89273000e+11  1.61137860e-27
 2.44000000e+01  1.22779873e+07  7.82604000e+11  1.57960680e-27
 2.45000000e+01  1.19285080e+07  7.75935000e+11  1.54783500e-27
 2.46000000e+01  1.15808435e+07  7.69107000e+11  1.51606320e-27
 2.47000000e+01  1.12374882e+07  7.62279000e+11  1.48429140e-27
 2.48000000e+01  1.08984422e+07  7.55451000e+11  1.45251960e-27
 2.49000000e+01  1.05637054e+07  7.48623000e+11  1.42074780e-27
 2.50000000e+01  1.02332778e+07  7.41795000e+11  1.38897600e-27
 2.51000000e+01  9.95972811e+06  7.34604000e+11  1.36507990e-27
 2.52000000e+01  9.68959175e+06  7.27413000e+11  1.34118380e-27
 2.53000000e+01  9.42286875e+06  7.20222000e+11  1.31728770e-27
 2.54000000e+01  9.15955911e+06  7.13031000e+11  1.29339160e-27
 2.55000000e+01  8.89966284e+06  7.05840000e+11  1.26949550e-27
 2.56000000e+01  8.65620689e+06  6.99702000e+11  1.24559940e-27
 2.57000000e+01  8.41566446e+06  6.93564000e+11  1.22170330e-27
 2.58000000e+01  8.17803557e+06  6.87426000e+11  1.19780720e-27
 2.59000000e+01  7.94332022e+06  6.81288000e+11  1.17391110e-27
 2.60000000e+01  7.71151840e+06  6.75150000e+11  1.15001500e-27
 2.61000000e+01  7.52823420e+06  6.69648000e+11  1.13190616e-27
 2.62000000e+01  7.34692915e+06  6.64146000e+11  1.11379732e-27
 2.63000000e+01  7.16760325e+06  6.58644000e+11  1.09568848e-27
 2.64000000e+01  6.99025648e+06  6.53142000e+11  1.07757964e-27
 2.65000000e+01  6.81488886e+06  6.47640000e+11  1.05947080e-27
 2.66000000e+01  6.63423975e+06  6.41436000e+11  1.04136196e-27
 2.67000000e+01  6.45582229e+06  6.35232000e+11  1.02325312e-27
 2.68000000e+01  6.27963650e+06  6.29028000e+11  1.00514428e-27
 2.69000000e+01  6.10568237e+06  6.22824000e+11  9.87035440e-28
 2.70000000e+01  5.93395991e+06  6.16620000e+11  9.68926600e-28
 2.71000000e+01  5.78580257e+06  6.10113000e+11  9.54810550e-28
 2.72000000e+01  5.63946979e+06  6.03606000e+11  9.40694500e-28
 2.73000000e+01  5.49496159e+06  5.97099000e+11  9.26578450e-28
 2.74000000e+01  5.35227796e+06  5.90592000e+11  9.12462400e-28
 2.75000000e+01  5.21141889e+06  5.84085000e+11  8.98346350e-28
 2.76000000e+01  5.08479359e+06  5.78991000e+11  8.84230300e-28
 2.77000000e+01  4.95959665e+06  5.73897000e+11  8.70114250e-28
 2.78000000e+01  4.83582807e+06  5.68803000e+11  8.55998200e-28
 2.79000000e+01  4.71348785e+06  5.63709000e+11  8.41882150e-28
 2.80000000e+01  4.59257600e+06  5.58615000e+11  8.27766100e-28
 2.81000000e+01  4.48161082e+06  5.53473000e+11  8.15270220e-28
 2.82000000e+01  4.37192199e+06  5.48331000e+11  8.02774340e-28
 2.83000000e+01  4.26350948e+06  5.43189000e+11  7.90278460e-28
 2.84000000e+01  4.15637332e+06  5.38047000e+11  7.77782580e-28
 2.85000000e+01  4.05051349e+06  5.32905000e+11  7.65286700e-28
 2.86000000e+01  3.94344025e+06  5.27430000e+11  7.52790820e-28
 2.87000000e+01  3.83772601e+06  5.21955000e+11  7.40294940e-28
 2.88000000e+01  3.73337075e+06  5.16480000e+11  7.27799060e-28
 2.89000000e+01  3.63037449e+06  5.11005000e+11  7.15303180e-28
 2.90000000e+01  3.52873723e+06  5.05530000e+11  7.02807300e-28
 2.91000000e+01  3.44944614e+06  5.00643000e+11  6.93721410e-28
 2.92000000e+01  3.37103707e+06  4.95756000e+11  6.84635520e-28
 2.93000000e+01  3.29351001e+06  4.90869000e+11  6.75549630e-28
 2.94000000e+01  3.21686497e+06  4.85982000e+11  6.66463740e-28
 2.95000000e+01  3.14110195e+06  4.81095000e+11  6.57377850e-28
 2.96000000e+01  3.06486878e+06  4.75998000e+11  6.48291960e-28
 2.97000000e+01  2.98955553e+06  4.70901000e+11  6.39206070e-28
 2.98000000e+01  2.91516220e+06  4.65804000e+11  6.30120180e-28
 2.99000000e+01  2.84168878e+06  4.60707000e+11  6.21034290e-28
 3.00000000e+01  2.76913528e+06  4.55610000e+11  6.11948400e-28
 3.01000000e+01  2.70856955e+06  4.50528000e+11  6.05315900e-28
 3.02000000e+01  2.64867335e+06  4.45446000e+11  5.98683400e-28
 3.03000000e+01  2.58944670e+06  4.40364000e+11  5.92050900e-28
 3.04000000e+01  2.53088959e+06  4.35282000e+11  5.85418400e-28
 3.05000000e+01  2.47300202e+06  4.30200000e+11  5.78785900e-28
 3.06000000e+01  2.41782973e+06  4.25478000e+11  5.72153400e-28
 3.07000000e+01  2.36327956e+06  4.20756000e+11  5.65520900e-28
 3.08000000e+01  2.30935151e+06  4.16034000e+11  5.58888400e-28
 3.09000000e+01  2.25604556e+06  4.11312000e+11  5.52255900e-28
 3.10000000e+01  2.20336173e+06  4.06590000e+11  5.45623400e-28
 3.11000000e+01  2.15245632e+06  4.02084000e+11  5.38990900e-28
 3.12000000e+01  2.10214456e+06  3.97578000e+11  5.32358400e-28
 3.13000000e+01  2.05242645e+06  3.93072000e+11  5.25725900e-28
 3.14000000e+01  2.00330200e+06  3.88566000e+11  5.19093400e-28
 3.15000000e+01  1.95477121e+06  3.84060000e+11  5.12460900e-28
 3.16000000e+01  1.90549270e+06  3.79287000e+11  5.05828400e-28
 3.17000000e+01  1.85684302e+06  3.74514000e+11  4.99195900e-28
 3.18000000e+01  1.80882217e+06  3.69741000e+11  4.92563400e-28
 3.19000000e+01  1.76143015e+06  3.64968000e+11  4.85930900e-28
 3.20000000e+01  1.71466697e+06  3.60195000e+11  4.79298400e-28
 3.21000000e+01  1.67267429e+06  3.55107000e+11  4.74259485e-28
 3.22000000e+01  1.63119088e+06  3.50019000e+11  4.69220570e-28
 3.23000000e+01  1.59021674e+06  3.44931000e+11  4.64181655e-28
 3.24000000e+01  1.54975188e+06  3.39843000e+11  4.59142740e-28
 3.25000000e+01  1.50979629e+06  3.34755000e+11  4.54103825e-28
 3.26000000e+01  1.47061223e+06  3.29725800e+11  4.49064910e-28
 3.27000000e+01  1.43193155e+06  3.24696600e+11  4.44025995e-28
 3.28000000e+01  1.39375426e+06  3.19667400e+11  4.38987080e-28
 3.29000000e+01  1.35608036e+06  3.14638200e+11  4.33948165e-28
 3.30000000e+01  1.31890985e+06  3.09609000e+11  4.28909250e-28
 3.31000000e+01  1.28431272e+06  3.05071500e+11  4.23870335e-28
 3.32000000e+01  1.25016975e+06  3.00534000e+11  4.18831420e-28
 3.33000000e+01  1.21648097e+06  2.95996500e+11  4.13792505e-28
 3.34000000e+01  1.18324635e+06  2.91459000e+11  4.08753590e-28
 3.35000000e+01  1.15046590e+06  2.86921500e+11  4.03714675e-28
 3.36000000e+01  1.11766684e+06  2.82264600e+11  3.98675760e-28
 3.37000000e+01  1.08533391e+06  2.77607700e+11  3.93636845e-28
 3.38000000e+01  1.05346710e+06  2.72950800e+11  3.88597930e-28
 3.39000000e+01  1.02206641e+06  2.68293900e+11  3.83559015e-28
 3.40000000e+01  9.91131843e+05  2.63637000e+11  3.78520100e-28
 3.41000000e+01  9.65195400e+05  2.59037100e+11  3.75160540e-28
 3.42000000e+01  9.39565929e+05  2.54437200e+11  3.71800980e-28
 3.43000000e+01  9.14243428e+05  2.49837300e+11  3.68441420e-28
 3.44000000e+01  8.89227898e+05  2.45237400e+11  3.65081860e-28
 3.45000000e+01  8.64519339e+05  2.40637500e+11  3.61722300e-28
 3.46000000e+01  8.40864126e+05  2.36247300e+11  3.58362740e-28
 3.47000000e+01  8.17501889e+05  2.31857100e+11  3.55003180e-28
 3.48000000e+01  7.94432629e+05  2.27466900e+11  3.51643620e-28
 3.49000000e+01  7.71656345e+05  2.23076700e+11  3.48284060e-28
 3.50000000e+01  7.49173038e+05  2.18686500e+11  3.44924500e-28
 3.51000000e+01  7.25505988e+05  2.13861000e+11  3.41564940e-28
 3.52000000e+01  7.02160964e+05  2.09035500e+11  3.38205380e-28
 3.53000000e+01  6.79137965e+05  2.04210000e+11  3.34845820e-28
 3.54000000e+01  6.56436993e+05  1.99384500e+11  3.31486260e-28
 3.55000000e+01  6.34058046e+05  1.94559000e+11  3.28126700e-28
 3.56000000e+01  6.11481484e+05  1.89572400e+11  3.24767140e-28
 3.57000000e+01  5.89237699e+05  1.84585800e+11  3.21407580e-28
 3.58000000e+01  5.67326691e+05  1.79599200e+11  3.18048020e-28
 3.59000000e+01  5.45748459e+05  1.74612600e+11  3.14688460e-28
 3.60000000e+01  5.24503004e+05  1.69626000e+11  3.11328900e-28
 3.61000000e+01  5.06110172e+05  1.65085500e+11  3.08673975e-28
 3.62000000e+01  4.87956794e+05  1.60545000e+11  3.06019050e-28
 3.63000000e+01  4.70042870e+05  1.56004500e+11  3.03364125e-28
 3.64000000e+01  4.52368399e+05  1.51464000e+11  3.00709200e-28
 3.65000000e+01  4.34933383e+05  1.46923500e+11  2.98054275e-28
 3.66000000e+01  4.16234489e+05  1.41870600e+11  2.95399350e-28
 3.67000000e+01  3.97802072e+05  1.36817700e+11  2.92744425e-28
 3.68000000e+01  3.79636131e+05  1.31764800e+11  2.90089500e-28
 3.69000000e+01  3.61736667e+05  1.26711900e+11  2.87434575e-28
 3.70000000e+01  3.44103679e+05  1.21659000e+11  2.84779650e-28
 3.71000000e+01  3.25826779e+05  1.16281200e+11  2.82124725e-28
 3.72000000e+01  3.07833490e+05  1.10903400e+11  2.79469800e-28
 3.73000000e+01  2.90123813e+05  1.05525600e+11  2.76814875e-28
 3.74000000e+01  2.72697746e+05  1.00147800e+11  2.74159950e-28
 3.75000000e+01  2.55555290e+05  9.47700000e+10  2.71505025e-28
 3.76000000e+01  2.39725813e+05  8.97777000e+10  2.68850100e-28
 3.77000000e+01  2.24159616e+05  8.47854000e+10  2.66195175e-28
 3.78000000e+01  2.08856701e+05  7.97931000e+10  2.63540250e-28
 3.79000000e+01  1.93817066e+05  7.48008000e+10  2.60885325e-28
 3.80000000e+01  1.79040712e+05  6.98085000e+10  2.58230400e-28
 3.81000000e+01  1.64286363e+05  6.44698800e+10  2.56571570e-28
 3.82000000e+01  1.49707927e+05  5.91312600e+10  2.54912740e-28
 3.83000000e+01  1.35305403e+05  5.37926400e+10  2.53253910e-28
 3.84000000e+01  1.21078792e+05  4.84540200e+10  2.51595080e-28
 3.85000000e+01  1.07028094e+05  4.31154000e+10  2.49936250e-28
 3.86000000e+01  9.55821832e+04  3.87617700e+10  2.48277420e-28
 3.87000000e+01  8.42797287e+04  3.44081400e+10  2.46618590e-28
 3.88000000e+01  7.31207305e+04  3.00545100e+10  2.44959760e-28
 3.89000000e+01  6.21051886e+04  2.57008800e+10  2.43300930e-28
 3.90000000e+01  5.12331029e+04  2.13472500e+10  2.41642100e-28
 3.91000000e+01  4.44372302e+04  1.86436050e+10  2.39983270e-28
 3.92000000e+01  3.77304453e+04  1.59399600e+10  2.38324440e-28
 3.93000000e+01  3.11127480e+04  1.32363150e+10  2.36665610e-28
 3.94000000e+01  2.45841384e+04  1.05326700e+10  2.35006780e-28
 3.95000000e+01  1.81446164e+04  7.82902500e+09  2.33347950e-28
 3.96000000e+01  1.49982225e+04  6.51775500e+09  2.31689120e-28
 3.97000000e+01  1.18950363e+04  5.20648500e+09  2.30030290e-28
 3.98000000e+01  8.83505758e+03  3.89521500e+09  2.28371460e-28
 3.99000000e+01  5.81828650e+03  2.58394500e+09  2.26712630e-28
 4.00000000e+01  2.84472301e+03  1.27267500e+09  2.25053800e-28
 4.01000000e+01  2.26081904e+03  1.01814000e+09  2.23574455e-28
 4.02000000e+01  1.68439476e+03  7.63605000e+08  2.22095110e-28
 4.03000000e+01  1.11545016e+03  5.09070000e+08  2.20615765e-28
 4.04000000e+01  5.53985239e+02  2.54535000e+08  2.19136420e-28
 4.05000000e+01  0.00000000e+00  0.00000000e+00  2.17657075e-28
 4.06000000e+01  0.00000000e+00  0.00000000e+00  2.16177730e-28
 4.07000000e+01  0.00000000e+00  0.00000000e+00  2.14698385e-28
 4.08000000e+01  0.00000000e+00  0.00000000e+00  2.13219040e-28
 4.09000000e+01  0.00000000e+00  0.00000000e+00  2.11739695e-28
 4.10000000e+01  0.00000000e+00  0.00000000e+00  2.10260350e-28
 4.11000000e+01  0.00000000e+00  0.00000000e+00  2.08781005e-28
 4.12000000e+01  0.00000000e+00  0.00000000e+00  2.07301660e-28
 4.13000000e+01  0.00000000e+00  0.00000000e+00  2.05822315e-28
 4.14000000e+01  0.00000000e+00  0.00000000e+00  2.04342970e-28
 4.15000000e+01  0.00000000e+00  0.00000000e+00  2.02863625e-28
 4.16000000e+01  0.00000000e+00  0.00000000e+00  2.01384280e-28
 4.17000000e+01  0.00000000e+00  0.00000000e+00  1.99904935e-28
 4.18000000e+01  0.00000000e+00  0.00000000e+00  1.98425590e-28
 4.19000000e+01  0.00000000e+00  0.00000000e+00  1.96946245e-28
 4.20000000e+01  0.00000000e+00  0.00000000e+00  1.95466900e-28
 4.21000000e+01  0.00000000e+00  0.00000000e+00  1.94360320e-28
 4.22000000e+01  0.00000000e+00  0.00000000e+00  1.93253740e-28
 4.23000000e+01  0.00000000e+00  0.00000000e+00  1.92147160e-28
 4.24000000e+01  0.00000000e+00  0.00000000e+00  1.91040580e-28
 4.25000000e+01  0.00000000e+00  0.00000000e+00  1.89934000e-28
 4.26000000e+01  0.00000000e+00  0.00000000e+00  1.88827420e-28
 4.27000000e+01  0.00000000e+00  0.00000000e+00  1.87720840e-28
 4.28000000e+01  0.00000000e+00  0.00000000e+00  1.86614260e-28
 4.29000000e+01  0.00000000e+00  0.00000000e+00  1.85507680e-28
 4.30000000e+01  0.00000000e+00  0.00000000e+00  1.84401100e-28
 4.31000000e+01  0.00000000e+00  0.00000000e+00  1.83294520e-28
 4.32000000e+01  0.00000000e+00  0.00000000e+00  1.82187940e-28
 4.33000000e+01  0.00000000e+00  0.00000000e+00  1.81081360e-28
 4.34000000e+01  0.00000000e+00  0.00000000e+00  1.79974780e-28
 4.35000000e+01  0.00000000e+00  0.00000000e+00  1.78868200e-28
 4.36000000e+01  0.00000000e+00  0.00000000e+00  1.77761620e-28
 4.37000000e+01  0.00000000e+00  0.00000000e+00  1.76655040e-28
 4.38000000e+01  0.00000000e+00  0.00000000e+00  1.75548460e-28
 4.39000000e+01  0.00000000e+00  0.00000000e+00  1.74441880e-28
 4.40000000e+01  0.00000000e+00  0.00000000e+00  1.73335300e-28
 4.41000000e+01  0.00000000e+00  0.00000000e+00  1.72441315e-28
 4.42000000e+01  0.00000000e+00  0.00000000e+00  1.71547330e-28
 4.43000000e+01  0.00000000e+00  0.00000000e+00  1.70653345e-28
 4.44000000e+01  0.00000000e+00  0.00000000e+00  1.69759360e-28
 4.45000000e+01  0.00000000e+00  0.00000000e+00  1.68865375e-28
 4.46000000e+01  0.00000000e+00  0.00000000e+00  1.67971390e-28
 4.47000000e+01  0.00000000e+00  0.00000000e+00  1.67077405e-28
 4.48000000e+01  0.00000000e+00  0.00000000e+00  1.66183420e-28
 4.49000000e+01  0.00000000e+00  0.00000000e+00  1.65289435e-28
 4.50000000e+01  0.00000000e+00  0.00000000e+00  1.64395450e-28
 4.51000000e+01  0.00000000e+00  0.00000000e+00  1.63501465e-28
 4.52000000e+01  0.00000000e+00  0.00000000e+00  1.62607480e-28
 4.53000000e+01  0.00000000e+00  0.00000000e+00  1.61713495e-28
 4.54000000e+01  0.00000000e+00  0.00000000e+00  1.60819510e-28
 4.55000000e+01  0.00000000e+00  0.00000000e+00  1.59925525e-28
 4.56000000e+01  0.00000000e+00  0.00000000e+00  1.59031540e-28
 4.57000000e+01  0.00000000e+00  0.00000000e+00  1.58137555e-28
 4.58000000e+01  0.00000000e+00  0.00000000e+00  1.57243570e-28
 4.59000000e+01  0.00000000e+00  0.00000000e+00  1.56349585e-28
 4.60000000e+01  0.00000000e+00  0.00000000e+00  1.55455600e-28
 4.61000000e+01  0.00000000e+00  0.00000000e+00  1.54835485e-28
 4.62000000e+01  0.00000000e+00  0.00000000e+00  1.54215370e-28
 4.63000000e+01  0.00000000e+00  0.00000000e+00  1.53595255e-28
 4.64000000e+01  0.00000000e+00  0.00000000e+00  1.52975140e-28
 4.65000000e+01  0.00000000e+00  0.00000000e+00  1.52355025e-28
 4.66000000e+01  0.00000000e+00  0.00000000e+00  1.51734910e-28
 4.67000000e+01  0.00000000e+00  0.00000000e+00  1.51114795e-28
 4.68000000e+01  0.00000000e+00  0.00000000e+00  1.50494680e-28
 4.69000000e+01  0.00000000e+00  0.00000000e+00  1.49874565e-28
 4.70000000e+01  0.00000000e+00  0.00000000e+00  1.49254450e-28
 4.71000000e+01  0.00000000e+00  0.00000000e+00  1.48634335e-28
 4.72000000e+01  0.00000000e+00  0.00000000e+00  1.48014220e-28
 4.73000000e+01  0.00000000e+00  0.00000000e+00  1.47394105e-28
 4.74000000e+01  0.00000000e+00  0.00000000e+00  1.46773990e-28
 4.75000000e+01  0.00000000e+00  0.00000000e+00  1.46153875e-28
 4.76000000e+01  0.00000000e+00  0.00000000e+00  1.45533760e-28
 4.77000000e+01  0.00000000e+00  0.00000000e+00  1.44913645e-28
 4.78000000e+01  0.00000000e+00  0.00000000e+00  1.44293530e-28
 4.79000000e+01  0.00000000e+00  0.00000000e+00  1.43673415e-28
 4.80000000e+01  0.00000000e+00  0.00000000e+00  1.43053300e-28
 4.81000000e+01  0.00000000e+00  0.00000000e+00  1.42414940e-28
 4.82000000e+01  0.00000000e+00  0.00000000e+00  1.41776580e-28
 4.83000000e+01  0.00000000e+00  0.00000000e+00  1.41138220e-28
 4.84000000e+01  0.00000000e+00  0.00000000e+00  1.40499860e-28
 4.85000000e+01  0.00000000e+00  0.00000000e+00  1.39861500e-28
 4.86000000e+01  0.00000000e+00  0.00000000e+00  1.39223140e-28
 4.87000000e+01  0.00000000e+00  0.00000000e+00  1.38584780e-28
 4.88000000e+01  0.00000000e+00  0.00000000e+00  1.37946420e-28
 4.89000000e+01  0.00000000e+00  0.00000000e+00  1.37308060e-28
 4.90000000e+01  0.00000000e+00  0.00000000e+00  1.36669700e-28
 4.91000000e+01  0.00000000e+00  0.00000000e+00  1.36031340e-28
 4.92000000e+01  0.00000000e+00  0.00000000e+00  1.35392980e-28
 4.93000000e+01  0.00000000e+00  0.00000000e+00  1.34754620e-28
 4.94000000e+01  0.00000000e+00  0.00000000e+00  1.34116260e-28
 4.95000000e+01  0.00000000e+00  0.00000000e+00  1.33477900e-28
 4.96000000e+01  0.00000000e+00  0.00000000e+00  1.32839540e-28
 4.97000000e+01  0.00000000e+00  0.00000000e+00  1.32201180e-28
 4.98000000e+01  0.00000000e+00  0.00000000e+00  1.31562820e-28
 4.99000000e+01  0.00000000e+00  0.00000000e+00  1.30924460e-28
 5.00000000e+01  0.00000000e+00  0.00000000e+00  1.30286100e-28
