# energy(MeV) dYield(atoms/MeV/s) photonFlux(photons/MeV/uA/s) crossSection(mb)
# 501 4
# 501 4
 0.00000000e+00  0.00000000e+00  5.12460000e+13  0.00000000e+00
 1.00000000e-01  0.00000000e+00  5.21385000e+13  0.00000000e+00
 2.00000000e-01  0.00000000e+00  5.30310000e+13  0.00000000e+00
 3.00000000e-01  0.00000000e+00  5.39235000e+13  0.00000000e+00
 4.00000000e-01  0.00000000e+00  5.48160000e+13  0.00000000e+00
 5.00000000e-01  0.00000000e+00  5.57085000e+13  0.00000000e+00
 6.00000000e-01  0.00000000e+00  5.43057000e+13  0.00000000e+00
 7.00000000e-01  0.00000000e+00  5.29029000e+13  0.00000000e+00
 8.00000000e-01  0.00000000e+00  5.15001000e+13  0.00000000e+00
 9.00000000e-01  0.00000000e+00  5.00973000e+13  0.00000000e+00
 1.00000000e+00  0.00000000e+00  4.86945000e+13  0.00000000e+00
 1.10000000e+00  0.00000000e+00  4.53721200e+13  0.00000000e+00
 1.20000000e+00  0.00000000e+00  4.20497400e+13  0.00000000e+00
 1.30000000e+00  0.00000000e+00  3.87273600e+13  0.00000000e+00
 1.40000000e+00  0.00000000e+00  3.54049800e+13  0.00000000e+00
 1.50000000e+00  0.00000000e+00  3.20826000e+13  0.00000000e+00
 1.60000000e+00  0.00000000e+00  3.04306200e+13  0.00000000e+00
 1.70000000e+00  0.00000000e+00  2.87786400e+13  0.00000000e+00
 1.80000000e+00  0.00000000e+00  2.71266600e+13  0.00000000e+00
 1.90000000e+00  0.00000000e+00  2.54746800e+13  0.00000000e+00
 2.00000000e+00  0.00000000e+00  2.38227000e+13  0.00000000e+00
 2.10000000e+00  0.00000000e+00  2.27930700e+13  0.00000000e+00
 2.20000000e+00  0.00000000e+00  2.17634400e+13  0.00000000e+00
 2.30000000e+00  0.00000000e+00  2.07338100e+13  0.00000000e+00
 2.40000000e+00  0.00000000e+00  1.97041800e+13  0.00000000e+00
 2.50000000e+00  0.00000000e+00  1.86745500e+13  0.00000000e+00
 2.60000000e+00  0.00000000e+00  1.79811900e+13  0.00000000e+00
 2.70000000e+00  0.00000000e+00  1.72878300e+13  0.00000000e+00
 2.80000000e+00  0.00000000e+00  1.65944700e+13  0.00000000e+00
 2.90000000e+00  0.00000000e+00  1.59011100e+13  0.00000000e+00
 3.00000000e+00  0.00000000e+00  1.52077500e+13  0.00000000e+00
 3.10000000e+00  0.00000000e+00  1.47093300e+13  0.00000000e+00
 3.20000000e+00  0.00000000e+00  1.42109100e+13  0.00000000e+00
 3.30000000e+00  0.00000000e+00  1.37124900e+13  0.00000000e+00
 3.40000000e+00  0.00000000e+00  1.32140700e+13  0.00000000e+00
 3.50000000e+00  0.00000000e+00  1.27156500e+13  0.00000000e+00
 3.60000000e+00  0.00000000e+00  1.23448200e+13  0.00000000e+00
 3.70000000e+00  0.00000000e+00  1.19739900e+13  0.00000000e+00
 3.80000000e+00  0.00000000e+00  1.16031600e+13  0.00000000e+00
 3.90000000e+00  0.00000000e+00  1.12323300e+13  0.00000000e+00
 4.00000000e+00  0.00000000e+00  1.08615000e+13  0.00000000e+00
 4.10000000e+00  0.00000000e+00  1.05729900e+13  0.00000000e+00
 4.20000000e+00  0.00000000e+00  1.02844800e+13  0.00000000e+00
 4.30000000e+00  0.00000000e+00  9.99597000e+12  0.00000000e+00
 4.40000000e+00  0.00000000e+00  9.70746000e+12  0.00000000e+00
 4.50000000e+00  0.00000000e+00  9.41895000e+12  0.00000000e+00
 4.60000000e+00  0.00000000e+00  9.18933000e+12  0.00000000e+00
 4.70000000e+00  0.00000000e+00  8.95971000e+12  0.00000000e+00
 4.80000000e+00  0.00000000e+00  8.73009000e+12  0.00000000e+00
 4.90000000e+00  0.00000000e+00  8.50047000e+12  0.00000000e+00
 5.00000000e+00  0.00000000e+00  8.27085000e+12  0.00000000e+00
 5.10000000e+00  0.00000000e+00  8.08413000e+12  0.00000000e+00
 5.20000000e+00  0.00000000e+00  7.89741000e+12  0.00000000e+00
 5.30000000e+00  0.00000000e+00  7.71069000e+12  0.00000000e+00
 5.40000000e+00  0.00000000e+00  7.52397000e+12  0.00000000e+00
 5.50000000e+00  0.00000000e+00  7.33725000e+12  0.00000000e+00
 5.60000000e+00  0.00000000e+00  7.18389000e+12  0.00000000e+00
 5.70000000e+00  0.00000000e+00  7.03053000e+12  0.00000000e+00
 5.80000000e+00  0.00000000e+00  6.87717000e+12  0.00000000e+00
 5.90000000e+00  0.00000000e+00  6.72381000e+12  0.00000000e+00
 6.00000000e+00  0.00000000e+00  6.57045000e+12  0.00000000e+00
 6.10000000e+00  0.00000000e+00  6.44109000e+12  0.00000000e+00
 6.20000000e+00  0.00000000e+00  6.31173000e+12  0.00000000e+00
 6.30000000e+00  0.00000000e+00  6.18237000e+12  0.00000000e+00
 6.40000000e+00  0.00000000e+00  6.05301000e+12  0.00000000e+00
 6.50000000e+00  0.00000000e+00  5.92365000e+12  0.00000000e+00
 6.60000000e+00  7.34568236e+08  5.81238000e+12  1.27245380e-26
 6.70000000e+00  7.77569704e+08  5.70111000e+12  1.37323160e-26
 6.80000000e+00  8.18343717e+08  5.58984000e+12  1.47400940e-26
 6.90000000e+00  8.56890273e+08  5.47857000e+12  1.57478720e-26
 7.00000000e+00  8.93209374e+08  5.36730000e+12  1.67556500e-26
 7.10000000e+00  9.34044248e+08  5.27241000e+12  1.78370140e-26
 7.20000000e+00  9.72840866e+08  5.17752000e+12  1.89183780e-26
 7.30000000e+00  1.00959923e+09  5.08263000e+12  1.99997420e-26
 7.40000000e+00  1.04431934e+09  4.98774000e+12  2.10811060e-26
 7.50000000e+00  1.07700119e+09  4.89285000e+12  2.21624700e-26
 7.60000000e+00  1.13118144e+09  4.81041000e+12  2.36763120e-26
 7.70000000e+00  1.18288264e+09  4.72797000e+12  2.51901540e-26
 7.80000000e+00  1.23210479e+09  4.64553000e+12  2.67039960e-26
 7.90000000e+00  1.27884789e+09  4.56309000e+12  2.82178380e-26
 8.00000000e+00  1.32311195e+09  4.48065000e+12  2.97316800e-26
 8.10000000e+00  1.39783392e+09  4.40922000e+12  3.19196180e-26
 8.20000000e+00  1.46945146e+09  4.33779000e+12  3.41075560e-26
 8.30000000e+00  1.53796458e+09  4.26636000e+12  3.62954940e-26
 8.40000000e+00  1.60337326e+09  4.19493000e+12  3.84834320e-26
 8.50000000e+00  1.66567751e+09  4.12350000e+12  4.06713700e-26
 8.60000000e+00  1.76928500e+09  4.06002000e+12  4.38766540e-26
 8.70000000e+00  1.86885074e+09  3.99654000e+12  4.70819380e-26
 8.80000000e+00  1.96437473e+09  3.93306000e+12  5.02872220e-26
 8.90000000e+00  2.05585697e+09  3.86958000e+12  5.34925060e-26
 9.00000000e+00  2.14329745e+09  3.80610000e+12  5.66977900e-26
 9.10000000e+00  2.28751644e+09  3.74967000e+12  6.14235700e-26
 9.20000000e+00  2.42643819e+09  3.69324000e+12  6.61493500e-26
 9.30000000e+00  2.56006271e+09  3.63681000e+12  7.08751300e-26
 9.40000000e+00  2.68838998e+09  3.58038000e+12  7.56009100e-26
 9.50000000e+00  2.81142001e+09  3.52395000e+12  8.03266900e-26
 9.60000000e+00  3.01271628e+09  3.47430000e+12  8.73081520e-26
 9.70000000e+00  3.20712711e+09  3.42465000e+12  9.42896140e-26
 9.80000000e+00  3.39465250e+09  3.37500000e+12  1.01271076e-25
 9.90000000e+00  3.57529245e+09  3.32535000e+12  1.08252538e-25
 1.00000000e+01  3.74904696e+09  3.27570000e+12  1.15234000e-25
 1.01000000e+01  4.02893997e+09  3.23163600e+12  1.25525580e-25
 1.02000000e+01  4.29982490e+09  3.18757200e+12  1.35817160e-25
 1.03000000e+01  4.56170175e+09  3.14350800e+12  1.46108740e-25
 1.04000000e+01  4.81457053e+09  3.09944400e+12  1.56400320e-25
 1.05000000e+01  5.05843123e+09  3.05538000e+12  1.66691900e-25
 1.06000000e+01  5.42630102e+09  3.01419000e+12  1.81257980e-25
 1.07000000e+01  5.78225289e+09  2.97300000e+12  1.95824060e-25
 1.08000000e+01  6.12628683e+09  2.93181000e+12  2.10390140e-25
 1.09000000e+01  6.45840285e+09  2.89062000e+12  2.24956220e-25
 1.10000000e+01  6.77860094e+09  2.84943000e+12  2.39522300e-25
 1.11000000e+01  7.13651789e+09  2.81176800e+12  2.55546980e-25
 1.12000000e+01  7.48244651e+09  2.77410600e+12  2.71571660e-25
 1.13000000e+01  7.81638678e+09  2.73644400e+12  2.87596340e-25
 1.14000000e+01  8.13833873e+09  2.69878200e+12  3.03621020e-25
 1.15000000e+01  8.44830234e+09  2.66112000e+12  3.19645700e-25
 1.16000000e+01  8.12353438e+09  2.62749900e+12  3.11290840e-25
 1.17000000e+01  7.80434619e+09  2.59387800e+12  3.02935980e-25
 1.18000000e+01  7.49073776e+09  2.56025700e+12  2.94581120e-25
 1.19000000e+01  7.18270910e+09  2.52663600e+12  2.86226260e-25
 1.20000000e+01  6.88026020e+09  2.49301500e+12  2.77871400e-25
 1.21000000e+01  6.41384310e+09  2.46313200e+12  2.62176960e-25
 1.22000000e+01  5.95674215e+09  2.43324900e+12  2.46482520e-25
 1.23000000e+01  5.50895734e+09  2.40336600e+12  2.30788080e-25
 1.24000000e+01  5.07048867e+09  2.37348300e+12  2.15093640e-25
 1.25000000e+01  4.64133614e+09  2.34360000e+12  1.99399200e-25
 1.26000000e+01  4.30985655e+09  2.31675300e+12  1.87303960e-25
 1.27000000e+01  3.98482721e+09  2.28990600e+12  1.75208720e-25
 1.28000000e+01  3.66624811e+09  2.26305900e+12  1.63113480e-25
 1.29000000e+01  3.35411926e+09  2.23621200e+12  1.51018240e-25
 1.30000000e+01  3.04844066e+09  2.20936500e+12  1.38923000e-25
 1.31000000e+01  2.83572881e+09  2.18351700e+12  1.30759122e-25
 1.32000000e+01  2.62720866e+09  2.15766900e+12  1.22595244e-25
 1.33000000e+01  2.42288020e+09  2.13182100e+12  1.14431366e-25
 1.34000000e+01  2.22274343e+09  2.10597300e+12  1.06267488e-25
 1.35000000e+01  2.02679836e+09  2.08012500e+12  9.81036100e-26
 1.36000000e+01  1.91157086e+09  2.05735200e+12  9.35504060e-26
 1.37000000e+01  1.79840306e+09  2.03457900e+12  8.89972020e-26
 1.38000000e+01  1.68729495e+09  2.01180600e+12  8.44439980e-26
 1.39000000e+01  1.57824655e+09  1.98903300e+12  7.98907940e-26
 1.40000000e+01  1.47125784e+09  1.96626000e+12  7.53375900e-26
 1.41000000e+01  1.39856945e+09  1.94461500e+12  7.24126240e-26
 1.42000000e+01  1.32713868e+09  1.92297000e+12  6.94876580e-26
 1.43000000e+01  1.25696550e+09  1.90132500e+12  6.65626920e-26
 1.44000000e+01  1.18804993e+09  1.87968000e+12  6.36377260e-26
 1.45000000e+01  1.12039197e+09  1.85803500e+12  6.07127600e-26
 1.46000000e+01  1.06109941e+09  1.83727200e+12  5.81495680e-26
 1.47000000e+01  1.00286399e+09  1.81650900e+12  5.55863760e-26
 1.48000000e+01  9.45685724e+08  1.79574600e+12  5.30231840e-26
 1.49000000e+01  8.89564611e+08  1.77498300e+12  5.04599920e-26
 1.50000000e+01  8.34500650e+08  1.75422000e+12  4.78968000e-26
 1.51000000e+01  7.86764163e+08  1.73699100e+12  4.56048340e-26
 1.52000000e+01  7.39812070e+08  1.71976200e+12  4.33128680e-26
 1.53000000e+01  6.93644371e+08  1.70253300e+12  4.10209020e-26
 1.54000000e+01  6.48261066e+08  1.68530400e+12  3.87289360e-26
 1.55000000e+01  6.03662156e+08  1.66807500e+12  3.64369700e-26
 1.56000000e+01  5.66209676e+08  1.65163800e+12  3.45164640e-26
 1.57000000e+01  5.29384249e+08  1.63520100e+12  3.25959580e-26
 1.58000000e+01  4.93185875e+08  1.61876400e+12  3.06754520e-26
 1.59000000e+01  4.57614555e+08  1.60232700e+12  2.87549460e-26
 1.60000000e+01  4.22670287e+08  1.58589000e+12  2.68344400e-26
 1.61000000e+01  3.96521792e+08  1.56968700e+12  2.54341880e-26
 1.62000000e+01  3.70823977e+08  1.55348400e+12  2.40339360e-26
 1.63000000e+01  3.45576841e+08  1.53728100e+12  2.26336840e-26
 1.64000000e+01  3.20780384e+08  1.52107800e+12  2.12334320e-26
 1.65000000e+01  2.96434606e+08  1.50487500e+12  1.98331800e-26
 1.66000000e+01  2.79038056e+08  1.49107800e+12  1.88419980e-26
 1.67000000e+01  2.61913152e+08  1.47728100e+12  1.78508160e-26
 1.68000000e+01  2.45059895e+08  1.46348400e+12  1.68596340e-26
 1.69000000e+01  2.28478284e+08  1.44968700e+12  1.58684520e-26
 1.70000000e+01  2.12168320e+08  1.43589000e+12  1.48772700e-26
 1.71000000e+01  2.00858201e+08  1.42255800e+12  1.42161980e-26
 1.72000000e+01  1.89723151e+08  1.40922600e+12  1.35551260e-26
 1.73000000e+01  1.78763170e+08  1.39589400e+12  1.28940540e-26
 1.74000000e+01  1.67978259e+08  1.38256200e+12  1.22329820e-26
 1.75000000e+01  1.57368417e+08  1.36923000e+12  1.15719100e-26
 1.76000000e+01  1.49378921e+08  1.35502500e+12  1.10995632e-26
 1.77000000e+01  1.41522706e+08  1.34082000e+12  1.06272164e-26
 1.78000000e+01  1.33799773e+08  1.32661500e+12  1.01548696e-26
 1.79000000e+01  1.26210120e+08  1.31241000e+12  9.68252280e-27
 1.80000000e+01  1.18753749e+08  1.29820500e+12  9.21017600e-27
 1.81000000e+01  1.13258232e+08  1.28607600e+12  8.86680220e-27
 1.82000000e+01  1.07845443e+08  1.27394700e+12  8.52342840e-27
 1.83000000e+01  1.02515384e+08  1.26181800e+12  8.18005460e-27
 1.84000000e+01  9.72680539e+07  1.24968900e+12  7.83668080e-27
 1.85000000e+01  9.21034529e+07  1.23756000e+12  7.49330700e-27
 1.86000000e+01  8.82354249e+07  1.22676300e+12  7.24179440e-27
 1.87000000e+01  8.44213393e+07  1.21596600e+12  6.99028180e-27
 1.88000000e+01  8.06611958e+07  1.20516900e+12  6.73876920e-27
 1.89000000e+01  7.69549946e+07  1.19437200e+12  6.48725660e-27
 1.90000000e+01  7.33027356e+07  1.18357500e+12  6.23574400e-27
 1.91000000e+01  7.03650174e+07  1.17250200e+12  6.04236680e-27
 1.92000000e+01  6.74698333e+07  1.16142900e+12  5.84898960e-27
 1.93000000e+01  6.46171832e+07  1.15035600e+12  5.65561240e-27
 1.94000000e+01  6.18070671e+07  1.13928300e+12  5.46223520e-27
 1.95000000e+01  5.90394851e+07  1.12821000e+12  5.26885800e-27
 1.96000000e+01  5.67644208e+07  1.11742800e+12  5.11470440e-27
 1.97000000e+01  5.45223721e+07  1.10664600e+12  4.96055080e-27
 1.98000000e+01  5.23133390e+07  1.09586400e+12  4.80639720e-27
 1.99000000e+01  5.01373214e+07  1.08508200e+12  4.65224360e-27
 2.00000000e+01  4.79943195e+07  1.07430000e+12  4.49809000e-27
 2.01000000e+01  4.64093748e+07  1.06518300e+12  4.38677510e-27
 2.02000000e+01  4.48445893e+07  1.05606600e+12  4.27546020e-27
 2.03000000e+01  4.32999628e+07  1.04694900e+12  4.16414530e-27
 2.04000000e+01  4.17754955e+07  1.03783200e+12  4.05283040e-27
 2.05000000e+01  4.02711872e+07  1.02871500e+12  3.94151550e-27
 2.06000000e+01  3.88191071e+07  1.02044100e+12  3.83020060e-27
 2.07000000e+01  3.73853221e+07  1.01216700e+12  3.71888570e-27
 2.08000000e+01  3.59698321e+07  1.00389300e+12  3.60757080e-27
 2.09000000e+01  3.45726373e+07  9.95619000e+11  3.49625590e-27
 2.10000000e+01  3.31937376e+07  9.87345000e+11  3.38494100e-27
 2.11000000e+01  3.21768831e+07  9.78711000e+11  3.31019350e-27
 2.12000000e+01  3.11728483e+07  9.70077000e+11  3.23544600e-27
 2.13000000e+01  3.01816330e+07  9.61443000e+11  3.16069850e-27
 2.14000000e+01  2.92032374e+07  9.52809000e+11  3.08595100e-27
 2.15000000e+01  2.82376613e+07  9.44175000e+11  3.01120350e-27
 2.16000000e+01  2.72927794e+07  9.35811000e+11  2.93645600e-27
 2.17000000e+01  2.63603162e+07  9.27447000e+11  2.86170850e-27
 2.18000000e+01  2.54402718e+07  9.19083000e+11  2.78696100e-27
 2.19000000e+01  2.45326460e+07  9.10719000e+11  2.71221350e-27
 2.20000000e+01  2.36374390e+07  9.02355000e+11  2.63746600e-27
 2.21000000e+01  2.29471700e+07  8.94369000e+11  2.58330850e-27
 2.22000000e+01  2.22654922e+07  8.86383000e+11  2.52915100e-27
 2.23000000e+01  2.15924055e+07  8.78397000e+11  2.47499350e-27
 2.24000000e+01  2.09279101e+07  8.70411000e+11  2.42083600e-27
 2.25000000e+01  2.02720059e+07  8.62425000e+11  2.36667850e-27
 2.26000000e+01  1.96273802e+07  8.54556000e+11  2.31252100e-27
 2.27000000e+01  1.89912198e+07  8.46687000e+11  2.25836350e-27
 2.28000000e+01  1.83635247e+07  8.38818000e+11  2.20420600e-27
 2.29000000e+01  1.77442950e+07  8.30949000e+11  2.15004850e-27
 2.30000000e+01  1.71335306e+07  8.23080000e+11  2.09589100e-27
 2.31000000e+01  1.66517263e+07  8.15070000e+11  2.05697130e-27
 2.32000000e+01  1.61761145e+07  8.07060000e+11  2.01805160e-27
 2.33000000e+01  1.57066952e+07  7.99050000e+11  1.97913190e-27
 2.34000000e+01  1.52434685e+07  7.91040000e+11  1.94021220e-27
 2.35000000e+01  1.47864343e+07  7.83030000e+11  1.90129250e-27
 2.36000000e+01  1.43661128e+07  7.76670000e+11  1.86237280e-27
 2.37000000e+01  1.39507082e+07  7.70310000e+11  1.82345310e-27
 2.38000000e+01  1.35402205e+07  7.63950000e+11  1.78453340e-27
 2.39000000e+01  1.31346498e+07  7.57590000e+11  1.74561370e-27
 2.40000000e+01  1.27339959e+07  7.51230000e+11  1.70669400e-27
 2.41000000e+01  1.23908899e+07  7.44855000e+11  1.67492220e-27
 2.42000000e+01  1.20518072e+07  7.38480000e+11  1.64315040e-27
 2.43000000e+01  1.17167479e+07  7.32105000e+11  1.61137860e-27
 2.44000000e+01  1.13857120e+07  7.25730000e+11  1.57960680e-27
 2.45000000e+01  1.10586994e+07  7.19355000e+11  1.54783500e-27
 2.46000000e+01  1.07418536e+07  7.13388000e+11  1.51606320e-27
 2.47000000e+01  1.04287736e+07  7.07421000e+11  1.48429140e-27
 2.48000000e+01  1.01194596e+07  7.01454000e+11  1.45251960e-27
 2.49000000e+01  9.81391135e+06  6.95487000e+11  1.42074780e-27
 2.50000000e+01  9.51212900e+06  6.89520000e+11  1.38897600e-27
 2.51000000e+01  9.27571571e+06  6.84153000e+11  1.36507990e-27
 2.52000000e+01  9.04184999e+06  6.78786000e+11  1.34118380e-27
 2.53000000e+01  8.81053182e+06  6.73419000e+11  1.31728770e-27
 2.54000000e+01  8.58176122e+06  6.68052000e+11  1.29339160e-27
 2.55000000e+01  8.35553818e+06  6.62685000e+11  1.26949550e-27
 2.56000000e+01  8.13115754e+06  6.57261000e+11  1.24559940e-27
 2.57000000e+01  7.90935152e+06  6.51837000e+11  1.22170330e-27
 2.58000000e+01  7.69012011e+06  6.46413000e+11  1.19780720e-27
 2.59000000e+01  7.47346333e+06  6.40989000e+11  1.17391110e-27
 2.60000000e+01  7.25938116e+06  6.35565000e+11  1.15001500e-27
 2.61000000e+01  7.08274443e+06  6.30021000e+11  1.13190616e-27
 2.62000000e+01  6.90810195e+06  6.24477000e+11  1.11379732e-27
 2.63000000e+01  6.73545372e+06  6.18933000e+11  1.09568848e-27
 2.64000000e+01  6.56479974e+06  6.13389000e+11  1.07757964e-27
 2.65000000e+01  6.39614002e+06  6.07845000e+11  1.05947080e-27
 2.66000000e+01  6.22997100e+06  6.02349000e+11  1.04136196e-27
 2.67000000e+01  6.06577896e+06  5.96853000e+11  1.02325312e-27
 2.68000000e+01  5.90356392e+06  5.91357000e+11  1.00514428e-27
 2.69000000e+01  5.74332585e+06  5.85861000e+11  9.87035440e-28
 2.70000000e+01  5.58506477e+06  5.80365000e+11  9.68926600e-28
 2.71000000e+01  5.45575996e+06  5.75310000e+11  9.54810550e-28
 2.72000000e+01  5.32787257e+06  5.70255000e+11  9.40694500e-28
 2.73000000e+01  5.20140260e+06  5.65200000e+11  9.26578450e-28
 2.74000000e+01  5.07635006e+06  5.60145000e+11  9.12462400e-28
 2.75000000e+01  4.95271495e+06  5.55090000e+11  8.98346350e-28
 2.76000000e+01  4.83326364e+06  5.50350000e+11  8.84230300e-28
 2.77000000e+01  4.71514144e+06  5.45610000e+11  8.70114250e-28
 2.78000000e+01  4.59834833e+06  5.40870000e+11  8.55998200e-28
 2.79000000e+01  4.48288433e+06  5.36130000e+11  8.41882150e-28
 2.80000000e+01  4.36874942e+06  5.31390000e+11  8.27766100e-28
 2.81000000e+01  4.26580284e+06  5.26821000e+11  8.15270220e-28
 2.82000000e+01  4.16399037e+06  5.22252000e+11  8.02774340e-28
 2.83000000e+01  4.06331200e+06  5.17683000e+11  7.90278460e-28
 2.84000000e+01  3.96376774e+06  5.13114000e+11  7.77782580e-28
 2.85000000e+01  3.86535758e+06  5.08545000e+11  7.65286700e-28
 2.86000000e+01  3.76494132e+06  5.03556000e+11  7.52790820e-28
 2.87000000e+01  3.66576341e+06  4.98567000e+11  7.40294940e-28
 2.88000000e+01  3.56782387e+06  4.93578000e+11  7.27799060e-28
 2.89000000e+01  3.47112268e+06  4.88589000e+11  7.15303180e-28
 2.90000000e+01  3.37565985e+06  4.83600000e+11  7.02807300e-28
 2.91000000e+01  3.29952594e+06  4.78884000e+11  6.93721410e-28
 2.92000000e+01  3.22424319e+06  4.74168000e+11  6.84635520e-28
 2.93000000e+01  3.14981159e+06  4.69452000e+11  6.75549630e-28
 2.94000000e+01  3.07623114e+06  4.64736000e+11  6.66463740e-28
 2.95000000e+01  3.00350184e+06  4.60020000e+11  6.57377850e-28
 2.96000000e+01  2.93177823e+06  4.55328000e+11  6.48291960e-28
 2.97000000e+01  2.86090144e+06  4.50636000e+11  6.39206070e-28
 2.98000000e+01  2.79087147e+06  4.45944000e+11  6.30120180e-28
 2.99000000e+01  2.72168832e+06  4.41252000e+11  6.21034290e-28
 3.00000000e+01  2.65335199e+06  4.36560000e+11  6.11948400e-28
 3.01000000e+01  2.59571849e+06  4.31757000e+11  6.05315900e-28
 3.02000000e+01  2.53871778e+06  4.26954000e+11  5.98683400e-28
 3.03000000e+01  2.48234986e+06  4.22151000e+11  5.92050900e-28
 3.04000000e+01  2.42661472e+06  4.17348000e+11  5.85418400e-28
 3.05000000e+01  2.37151236e+06  4.12545000e+11  5.78785900e-28
 3.06000000e+01  2.32137294e+06  4.08504000e+11  5.72153400e-28
 3.07000000e+01  2.27176592e+06  4.04463000e+11  5.65520900e-28
 3.08000000e+01  2.22269129e+06  4.00422000e+11  5.58888400e-28
 3.09000000e+01  2.17414906e+06  3.96381000e+11  5.52255900e-28
 3.10000000e+01  2.12613921e+06  3.92340000e+11  5.45623400e-28
 3.11000000e+01  2.07935233e+06  3.88428000e+11  5.38990900e-28
 3.12000000e+01  2.03308085e+06  3.84516000e+11  5.32358400e-28
 3.13000000e+01  1.98732476e+06  3.80604000e+11  5.25725900e-28
 3.14000000e+01  1.94208407e+06  3.76692000e+11  5.19093400e-28
 3.15000000e+01  1.89735878e+06  3.72780000e+11  5.12460900e-28
 3.16000000e+01  1.84712023e+06  3.67668000e+11  5.05828400e-28
 3.17000000e+01  1.79755517e+06  3.62556000e+11  4.99195900e-28
 3.18000000e+01  1.74866361e+06  3.57444000e+11  4.92563400e-28
 3.19000000e+01  1.70044554e+06  3.52332000e+11  4.85930900e-28
 3.20000000e+01  1.65290097e+06  3.47220000e+11  4.79298400e-28
 3.21000000e+01  1.61191092e+06  3.42207000e+11  4.74259485e-28
 3.22000000e+01  1.57142263e+06  3.37194000e+11  4.69220570e-28
 3.23000000e+01  1.53143611e+06  3.32181000e+11  4.64181655e-28
 3.24000000e+01  1.49195135e+06  3.27168000e+11  4.59142740e-28
 3.25000000e+01  1.45296836e+06  3.22155000e+11  4.54103825e-28
 3.26000000e+01  1.41985532e+06  3.18345600e+11  4.49064910e-28
 3.27000000e+01  1.38712358e+06  3.14536200e+11  4.44025995e-28
 3.28000000e+01  1.35477313e+06  3.10726800e+11  4.38987080e-28
 3.29000000e+01  1.32280397e+06  3.06917400e+11  4.33948165e-28
 3.30000000e+01  1.29121610e+06  3.03108000e+11  4.28909250e-28
 3.31000000e+01  1.25857102e+06  2.98956900e+11  4.23870335e-28
 3.32000000e+01  1.22634143e+06  2.94805800e+11  4.18831420e-28
 3.33000000e+01  1.19452733e+06  2.90654700e+11  4.13792505e-28
 3.34000000e+01  1.16312874e+06  2.86503600e+11  4.08753590e-28
 3.35000000e+01  1.13214563e+06  2.82352500e+11  4.03714675e-28
 3.36000000e+01  1.09974036e+06  2.77737300e+11  3.98675760e-28
 3.37000000e+01  1.06779703e+06  2.73122100e+11  3.93636845e-28
 3.38000000e+01  1.03631565e+06  2.68506900e+11  3.88597930e-28
 3.39000000e+01  1.00529622e+06  2.63891700e+11  3.83559015e-28
 3.40000000e+01  9.74738732e+05  2.59276500e+11  3.78520100e-28
 3.41000000e+01  9.51249393e+05  2.55294300e+11  3.75160540e-28
 3.42000000e+01  9.28025802e+05  2.51312100e+11  3.71800980e-28
 3.43000000e+01  9.05067961e+05  2.47329900e+11  3.68441420e-28
 3.44000000e+01  8.82375868e+05  2.43347700e+11  3.65081860e-28
 3.45000000e+01  8.59949525e+05  2.39365500e+11  3.61722300e-28
 3.46000000e+01  8.37426954e+05  2.35281600e+11  3.58362740e-28
 3.47000000e+01  8.15176919e+05  2.31197700e+11  3.55003180e-28
 3.48000000e+01  7.93199420e+05  2.27113800e+11  3.51643620e-28
 3.49000000e+01  7.71494457e+05  2.23029900e+11  3.48284060e-28
 3.50000000e+01  7.50062030e+05  2.18946000e+11  3.44924500e-28
 3.51000000e+01  7.27596396e+05  2.14477200e+11  3.41564940e-28
 3.52000000e+01  7.05428985e+05  2.10008400e+11  3.38205380e-28
 3.53000000e+01  6.83559795e+05  2.05539600e+11  3.34845820e-28
 3.54000000e+01  6.61988827e+05  2.01070800e+11  3.31486260e-28
 3.55000000e+01  6.40716081e+05  1.96602000e+11  3.28126700e-28
 3.56000000e+01  6.19368034e+05  1.92017400e+11  3.24767140e-28
 3.57000000e+01  5.98325937e+05  1.87432800e+11  3.21407580e-28
 3.58000000e+01  5.77589790e+05  1.82848200e+11  3.18048020e-28
 3.59000000e+01  5.57159592e+05  1.78263600e+11  3.14688460e-28
 3.60000000e+01  5.37035344e+05  1.73679000e+11  3.11328900e-28
 3.61000000e+01  5.17902870e+05  1.68932100e+11  3.08673975e-28
 3.62000000e+01  4.99020734e+05  1.64185200e+11  3.06019050e-28
 3.63000000e+01  4.80388938e+05  1.59438300e+11  3.03364125e-28
 3.64000000e+01  4.62007480e+05  1.54691400e+11  3.00709200e-28
 3.65000000e+01  4.43876362e+05  1.49944500e+11  2.98054275e-28
 3.66000000e+01  4.25187585e+05  1.44922200e+11  2.95399350e-28
 3.67000000e+01  4.06763672e+05  1.39899900e+11  2.92744425e-28
 3.68000000e+01  3.88604621e+05  1.34877600e+11  2.90089500e-28
 3.69000000e+01  3.70710434e+05  1.29855300e+11  2.87434575e-28
 3.70000000e+01  3.53081109e+05  1.24833000e+11  2.84779650e-28
 3.71000000e+01  3.34589378e+05  1.19408400e+11  2.82124725e-28
 3.72000000e+01  3.16383727e+05  1.13983800e+11  2.79469800e-28
 3.73000000e+01  2.98464155e+05  1.08559200e+11  2.76814875e-28
 3.74000000e+01  2.80830661e+05  1.03134600e+11  2.74159950e-28
 3.75000000e+01  2.63483247e+05  9.77100000e+10  2.71505025e-28
 3.76000000e+01  2.46742338e+05  9.24054000e+10  2.68850100e-28
 3.77000000e+01  2.30281179e+05  8.71008000e+10  2.66195175e-28
 3.78000000e+01  2.14099771e+05  8.17962000e+10  2.63540250e-28
 3.79000000e+01  1.98198114e+05  7.64916000e+10  2.60885325e-28
 3.80000000e+01  1.82576207e+05  7.11870000e+10  2.58230400e-28
 3.81000000e+01  1.68471430e+05  6.61122000e+10  2.56571570e-28
 3.82000000e+01  1.54533873e+05  6.10374000e+10  2.54912740e-28
 3.83000000e+01  1.40763535e+05  5.59626000e+10  2.53253910e-28
 3.84000000e+01  1.27160417e+05  5.08878000e+10  2.51595080e-28
 3.85000000e+01  1.13724518e+05  4.58130000e+10  2.49936250e-28
 3.86000000e+01  1.02240821e+05  4.14620700e+10  2.48277420e-28
 3.87000000e+01  9.09004907e+04  3.71111400e+10  2.46618590e-28
 3.88000000e+01  7.97035283e+04  3.27602100e+10  2.44959760e-28
 3.89000000e+01  6.86499331e+04  2.84092800e+10  2.43300930e-28
 3.90000000e+01  5.77397052e+04  2.40583500e+10  2.41642100e-28
 3.91000000e+01  5.02086747e+04  2.10650100e+10  2.39983270e-28
 3.92000000e+01  4.27762777e+04  1.80716700e+10  2.38324440e-28
 3.93000000e+01  3.54425141e+04  1.50783300e+10  2.36665610e-28
 3.94000000e+01  2.82073839e+04  1.20849900e+10  2.35006780e-28
 3.95000000e+01  2.10708871e+04  9.09165000e+09  2.33347950e-28
 3.96000000e+01  1.74715381e+04  7.59258000e+09  2.31689120e-28
 3.97000000e+01  1.39215848e+04  6.09351000e+09  2.30030290e-28
 3.98000000e+01  1.04210273e+04  4.59444000e+09  2.28371460e-28
 3.99000000e+01  6.96986564e+03  3.09537000e+09  2.26712630e-28
 4.00000000e+01  3.56809974e+03  1.59630000e+09  2.25053800e-28
 4.01000000e+01  2.83571646e+03  1.27704000e+09  2.23574455e-28
 4.02000000e+01  2.11271484e+03  9.57780000e+08  2.22095110e-28
 4.03000000e+01  1.39909489e+03  6.38520000e+08  2.20615765e-28
 4.04000000e+01  6.94856611e+02  3.19260000e+08  2.19136420e-28
 4.05000000e+01  0.00000000e+00  0.00000000e+00  2.17657075e-28
 4.06000000e+01  0.00000000e+00  0.00000000e+00  2.16177730e-28
 4.07000000e+01  0.00000000e+00  0.00000000e+00  2.14698385e-28
 4.08000000e+01  0.00000000e+00  0.00000000e+00  2.13219040e-28
 4.09000000e+01  0.00000000e+00  0.00000000e+00  2.11739695e-28
 4.10000000e+01  0.00000000e+00  0.00000000e+00  2.10260350e-28
 4.11000000e+01  0.00000000e+00  0.00000000e+00  2.08781005e-28
 4.12000000e+01  0.00000000e+00  0.00000000e+00  2.07301660e-28
 4.13000000e+01  0.00000000e+00  0.00000000e+00  2.05822315e-28
 4.14000000e+01  0.00000000e+00  0.00000000e+00  2.04342970e-28
 4.15000000e+01  0.00000000e+00  0.00000000e+00  2.02863625e-28
 4.16000000e+01  0.00000000e+00  0.00000000e+00  2.01384280e-28
 4.17000000e+01  0.00000000e+00  0.00000000e+00  1.99904935e-28
 4.18000000e+01  0.00000000e+00  0.00000000e+00  1.98425590e-28
 4.19000000e+01  0.00000000e+00  0.00000000e+00  1.96946245e-28
 4.20000000e+01  0.00000000e+00  0.00000000e+00  1.95466900e-28
 4.21000000e+01  0.00000000e+00  0.00000000e+00  1.94360320e-28
 4.22000000e+01  0.00000000e+00  0.00000000e+00  1.93253740e-28
 4.23000000e+01  0.00000000e+00  0.00000000e+00  1.92147160e-28
 4.24000000e+01  0.00000000e+00  0.00000000e+00  1.91040580e-28
 4.25000000e+01  0.00000000e+00  0.00000000e+00  1.89934000e-28
 4.26000000e+01  0.00000000e+00  0.00000000e+00  1.88827420e-28
 4.27000000e+01  0.00000000e+00  0.00000000e+00  1.87720840e-28
 4.28000000e+01  0.00000000e+00  0.00000000e+00  1.86614260e-28
 4.29000000e+01  0.00000000e+00  0.00000000e+00  1.85507680e-28
 4.30000000e+01  0.00000000e+00  0.00000000e+00  1.84401100e-28
 4.31000000e+01  0.00000000e+00  0.00000000e+00  1.83294520e-28
 4.32000000e+01  0.00000000e+00  0.00000000e+00  1.82187940e-28
 4.33000000e+01  0.00000000e+00  0.00000000e+00  1.81081360e-28
 4.34000000e+01  0.00000000e+00  0.00000000e+00  1.79974780e-28
 4.35000000e+01  0.00000000e+00  0.00000000e+00  1.78868200e-28
 4.36000000e+01  0.00000000e+00  0.00000000e+00  1.77761620e-28
 4.37000000e+01  0.00000000e+00  0.00000000e+00  1.76655040e-28
 4.38000000e+01  0.00000000e+00  0.00000000e+00  1.75548460e-28
 4.39000000e+01  0.00000000e+00  0.00000000e+00  1.74441880e-28
 4.40000000e+01  0.00000000e+00  0.00000000e+00  1.73335300e-28
 4.41000000e+01  0.00000000e+00  0.00000000e+00  1.72441315e-28
 4.42000000e+01  0.00000000e+00  0.00000000e+00  1.71547330e-28
 4.43000000e+01  0.00000000e+00  0.00000000e+00  1.70653345e-28
 4.44000000e+01  0.00000000e+00  0.00000000e+00  1.69759360e-28
 4.45000000e+01  0.00000000e+00  0.00000000e+00  1.68865375e-28
 4.46000000e+01  0.00000000e+00  0.00000000e+00  1.67971390e-28
 4.47000000e+01  0.00000000e+00  0.00000000e+00  1.67077405e-28
 4.48000000e+01  0.00000000e+00  0.00000000e+00  1.66183420e-28
 4.49000000e+01  0.00000000e+00  0.00000000e+00  1.65289435e-28
 4.50000000e+01  0.00000000e+00  0.00000000e+00  1.64395450e-28
 4.51000000e+01  0.00000000e+00  0.00000000e+00  1.63501465e-28
 4.52000000e+01  0.00000000e+00  0.00000000e+00  1.62607480e-28
 4.53000000e+01  0.00000000e+00  0.00000000e+00  1.61713495e-28
 4.54000000e+01  0.00000000e+00  0.00000000e+00  1.60819510e-28
 4.55000000e+01  0.00000000e+00  0.00000000e+00  1.59925525e-28
 4.56000000e+01  0.00000000e+00  0.00000000e+00  1.59031540e-28
 4.57000000e+01  0.00000000e+00  0.00000000e+00  1.58137555e-28
 4.58000000e+01  0.00000000e+00  0.00000000e+00  1.57243570e-28
 4.59000000e+01  0.00000000e+00  0.00000000e+00  1.56349585e-28
 4.60000000e+01  0.00000000e+00  0.00000000e+00  1.55455600e-28
 4.61000000e+01  0.00000000e+00  0.00000000e+00  1.54835485e-28
 4.62000000e+01  0.00000000e+00  0.00000000e+00  1.54215370e-28
 4.63000000e+01  0.00000000e+00  0.00000000e+00  1.53595255e-28
 4.64000000e+01  0.00000000e+00  0.00000000e+00  1.52975140e-28
 4.65000000e+01  0.00000000e+00  0.00000000e+00  1.52355025e-28
 4.66000000e+01  0.00000000e+00  0.00000000e+00  1.51734910e-28
 4.67000000e+01  0.00000000e+00  0.00000000e+00  1.51114795e-28
 4.68000000e+01  0.00000000e+00  0.00000000e+00  1.50494680e-28
 4.69000000e+01  0.00000000e+00  0.00000000e+00  1.49874565e-28
 4.70000000e+01  0.00000000e+00  0.00000000e+00  1.49254450e-28
 4.71000000e+01  0.00000000e+00  0.00000000e+00  1.48634335e-28
 4.72000000e+01  0.00000000e+00  0.00000000e+00  1.48014220e-28
 4.73000000e+01  0.00000000e+00  0.00000000e+00  1.47394105e-28
 4.74000000e+01  0.00000000e+00  0.00000000e+00  1.46773990e-28
 4.75000000e+01  0.00000000e+00  0.00000000e+00  1.46153875e-28
 4.76000000e+01  0.00000000e+00  0.00000000e+00  1.45533760e-28
 4.77000000e+01  0.00000000e+00  0.00000000e+00  1.44913645e-28
 4.78000000e+01  0.00000000e+00  0.00000000e+00  1.44293530e-28
 4.79000000e+01  0.00000000e+00  0.00000000e+00  1.43673415e-28
 4.80000000e+01  0.00000000e+00  0.00000000e+00  1.43053300e-28
 4.81000000e+01  0.00000000e+00  0.00000000e+00  1.42414940e-28
 4.82000000e+01  0.00000000e+00  0.00000000e+00  1.41776580e-28
 4.83000000e+01  0.00000000e+00  0.00000000e+00  1.41138220e-28
 4.84000000e+01  0.00000000e+00  0.00000000e+00  1.40499860e-28
 4.85000000e+01  0.00000000e+00  0.00000000e+00  1.39861500e-28
 4.86000000e+01  0.00000000e+00  0.00000000e+00  1.39223140e-28
 4.87000000e+01  0.00000000e+00  0.00000000e+00  1.38584780e-28
 4.88000000e+01  0.00000000e+00  0.00000000e+00  1.37946420e-28
 4.89000000e+01  0.00000000e+00  0.00000000e+00  1.37308060e-28
 4.90000000e+01  0.00000000e+00  0.00000000e+00  1.36669700e-28
 4.91000000e+01  0.00000000e+00  0.00000000e+00  1.36031340e-28
 4.92000000e+01  0.00000000e+00  0.00000000e+00  1.35392980e-28
 4.93000000e+01  0.00000000e+00  0.00000000e+00  1.34754620e-28
 4.94000000e+01  0.00000000e+00  0.00000000e+00  1.34116260e-28
 4.95000000e+01  0.00000000e+00  0.00000000e+00  1.33477900e-28
 4.96000000e+01  0.00000000e+00  0.00000000e+00  1.32839540e-28
 4.97000000e+01  0.00000000e+00  0.00000000e+00  1.32201180e-28
 4.98000000e+01  0.00000000e+00  0.00000000e+00  1.31562820e-28
 4.99000000e+01  0.00000000e+00  0.00000000e+00  1.30924460e-28
 5.00000000e+01  0.00000000e+00  0.00000000e+00  1.30286100e-28
