# energy(MeV) dYield(atoms/MeV/s) photonFlux(photons/MeV/uA/s) crossSection(mb)
# 501 4
# 501 4
 0.00000000e+00  0.00000000e+00  5.00400000e+13  0.00000000e+00
 1.00000000e-01  0.00000000e+00  5.07213000e+13  0.00000000e+00
 2.00000000e-01  0.00000000e+00  5.14026000e+13  0.00000000e+00
 3.00000000e-01  0.00000000e+00  5.20839000e+13  0.00000000e+00
 4.00000000e-01  0.00000000e+00  5.27652000e+13  0.00000000e+00
 5.00000000e-01  0.00000000e+00  5.34465000e+13  0.00000000e+00
 6.00000000e-01  0.00000000e+00  5.18721000e+13  0.00000000e+00
 7.00000000e-01  0.00000000e+00  5.02977000e+13  0.00000000e+00
 8.00000000e-01  0.00000000e+00  4.87233000e+13  0.00000000e+00
 9.00000000e-01  0.00000000e+00  4.71489000e+13  0.00000000e+00
 1.00000000e+00  0.00000000e+00  4.55745000e+13  0.00000000e+00
 1.10000000e+00  0.00000000e+00  4.23483600e+13  0.00000000e+00
 1.20000000e+00  0.00000000e+00  3.91222200e+13  0.00000000e+00
 1.30000000e+00  0.00000000e+00  3.58960800e+13  0.00000000e+00
 1.40000000e+00  0.00000000e+00  3.26699400e+13  0.00000000e+00
 1.50000000e+00  0.00000000e+00  2.94438000e+13  0.00000000e+00
 1.60000000e+00  0.00000000e+00  2.78965200e+13  0.00000000e+00
 1.70000000e+00  0.00000000e+00  2.63492400e+13  0.00000000e+00
 1.80000000e+00  0.00000000e+00  2.48019600e+13  0.00000000e+00
 1.90000000e+00  0.00000000e+00  2.32546800e+13  0.00000000e+00
 2.00000000e+00  0.00000000e+00  2.17074000e+13  0.00000000e+00
 2.10000000e+00  0.00000000e+00  2.07447000e+13  0.00000000e+00
 2.20000000e+00  0.00000000e+00  1.97820000e+13  0.00000000e+00
 2.30000000e+00  0.00000000e+00  1.88193000e+13  0.00000000e+00
 2.40000000e+00  0.00000000e+00  1.78566000e+13  0.00000000e+00
 2.50000000e+00  0.00000000e+00  1.68939000e+13  0.00000000e+00
 2.60000000e+00  0.00000000e+00  1.62492000e+13  0.00000000e+00
 2.70000000e+00  0.00000000e+00  1.56045000e+13  0.00000000e+00
 2.80000000e+00  0.00000000e+00  1.49598000e+13  0.00000000e+00
 2.90000000e+00  0.00000000e+00  1.43151000e+13  0.00000000e+00
 3.00000000e+00  0.00000000e+00  1.36704000e+13  0.00000000e+00
 3.10000000e+00  0.00000000e+00  1.32154800e+13  0.00000000e+00
 3.20000000e+00  0.00000000e+00  1.27605600e+13  0.00000000e+00
 3.30000000e+00  0.00000000e+00  1.23056400e+13  0.00000000e+00
 3.40000000e+00  0.00000000e+00  1.18507200e+13  0.00000000e+00
 3.50000000e+00  0.00000000e+00  1.13958000e+13  0.00000000e+00
 3.60000000e+00  0.00000000e+00  1.10522100e+13  0.00000000e+00
 3.70000000e+00  0.00000000e+00  1.07086200e+13  0.00000000e+00
 3.80000000e+00  0.00000000e+00  1.03650300e+13  0.00000000e+00
 3.90000000e+00  0.00000000e+00  1.00214400e+13  0.00000000e+00
 4.00000000e+00  0.00000000e+00  9.67785000e+12  0.00000000e+00
 4.10000000e+00  0.00000000e+00  9.41631000e+12  0.00000000e+00
 4.20000000e+00  0.00000000e+00  9.15477000e+12  0.00000000e+00
 4.30000000e+00  0.00000000e+00  8.89323000e+12  0.00000000e+00
 4.40000000e+00  0.00000000e+00  8.63169000e+12  0.00000000e+00
 4.50000000e+00  0.00000000e+00  8.37015000e+12  0.00000000e+00
 4.60000000e+00  0.00000000e+00  8.16282000e+12  0.00000000e+00
 4.70000000e+00  0.00000000e+00  7.95549000e+12  0.00000000e+00
 4.80000000e+00  0.00000000e+00  7.74816000e+12  0.00000000e+00
 4.90000000e+00  0.00000000e+00  7.54083000e+12  0.00000000e+00
 5.00000000e+00  0.00000000e+00  7.33350000e+12  0.00000000e+00
 5.10000000e+00  0.00000000e+00  7.16313000e+12  0.00000000e+00
 5.20000000e+00  0.00000000e+00  6.99276000e+12  0.00000000e+00
 5.30000000e+00  0.00000000e+00  6.82239000e+12  0.00000000e+00
 5.40000000e+00  0.00000000e+00  6.65202000e+12  0.00000000e+00
 5.50000000e+00  0.00000000e+00  6.48165000e+12  0.00000000e+00
 5.60000000e+00  0.00000000e+00  6.33978000e+12  0.00000000e+00
 5.70000000e+00  0.00000000e+00  6.19791000e+12  0.00000000e+00
 5.80000000e+00  0.00000000e+00  6.05604000e+12  0.00000000e+00
 5.90000000e+00  0.00000000e+00  5.91417000e+12  0.00000000e+00
 6.00000000e+00  0.00000000e+00  5.77230000e+12  0.00000000e+00
 6.10000000e+00  0.00000000e+00  5.65338000e+12  0.00000000e+00
 6.20000000e+00  0.00000000e+00  5.53446000e+12  0.00000000e+00
 6.30000000e+00  0.00000000e+00  5.41554000e+12  0.00000000e+00
 6.40000000e+00  0.00000000e+00  5.29662000e+12  0.00000000e+00
 6.50000000e+00  0.00000000e+00  5.17770000e+12  0.00000000e+00
 6.60000000e+00  6.41891298e+08  5.07906000e+12  1.27245380e-26
 6.70000000e+00  6.79275388e+08  4.98042000e+12  1.37323160e-26
 6.80000000e+00  7.14684855e+08  4.88178000e+12  1.47400940e-26
 6.90000000e+00  7.48119700e+08  4.78314000e+12  1.57478720e-26
 7.00000000e+00  7.79579922e+08  4.68450000e+12  1.67556500e-26
 7.10000000e+00  8.14580208e+08  4.59807000e+12  1.78370140e-26
 7.20000000e+00  8.47723962e+08  4.51164000e+12  1.89183780e-26
 7.30000000e+00  8.79011183e+08  4.42521000e+12  1.99997420e-26
 7.40000000e+00  9.08441872e+08  4.33878000e+12  2.10811060e-26
 7.50000000e+00  9.36016028e+08  4.25235000e+12  2.21624700e-26
 7.60000000e+00  9.82555455e+08  4.17837000e+12  2.36763120e-26
 7.70000000e+00  1.02687023e+09  4.10439000e+12  2.51901540e-26
 7.80000000e+00  1.06896037e+09  4.03041000e+12  2.67039960e-26
 7.90000000e+00  1.10882586e+09  3.95643000e+12  2.82178380e-26
 8.00000000e+00  1.14646670e+09  3.88245000e+12  2.97316800e-26
 8.10000000e+00  1.21070979e+09  3.81897000e+12  3.19196180e-26
 8.20000000e+00  1.27219397e+09  3.75549000e+12  3.41075560e-26
 8.30000000e+00  1.33091924e+09  3.69201000e+12  3.62954940e-26
 8.40000000e+00  1.38688559e+09  3.62853000e+12  3.84834320e-26
 8.50000000e+00  1.44009303e+09  3.56505000e+12  4.06713700e-26
 8.60000000e+00  1.52881159e+09  3.50820000e+12  4.38766540e-26
 8.70000000e+00  1.61391053e+09  3.45135000e+12  4.70819380e-26
 8.80000000e+00  1.69538985e+09  3.39450000e+12  5.02872220e-26
 8.90000000e+00  1.77324955e+09  3.33765000e+12  5.34925060e-26
 9.00000000e+00  1.84748963e+09  3.28080000e+12  5.66977900e-26
 9.10000000e+00  1.97194133e+09  3.23238300e+12  6.14235700e-26
 9.20000000e+00  2.09184800e+09  3.18396600e+12  6.61493500e-26
 9.30000000e+00  2.20720963e+09  3.13554900e+12  7.08751300e-26
 9.40000000e+00  2.31802622e+09  3.08713200e+12  7.56009100e-26
 9.50000000e+00  2.42429778e+09  3.03871500e+12  8.03266900e-26
 9.60000000e+00  2.59685425e+09  2.99472300e+12  8.73081520e-26
 9.70000000e+00  2.76330994e+09  2.95073100e+12  9.42896140e-26
 9.80000000e+00  2.92366483e+09  2.90673900e+12  1.01271076e-25
 9.90000000e+00  3.07791894e+09  2.86274700e+12  1.08252538e-25
 1.00000000e+01  3.22607225e+09  2.81875500e+12  1.15234000e-25
 1.01000000e+01  3.46600548e+09  2.78010300e+12  1.25525580e-25
 1.02000000e+01  3.69803702e+09  2.74145100e+12  1.35817160e-25
 1.03000000e+01  3.92216687e+09  2.70279900e+12  1.46108740e-25
 1.04000000e+01  4.13839503e+09  2.66414700e+12  1.56400320e-25
 1.05000000e+01  4.34672149e+09  2.62549500e+12  1.66691900e-25
 1.06000000e+01  4.66098157e+09  2.58907200e+12  1.81257980e-25
 1.07000000e+01  4.96470301e+09  2.55264900e+12  1.95824060e-25
 1.08000000e+01  5.25788581e+09  2.51622600e+12  2.10390140e-25
 1.09000000e+01  5.54052998e+09  2.47980300e+12  2.24956220e-25
 1.10000000e+01  5.81263550e+09  2.44338000e+12  2.39522300e-25
 1.11000000e+01  6.12110964e+09  2.41170000e+12  2.55546980e-25
 1.12000000e+01  6.41949959e+09  2.38002000e+12  2.71571660e-25
 1.13000000e+01  6.70780536e+09  2.34834000e+12  2.87596340e-25
 1.14000000e+01  6.98602696e+09  2.31666000e+12  3.03621020e-25
 1.15000000e+01  7.25416436e+09  2.28498000e+12  3.19645700e-25
 1.16000000e+01  6.97460493e+09  2.25588600e+12  3.11290840e-25
 1.17000000e+01  6.69987395e+09  2.22679200e+12  3.02935980e-25
 1.18000000e+01  6.42997144e+09  2.19769800e+12  2.94581120e-25
 1.19000000e+01  6.16489739e+09  2.16860400e+12  2.86226260e-25
 1.20000000e+01  5.90465180e+09  2.13951000e+12  2.77871400e-25
 1.21000000e+01  5.49472849e+09  2.11016100e+12  2.62176960e-25
 1.22000000e+01  5.09395485e+09  2.08081200e+12  2.46482520e-25
 1.23000000e+01  4.70233088e+09  2.05146300e+12  2.30788080e-25
 1.24000000e+01  4.31985657e+09  2.02211400e+12  2.15093640e-25
 1.25000000e+01  3.94653193e+09  1.99276500e+12  1.99399200e-25
 1.26000000e+01  3.66037917e+09  1.96762800e+12  1.87303960e-25
 1.27000000e+01  3.38026582e+09  1.94249100e+12  1.75208720e-25
 1.28000000e+01  3.10619187e+09  1.91735400e+12  1.63113480e-25
 1.29000000e+01  2.83815733e+09  1.89221700e+12  1.51018240e-25
 1.30000000e+01  2.57616219e+09  1.86708000e+12  1.38923000e-25
 1.31000000e+01  2.39576245e+09  1.84474200e+12  1.30759122e-25
 1.32000000e+01  2.21898519e+09  1.82240400e+12  1.22595244e-25
 1.33000000e+01  2.04583043e+09  1.80006600e+12  1.14431366e-25
 1.34000000e+01  1.87629815e+09  1.77772800e+12  1.06267488e-25
 1.35000000e+01  1.71038835e+09  1.75539000e+12  9.81036100e-26
 1.36000000e+01  1.61214576e+09  1.73509200e+12  9.35504060e-26
 1.37000000e+01  1.51573902e+09  1.71479400e+12  8.89972020e-26
 1.38000000e+01  1.42116812e+09  1.69449600e+12  8.44439980e-26
 1.39000000e+01  1.32843307e+09  1.67419800e+12  7.98907940e-26
 1.40000000e+01  1.23753387e+09  1.65390000e+12  7.53375900e-26
 1.41000000e+01  1.17630176e+09  1.63556700e+12  7.24126240e-26
 1.42000000e+01  1.11613483e+09  1.61723400e+12  6.94876580e-26
 1.43000000e+01  1.05703307e+09  1.59890100e+12  6.65626920e-26
 1.44000000e+01  9.98996483e+08  1.58056800e+12  6.36377260e-26
 1.45000000e+01  9.42025072e+08  1.56223500e+12  6.07127600e-26
 1.46000000e+01  8.92664273e+08  1.54563000e+12  5.81495680e-26
 1.47000000e+01  8.44148920e+08  1.52902500e+12  5.55863760e-26
 1.48000000e+01  7.96479013e+08  1.51242000e+12  5.30231840e-26
 1.49000000e+01  7.49654554e+08  1.49581500e+12  5.04599920e-26
 1.50000000e+01  7.03675540e+08  1.47921000e+12  4.78968000e-26
 1.51000000e+01  6.62919504e+08  1.46357100e+12  4.56048340e-26
 1.52000000e+01  6.22875473e+08  1.44793200e+12  4.33128680e-26
 1.53000000e+01  5.83543448e+08  1.43229300e+12  4.10209020e-26
 1.54000000e+01  5.44923428e+08  1.41665400e+12  3.87289360e-26
 1.55000000e+01  5.07015413e+08  1.40101500e+12  3.64369700e-26
 1.56000000e+01  4.75505425e+08  1.38705300e+12  3.45164640e-26
 1.57000000e+01  4.44528072e+08  1.37309100e+12  3.25959580e-26
 1.58000000e+01  4.14083354e+08  1.35912900e+12  3.06754520e-26
 1.59000000e+01  3.84171270e+08  1.34516700e+12  2.87549460e-26
 1.60000000e+01  3.54791820e+08  1.33120500e+12  2.68344400e-26
 1.61000000e+01  3.32871143e+08  1.31771700e+12  2.54341880e-26
 1.62000000e+01  3.11325630e+08  1.30422900e+12  2.40339360e-26
 1.63000000e+01  2.90155279e+08  1.29074100e+12  2.26336840e-26
 1.64000000e+01  2.69360090e+08  1.27725300e+12  2.12334320e-26
 1.65000000e+01  2.48940065e+08  1.26376500e+12  1.98331800e-26
 1.66000000e+01  2.33934503e+08  1.25006100e+12  1.88419980e-26
 1.67000000e+01  2.19198757e+08  1.23635700e+12  1.78508160e-26
 1.68000000e+01  2.04732826e+08  1.22265300e+12  1.68596340e-26
 1.69000000e+01  1.90536711e+08  1.20894900e+12  1.58684520e-26
 1.70000000e+01  1.76610412e+08  1.19524500e+12  1.48772700e-26
 1.71000000e+01  1.67063721e+08  1.18321200e+12  1.42161980e-26
 1.72000000e+01  1.57675043e+08  1.17117900e+12  1.35551260e-26
 1.73000000e+01  1.48444376e+08  1.15914600e+12  1.28940540e-26
 1.74000000e+01  1.39371720e+08  1.14711300e+12  1.22329820e-26
 1.75000000e+01  1.30457076e+08  1.13508000e+12  1.15719100e-26
 1.76000000e+01  1.23934813e+08  1.12422000e+12  1.10995632e-26
 1.77000000e+01  1.17514447e+08  1.11336000e+12  1.06272164e-26
 1.78000000e+01  1.11195976e+08  1.10250000e+12  1.01548696e-26
 1.79000000e+01  1.04979401e+08  1.09164000e+12  9.68252280e-27
 1.80000000e+01  9.88647223e+07  1.08078000e+12  9.21017600e-27
 1.81000000e+01  9.41920796e+07  1.06957500e+12  8.86680220e-27
 1.82000000e+01  8.95958637e+07  1.05837000e+12  8.52342840e-27
 1.83000000e+01  8.50760744e+07  1.04716500e+12  8.18005460e-27
 1.84000000e+01  8.06327119e+07  1.03596000e+12  7.83668080e-27
 1.85000000e+01  7.62657761e+07  1.02475500e+12  7.49330700e-27
 1.86000000e+01  7.30059398e+07  1.01502300e+12  7.24179440e-27
 1.87000000e+01  6.97947250e+07  1.00529100e+12  6.99028180e-27
 1.88000000e+01  6.66321316e+07  9.95559000e+11  6.73876920e-27
 1.89000000e+01  6.35181597e+07  9.85827000e+11  6.48725660e-27
 1.90000000e+01  6.04528093e+07  9.76095000e+11  6.23574400e-27
 1.91000000e+01  5.80338467e+07  9.67026000e+11  6.04236680e-27
 1.92000000e+01  5.56497204e+07  9.57957000e+11  5.84898960e-27
 1.93000000e+01  5.33004302e+07  9.48888000e+11  5.65561240e-27
 1.94000000e+01  5.09859763e+07  9.39819000e+11  5.46223520e-27
 1.95000000e+01  4.87063585e+07  9.30750000e+11  5.26885800e-27
 1.96000000e+01  4.68250541e+07  9.21768000e+11  5.11470440e-27
 1.97000000e+01  4.49712536e+07  9.12786000e+11  4.96055080e-27
 1.98000000e+01  4.31449569e+07  9.03804000e+11  4.80639720e-27
 1.99000000e+01  4.13461639e+07  8.94822000e+11  4.65224360e-27
 2.00000000e+01  3.95748748e+07  8.85840000e+11  4.49809000e-27
 2.01000000e+01  3.82482179e+07  8.77869000e+11  4.38677510e-27
 2.02000000e+01  3.69391861e+07  8.69898000e+11  4.27546020e-27
 2.03000000e+01  3.56477795e+07  8.61927000e+11  4.16414530e-27
 2.04000000e+01  3.43739979e+07  8.53956000e+11  4.05283040e-27
 2.05000000e+01  3.31178415e+07  8.45985000e+11  3.94151550e-27
 2.06000000e+01  3.18688108e+07  8.37738000e+11  3.83020060e-27
 2.07000000e+01  3.06380154e+07  8.29491000e+11  3.71888570e-27
 2.08000000e+01  2.94254555e+07  8.21244000e+11  3.60757080e-27
 2.09000000e+01  2.82311310e+07  8.12997000e+11  3.49625590e-27
 2.10000000e+01  2.70550419e+07  8.04750000e+11  3.38494100e-27
 2.11000000e+01  2.62051088e+07  7.97070000e+11  3.31019350e-27
 2.12000000e+01  2.53665788e+07  7.89390000e+11  3.23544600e-27
 2.13000000e+01  2.45394520e+07  7.81710000e+11  3.16069850e-27
 2.14000000e+01  2.37237283e+07  7.74030000e+11  3.08595100e-27
 2.15000000e+01  2.29194077e+07  7.66350000e+11  3.01120350e-27
 2.16000000e+01  2.21642004e+07  7.59963000e+11  2.93645600e-27
 2.17000000e+01  2.14184764e+07  7.53576000e+11  2.86170850e-27
 2.18000000e+01  2.06822357e+07  7.47189000e+11  2.78696100e-27
 2.19000000e+01  1.99554783e+07  7.40802000e+11  2.71221350e-27
 2.20000000e+01  1.92382042e+07  7.34415000e+11  2.63746600e-27
 2.21000000e+01  1.86758311e+07  7.27893000e+11  2.58330850e-27
 2.22000000e+01  1.81204743e+07  7.21371000e+11  2.52915100e-27
 2.23000000e+01  1.75721337e+07  7.14849000e+11  2.47499350e-27
 2.24000000e+01  1.70308094e+07  7.08327000e+11  2.42083600e-27
 2.25000000e+01  1.64965013e+07  7.01805000e+11  2.36667850e-27
 2.26000000e+01  1.59542574e+07  6.94632000e+11  2.31252100e-27
 2.27000000e+01  1.54197300e+07  6.87459000e+11  2.25836350e-27
 2.28000000e+01  1.48929193e+07  6.80286000e+11  2.20420600e-27
 2.29000000e+01  1.43738251e+07  6.73113000e+11  2.15004850e-27
 2.30000000e+01  1.38624476e+07  6.65940000e+11  2.09589100e-27
 2.31000000e+01  1.34782207e+07  6.59733000e+11  2.05697130e-27
 2.32000000e+01  1.30987924e+07  6.53526000e+11  2.01805160e-27
 2.33000000e+01  1.27241628e+07  6.47319000e+11  1.97913190e-27
 2.34000000e+01  1.23543317e+07  6.41112000e+11  1.94021220e-27
 2.35000000e+01  1.19892994e+07  6.34905000e+11  1.90129250e-27
 2.36000000e+01  1.16402193e+07  6.29301000e+11  1.86237280e-27
 2.37000000e+01  1.12954718e+07  6.23697000e+11  1.82345310e-27
 2.38000000e+01  1.09550567e+07  6.18093000e+11  1.78453340e-27
 2.39000000e+01  1.06189740e+07  6.12489000e+11  1.74561370e-27
 2.40000000e+01  1.02872238e+07  6.06885000e+11  1.70669400e-27
 2.41000000e+01  1.00018938e+07  6.01245000e+11  1.67492220e-27
 2.42000000e+01  9.72012329e+06  5.95605000e+11  1.64315040e-27
 2.43000000e+01  9.44191228e+06  5.89965000e+11  1.61137860e-27
 2.44000000e+01  9.16726075e+06  5.84325000e+11  1.57960680e-27
 2.45000000e+01  8.89616870e+06  5.78685000e+11  1.54783500e-27
 2.46000000e+01  8.62741648e+06  5.72964000e+11  1.51606320e-27
 2.47000000e+01  8.36227486e+06  5.67243000e+11  1.48429140e-27
 2.48000000e+01  8.10074385e+06  5.61522000e+11  1.45251960e-27
 2.49000000e+01  7.84282344e+06  5.55801000e+11  1.42074780e-27
 2.50000000e+01  7.58851363e+06  5.50080000e+11  1.38897600e-27
 2.51000000e+01  7.39280045e+06  5.45274000e+11  1.36507990e-27
 2.52000000e+01  7.19936855e+06  5.40468000e+11  1.34118380e-27
 2.53000000e+01  7.00821791e+06  5.35662000e+11  1.31728770e-27
 2.54000000e+01  6.81934855e+06  5.30856000e+11  1.29339160e-27
 2.55000000e+01  6.63276045e+06  5.26050000e+11  1.26949550e-27
 2.56000000e+01  6.45157119e+06  5.21496000e+11  1.24559940e-27
 2.57000000e+01  6.27254358e+06  5.16942000e+11  1.22170330e-27
 2.58000000e+01  6.09567763e+06  5.12388000e+11  1.19780720e-27
 2.59000000e+01  5.92097333e+06  5.07834000e+11  1.17391110e-27
 2.60000000e+01  5.74843069e+06  5.03280000e+11  1.15001500e-27
 2.61000000e+01  5.59798087e+06  4.97949000e+11  1.13190616e-27
 2.62000000e+01  5.44944868e+06  4.92618000e+11  1.11379732e-27
 2.63000000e+01  5.30283413e+06  4.87287000e+11  1.09568848e-27
 2.64000000e+01  5.15813721e+06  4.81956000e+11  1.07757964e-27
 2.65000000e+01  5.01535792e+06  4.76625000e+11  1.05947080e-27
 2.66000000e+01  4.89149982e+06  4.72938000e+11  1.04136196e-27
 2.67000000e+01  4.76896798e+06  4.69251000e+11  1.02325312e-27
 2.68000000e+01  4.64776240e+06  4.65564000e+11  1.00514428e-27
 2.69000000e+01  4.52788309e+06  4.61877000e+11  9.87035440e-28
 2.70000000e+01  4.40933004e+06  4.58190000e+11  9.68926600e-28
 2.71000000e+01  4.30583131e+06  4.54050000e+11  9.54810550e-28
 2.72000000e+01  4.20349343e+06  4.49910000e+11  9.40694500e-28
 2.73000000e+01  4.10231641e+06  4.45770000e+11  9.26578450e-28
 2.74000000e+01  4.00230026e+06  4.41630000e+11  9.12462400e-28
 2.75000000e+01  3.90344496e+06  4.37490000e+11  8.98346350e-28
 2.76000000e+01  3.79621309e+06  4.32264000e+11  8.84230300e-28
 2.77000000e+01  3.69044660e+06  4.27038000e+11  8.70114250e-28
 2.78000000e+01  3.58614548e+06  4.21812000e+11  8.55998200e-28
 2.79000000e+01  3.48330974e+06  4.16586000e+11  8.41882150e-28
 2.80000000e+01  3.38193937e+06  4.11360000e+11  8.27766100e-28
 2.81000000e+01  3.29559001e+06  4.07001000e+11  8.15270220e-28
 2.82000000e+01  3.21032262e+06  4.02642000e+11  8.02774340e-28
 2.83000000e+01  3.12613722e+06  3.98283000e+11  7.90278460e-28
 2.84000000e+01  3.04303379e+06  3.93924000e+11  7.77782580e-28
 2.85000000e+01  2.96101235e+06  3.89565000e+11  7.65286700e-28
 2.86000000e+01  2.88056635e+06  3.85272000e+11  7.52790820e-28
 2.87000000e+01  2.80118596e+06  3.80979000e+11  7.40294940e-28
 2.88000000e+01  2.72287116e+06  3.76686000e+11  7.27799060e-28
 2.89000000e+01  2.64562196e+06  3.72393000e+11  7.15303180e-28
 2.90000000e+01  2.56943836e+06  3.68100000e+11  7.02807300e-28
 2.91000000e+01  2.50924620e+06  3.64185000e+11  6.93721410e-28
 2.92000000e+01  2.44976062e+06  3.60270000e+11  6.84635520e-28
 2.93000000e+01  2.39098163e+06  3.56355000e+11  6.75549630e-28
 2.94000000e+01  2.33290923e+06  3.52440000e+11  6.66463740e-28
 2.95000000e+01  2.27554341e+06  3.48525000e+11  6.57377850e-28
 2.96000000e+01  2.22195550e+06  3.45087000e+11  6.48291960e-28
 2.97000000e+01  2.16898809e+06  3.41649000e+11  6.39206070e-28
 2.98000000e+01  2.11664117e+06  3.38211000e+11  6.30120180e-28
 2.99000000e+01  2.06491475e+06  3.34773000e+11  6.21034290e-28
 3.00000000e+01  2.01380883e+06  3.31335000e+11  6.11948400e-28
 3.01000000e+01  1.96976218e+06  3.27639000e+11  6.05315900e-28
 3.02000000e+01  1.92620248e+06  3.23943000e+11  5.98683400e-28
 3.03000000e+01  1.88312972e+06  3.20247000e+11  5.92050900e-28
 3.04000000e+01  1.84054390e+06  3.16551000e+11  5.85418400e-28
 3.05000000e+01  1.79844502e+06  3.12855000e+11  5.78785900e-28
 3.06000000e+01  1.75963063e+06  3.09651300e+11  5.72153400e-28
 3.07000000e+01  1.72123832e+06  3.06447600e+11  5.65520900e-28
 3.08000000e+01  1.68326809e+06  3.03243900e+11  5.58888400e-28
 3.09000000e+01  1.64571995e+06  3.00040200e+11  5.52255900e-28
 3.10000000e+01  1.60859388e+06  2.96836500e+11  5.45623400e-28
 3.11000000e+01  1.57309759e+06  2.93858400e+11  5.38990900e-28
 3.12000000e+01  1.53799365e+06  2.90880300e+11  5.32358400e-28
 3.13000000e+01  1.50328207e+06  2.87902200e+11  5.25725900e-28
 3.14000000e+01  1.46896286e+06  2.84924100e+11  5.19093400e-28
 3.15000000e+01  1.43503599e+06  2.81946000e+11  5.12460900e-28
 3.16000000e+01  1.39581044e+06  2.77835100e+11  5.05828400e-28
 3.17000000e+01  1.35712649e+06  2.73724200e+11  4.99195900e-28
 3.18000000e+01  1.31898414e+06  2.69613300e+11  4.92563400e-28
 3.19000000e+01  1.28138339e+06  2.65502400e+11  4.85930900e-28
 3.20000000e+01  1.24432424e+06  2.61391500e+11  4.79298400e-28
 3.21000000e+01  1.21042895e+06  2.56972800e+11  4.74259485e-28
 3.22000000e+01  1.17697595e+06  2.52554100e+11  4.69220570e-28
 3.23000000e+01  1.14396522e+06  2.48135400e+11  4.64181655e-28
 3.24000000e+01  1.11139678e+06  2.43716700e+11  4.59142740e-28
 3.25000000e+01  1.07927061e+06  2.39298000e+11  4.54103825e-28
 3.26000000e+01  1.05106159e+06  2.35658400e+11  4.49064910e-28
 3.27000000e+01  1.02321688e+06  2.32018800e+11  4.44025995e-28
 3.28000000e+01  9.95736456e+05  2.28379200e+11  4.38987080e-28
 3.29000000e+01  9.68620334e+05  2.24739600e+11  4.33948165e-28
 3.30000000e+01  9.41868510e+05  2.21100000e+11  4.28909250e-28
 3.31000000e+01  9.18729323e+05  2.18232000e+11  4.23870335e-28
 3.32000000e+01  8.95877202e+05  2.15364000e+11  4.18831420e-28
 3.33000000e+01  8.73312148e+05  2.12496000e+11  4.13792505e-28
 3.34000000e+01  8.51034160e+05  2.09628000e+11  4.08753590e-28
 3.35000000e+01  8.29043239e+05  2.06760000e+11  4.03714675e-28
 3.36000000e+01  8.06252462e+05  2.03617500e+11  3.98675760e-28
 3.37000000e+01  7.83776227e+05  2.00475000e+11  3.93636845e-28
 3.38000000e+01  7.61614533e+05  1.97332500e+11  3.88597930e-28
 3.39000000e+01  7.39767382e+05  1.94190000e+11  3.83559015e-28
 3.40000000e+01  7.18234772e+05  1.91047500e+11  3.78520100e-28
 3.41000000e+01  6.97535120e+05  1.87203000e+11  3.75160540e-28
 3.42000000e+01  6.77092027e+05  1.83358500e+11  3.71800980e-28
 3.43000000e+01  6.56905493e+05  1.79514000e+11  3.68441420e-28
 3.44000000e+01  6.36975519e+05  1.75669500e+11  3.65081860e-28
 3.45000000e+01  6.17302105e+05  1.71825000e+11  3.61722300e-28
 3.46000000e+01  5.98333717e+05  1.68106500e+11  3.58362740e-28
 3.47000000e+01  5.79613480e+05  1.64388000e+11  3.55003180e-28
 3.48000000e+01  5.61141394e+05  1.60669500e+11  3.51643620e-28
 3.49000000e+01  5.42917459e+05  1.56951000e+11  3.48284060e-28
 3.50000000e+01  5.24941675e+05  1.53232500e+11  3.44924500e-28
 3.51000000e+01  5.07253734e+05  1.49525700e+11  3.41564940e-28
 3.52000000e+01  4.89813163e+05  1.45818900e+11  3.38205380e-28
 3.53000000e+01  4.72619962e+05  1.42112100e+11  3.34845820e-28
 3.54000000e+01  4.55674132e+05  1.38405300e+11  3.31486260e-28
 3.55000000e+01  4.38975672e+05  1.34698500e+11  3.28126700e-28
 3.56000000e+01  4.24077701e+05  1.31473200e+11  3.24767140e-28
 3.57000000e+01  4.09394967e+05  1.28247900e+11  3.21407580e-28
 3.58000000e+01  3.94927471e+05  1.25022600e+11  3.18048020e-28
 3.59000000e+01  3.80675214e+05  1.21797300e+11  3.14688460e-28
 3.60000000e+01  3.66638194e+05  1.18572000e+11  3.11328900e-28
 3.61000000e+01  3.53381769e+05  1.15267800e+11  3.08673975e-28
 3.62000000e+01  3.40299600e+05  1.11963600e+11  3.06019050e-28
 3.63000000e+01  3.27391685e+05  1.08659400e+11  3.03364125e-28
 3.64000000e+01  3.14658025e+05  1.05355200e+11  3.00709200e-28
 3.65000000e+01  3.02098620e+05  1.02051000e+11  2.98054275e-28
 3.66000000e+01  2.87567614e+05  9.80154000e+10  2.95399350e-28
 3.67000000e+01  2.73249434e+05  9.39798000e+10  2.92744425e-28
 3.68000000e+01  2.59144082e+05  8.99442000e+10  2.90089500e-28
 3.69000000e+01  2.45251556e+05  8.59086000e+10  2.87434575e-28
 3.70000000e+01  2.31571857e+05  8.18730000e+10  2.84779650e-28
 3.71000000e+01  2.19167526e+05  7.82166000e+10  2.82124725e-28
 3.72000000e+01  2.06956023e+05  7.45602000e+10  2.79469800e-28
 3.73000000e+01  1.94937350e+05  7.09038000e+10  2.76814875e-28
 3.74000000e+01  1.83111505e+05  6.72474000e+10  2.74159950e-28
 3.75000000e+01  1.71478489e+05  6.35910000e+10  2.71505025e-28
 3.76000000e+01  1.60849781e+05  6.02385000e+10  2.68850100e-28
 3.77000000e+01  1.50397874e+05  5.68860000e+10  2.66195175e-28
 3.78000000e+01  1.40122770e+05  5.35335000e+10  2.63540250e-28
 3.79000000e+01  1.30024468e+05  5.01810000e+10  2.60885325e-28
 3.80000000e+01  1.20102967e+05  4.68285000e+10  2.58230400e-28
 3.81000000e+01  1.10090110e+05  4.32019800e+10  2.56571570e-28
 3.82000000e+01  1.00196750e+05  3.95754600e+10  2.54912740e-28
 3.83000000e+01  9.04228873e+04  3.59489400e+10  2.53253910e-28
 3.84000000e+01  8.07685219e+04  3.23224200e+10  2.51595080e-28
 3.85000000e+01  7.12336539e+04  2.86959000e+10  2.49936250e-28
 3.86000000e+01  6.32427773e+04  2.56470600e+10  2.48277420e-28
 3.87000000e+01  5.53523629e+04  2.25982200e+10  2.46618590e-28
 3.88000000e+01  4.75624107e+04  1.95493800e+10  2.44959760e-28
 3.89000000e+01  3.98729206e+04  1.65005400e+10  2.43300930e-28
 3.90000000e+01  3.22838928e+04  1.34517000e+10  2.41642100e-28
 3.91000000e+01  2.78829125e+04  1.16982540e+10  2.39983270e-28
 3.92000000e+01  2.35397099e+04  9.94480800e+09  2.38324440e-28
 3.93000000e+01  1.92542850e+04  8.19136200e+09  2.36665610e-28
 3.94000000e+01  1.50266378e+04  6.43791600e+09  2.35006780e-28
 3.95000000e+01  1.08567684e+04  4.68447000e+09  2.33347950e-28
 3.96000000e+01  9.02253625e+03  3.92091000e+09  2.31689120e-28
 3.97000000e+01  7.21346412e+03  3.15735000e+09  2.30030290e-28
 3.98000000e+01  5.42955202e+03  2.39379000e+09  2.28371460e-28
 3.99000000e+01  3.67079996e+03  1.63023000e+09  2.26712630e-28
 4.00000000e+01  1.93720792e+03  8.66670000e+08  2.25053800e-28
 4.01000000e+01  1.53957926e+03  6.93336000e+08  2.23574455e-28
 4.02000000e+01  1.14704415e+03  5.20002000e+08  2.22095110e-28
 4.03000000e+01  7.59602561e+02  3.46668000e+08  2.20615765e-28
 4.04000000e+01  3.77254513e+02  1.73334000e+08  2.19136420e-28
 4.05000000e+01  0.00000000e+00  0.00000000e+00  2.17657075e-28
 4.06000000e+01  0.00000000e+00  0.00000000e+00  2.16177730e-28
 4.07000000e+01  0.00000000e+00  0.00000000e+00  2.14698385e-28
 4.08000000e+01  0.00000000e+00  0.00000000e+00  2.13219040e-28
 4.09000000e+01  0.00000000e+00  0.00000000e+00  2.11739695e-28
 4.10000000e+01  0.00000000e+00  0.00000000e+00  2.10260350e-28
 4.11000000e+01  0.00000000e+00  0.00000000e+00  2.08781005e-28
 4.12000000e+01  0.00000000e+00  0.00000000e+00  2.07301660e-28
 4.13000000e+01  0.00000000e+00  0.00000000e+00  2.05822315e-28
 4.14000000e+01  0.00000000e+00  0.00000000e+00  2.04342970e-28
 4.15000000e+01  0.00000000e+00  0.00000000e+00  2.02863625e-28
 4.16000000e+01  0.00000000e+00  0.00000000e+00  2.01384280e-28
 4.17000000e+01  0.00000000e+00  0.00000000e+00  1.99904935e-28
 4.18000000e+01  0.00000000e+00  0.00000000e+00  1.98425590e-28
 4.19000000e+01  0.00000000e+00  0.00000000e+00  1.96946245e-28
 4.20000000e+01  0.00000000e+00  0.00000000e+00  1.95466900e-28
 4.21000000e+01  0.00000000e+00  0.00000000e+00  1.94360320e-28
 4.22000000e+01  0.00000000e+00  0.00000000e+00  1.93253740e-28
 4.23000000e+01  0.00000000e+00  0.00000000e+00  1.92147160e-28
 4.24000000e+01  0.00000000e+00  0.00000000e+00  1.91040580e-28
 4.25000000e+01  0.00000000e+00  0.00000000e+00  1.89934000e-28
 4.26000000e+01  0.00000000e+00  0.00000000e+00  1.88827420e-28
 4.27000000e+01  0.00000000e+00  0.00000000e+00  1.87720840e-28
 4.28000000e+01  0.00000000e+00  0.00000000e+00  1.86614260e-28
 4.29000000e+01  0.00000000e+00  0.00000000e+00  1.85507680e-28
 4.30000000e+01  0.00000000e+00  0.00000000e+00  1.84401100e-28
 4.31000000e+01  0.00000000e+00  0.00000000e+00  1.83294520e-28
 4.32000000e+01  0.00000000e+00  0.00000000e+00  1.82187940e-28
 4.33000000e+01  0.00000000e+00  0.00000000e+00  1.81081360e-28
 4.34000000e+01  0.00000000e+00  0.00000000e+00  1.79974780e-28
 4.35000000e+01  0.00000000e+00  0.00000000e+00  1.78868200e-28
 4.36000000e+01  0.00000000e+00  0.00000000e+00  1.77761620e-28
 4.37000000e+01  0.00000000e+00  0.00000000e+00  1.76655040e-28
 4.38000000e+01  0.00000000e+00  0.00000000e+00  1.75548460e-28
 4.39000000e+01  0.00000000e+00  0.00000000e+00  1.74441880e-28
 4.40000000e+01  0.00000000e+00  0.00000000e+00  1.73335300e-28
 4.41000000e+01  0.00000000e+00  0.00000000e+00  1.72441315e-28
 4.42000000e+01  0.00000000e+00  0.00000000e+00  1.71547330e-28
 4.43000000e+01  0.00000000e+00  0.00000000e+00  1.70653345e-28
 4.44000000e+01  0.00000000e+00  0.00000000e+00  1.69759360e-28
 4.45000000e+01  0.00000000e+00  0.00000000e+00  1.68865375e-28
 4.46000000e+01  0.00000000e+00  0.00000000e+00  1.67971390e-28
 4.47000000e+01  0.00000000e+00  0.00000000e+00  1.67077405e-28
 4.48000000e+01  0.00000000e+00  0.00000000e+00  1.66183420e-28
 4.49000000e+01  0.00000000e+00  0.00000000e+00  1.65289435e-28
 4.50000000e+01  0.00000000e+00  0.00000000e+00  1.64395450e-28
 4.51000000e+01  0.00000000e+00  0.00000000e+00  1.63501465e-28
 4.52000000e+01  0.00000000e+00  0.00000000e+00  1.62607480e-28
 4.53000000e+01  0.00000000e+00  0.00000000e+00  1.61713495e-28
 4.54000000e+01  0.00000000e+00  0.00000000e+00  1.60819510e-28
 4.55000000e+01  0.00000000e+00  0.00000000e+00  1.59925525e-28
 4.56000000e+01  0.00000000e+00  0.00000000e+00  1.59031540e-28
 4.57000000e+01  0.00000000e+00  0.00000000e+00  1.58137555e-28
 4.58000000e+01  0.00000000e+00  0.00000000e+00  1.57243570e-28
 4.59000000e+01  0.00000000e+00  0.00000000e+00  1.56349585e-28
 4.60000000e+01  0.00000000e+00  0.00000000e+00  1.55455600e-28
 4.61000000e+01  0.00000000e+00  0.00000000e+00  1.54835485e-28
 4.62000000e+01  0.00000000e+00  0.00000000e+00  1.54215370e-28
 4.63000000e+01  0.00000000e+00  0.00000000e+00  1.53595255e-28
 4.64000000e+01  0.00000000e+00  0.00000000e+00  1.52975140e-28
 4.65000000e+01  0.00000000e+00  0.00000000e+00  1.52355025e-28
 4.66000000e+01  0.00000000e+00  0.00000000e+00  1.51734910e-28
 4.67000000e+01  0.00000000e+00  0.00000000e+00  1.51114795e-28
 4.68000000e+01  0.00000000e+00  0.00000000e+00  1.50494680e-28
 4.69000000e+01  0.00000000e+00  0.00000000e+00  1.49874565e-28
 4.70000000e+01  0.00000000e+00  0.00000000e+00  1.49254450e-28
 4.71000000e+01  0.00000000e+00  0.00000000e+00  1.48634335e-28
 4.72000000e+01  0.00000000e+00  0.00000000e+00  1.48014220e-28
 4.73000000e+01  0.00000000e+00  0.00000000e+00  1.47394105e-28
 4.74000000e+01  0.00000000e+00  0.00000000e+00  1.46773990e-28
 4.75000000e+01  0.00000000e+00  0.00000000e+00  1.46153875e-28
 4.76000000e+01  0.00000000e+00  0.00000000e+00  1.45533760e-28
 4.77000000e+01  0.00000000e+00  0.00000000e+00  1.44913645e-28
 4.78000000e+01  0.00000000e+00  0.00000000e+00  1.44293530e-28
 4.79000000e+01  0.00000000e+00  0.00000000e+00  1.43673415e-28
 4.80000000e+01  0.00000000e+00  0.00000000e+00  1.43053300e-28
 4.81000000e+01  0.00000000e+00  0.00000000e+00  1.42414940e-28
 4.82000000e+01  0.00000000e+00  0.00000000e+00  1.41776580e-28
 4.83000000e+01  0.00000000e+00  0.00000000e+00  1.41138220e-28
 4.84000000e+01  0.00000000e+00  0.00000000e+00  1.40499860e-28
 4.85000000e+01  0.00000000e+00  0.00000000e+00  1.39861500e-28
 4.86000000e+01  0.00000000e+00  0.00000000e+00  1.39223140e-28
 4.87000000e+01  0.00000000e+00  0.00000000e+00  1.38584780e-28
 4.88000000e+01  0.00000000e+00  0.00000000e+00  1.37946420e-28
 4.89000000e+01  0.00000000e+00  0.00000000e+00  1.37308060e-28
 4.90000000e+01  0.00000000e+00  0.00000000e+00  1.36669700e-28
 4.91000000e+01  0.00000000e+00  0.00000000e+00  1.36031340e-28
 4.92000000e+01  0.00000000e+00  0.00000000e+00  1.35392980e-28
 4.93000000e+01  0.00000000e+00  0.00000000e+00  1.34754620e-28
 4.94000000e+01  0.00000000e+00  0.00000000e+00  1.34116260e-28
 4.95000000e+01  0.00000000e+00  0.00000000e+00  1.33477900e-28
 4.96000000e+01  0.00000000e+00  0.00000000e+00  1.32839540e-28
 4.97000000e+01  0.00000000e+00  0.00000000e+00  1.32201180e-28
 4.98000000e+01  0.00000000e+00  0.00000000e+00  1.31562820e-28
 4.99000000e+01  0.00000000e+00  0.00000000e+00  1.30924460e-28
 5.00000000e+01  0.00000000e+00  0.00000000e+00  1.30286100e-28
