# energy(MeV) dYield(atoms/MeV/s) photonFlux(photons/MeV/uA/s) crossSection(mb)
# 501 4
# 501 4
 0.00000000e+00  0.00000000e+00  2.68599000e+13  0.00000000e+00
 1.00000000e-01  0.00000000e+00  2.75189100e+13  0.00000000e+00
 2.00000000e-01  0.00000000e+00  2.81779200e+13  0.00000000e+00
 3.00000000e-01  0.00000000e+00  2.88369300e+13  0.00000000e+00
 4.00000000e-01  0.00000000e+00  2.94959400e+13  0.00000000e+00
 5.00000000e-01  0.00000000e+00  3.01549500e+13  0.00000000e+00
 6.00000000e-01  0.00000000e+00  2.95556100e+13  0.00000000e+00
 7.00000000e-01  0.00000000e+00  2.89562700e+13  0.00000000e+00
 8.00000000e-01  0.00000000e+00  2.83569300e+13  0.00000000e+00
 9.00000000e-01  0.00000000e+00  2.77575900e+13  0.00000000e+00
 1.00000000e+00  0.00000000e+00  2.71582500e+13  0.00000000e+00
 1.10000000e+00  0.00000000e+00  2.53209000e+13  0.00000000e+00
 1.20000000e+00  0.00000000e+00  2.34835500e+13  0.00000000e+00
 1.30000000e+00  0.00000000e+00  2.16462000e+13  0.00000000e+00
 1.40000000e+00  0.00000000e+00  1.98088500e+13  0.00000000e+00
 1.50000000e+00  0.00000000e+00  1.79715000e+13  0.00000000e+00
 1.60000000e+00  0.00000000e+00  1.70335500e+13  0.00000000e+00
 1.70000000e+00  0.00000000e+00  1.60956000e+13  0.00000000e+00
 1.80000000e+00  0.00000000e+00  1.51576500e+13  0.00000000e+00
 1.90000000e+00  0.00000000e+00  1.42197000e+13  0.00000000e+00
 2.00000000e+00  0.00000000e+00  1.32817500e+13  0.00000000e+00
 2.10000000e+00  0.00000000e+00  1.26942600e+13  0.00000000e+00
 2.20000000e+00  0.00000000e+00  1.21067700e+13  0.00000000e+00
 2.30000000e+00  0.00000000e+00  1.15192800e+13  0.00000000e+00
 2.40000000e+00  0.00000000e+00  1.09317900e+13  0.00000000e+00
 2.50000000e+00  0.00000000e+00  1.03443000e+13  0.00000000e+00
 2.60000000e+00  0.00000000e+00  9.94998000e+12  0.00000000e+00
 2.70000000e+00  0.00000000e+00  9.55566000e+12  0.00000000e+00
 2.80000000e+00  0.00000000e+00  9.16134000e+12  0.00000000e+00
 2.90000000e+00  0.00000000e+00  8.76702000e+12  0.00000000e+00
 3.00000000e+00  0.00000000e+00  8.37270000e+12  0.00000000e+00
 3.10000000e+00  0.00000000e+00  8.09112000e+12  0.00000000e+00
 3.20000000e+00  0.00000000e+00  7.80954000e+12  0.00000000e+00
 3.30000000e+00  0.00000000e+00  7.52796000e+12  0.00000000e+00
 3.40000000e+00  0.00000000e+00  7.24638000e+12  0.00000000e+00
 3.50000000e+00  0.00000000e+00  6.96480000e+12  0.00000000e+00
 3.60000000e+00  0.00000000e+00  6.75633000e+12  0.00000000e+00
 3.70000000e+00  0.00000000e+00  6.54786000e+12  0.00000000e+00
 3.80000000e+00  0.00000000e+00  6.33939000e+12  0.00000000e+00
 3.90000000e+00  0.00000000e+00  6.13092000e+12  0.00000000e+00
 4.00000000e+00  0.00000000e+00  5.92245000e+12  0.00000000e+00
 4.10000000e+00  0.00000000e+00  5.75706000e+12  0.00000000e+00
 4.20000000e+00  0.00000000e+00  5.59167000e+12  0.00000000e+00
 4.30000000e+00  0.00000000e+00  5.42628000e+12  0.00000000e+00
 4.40000000e+00  0.00000000e+00  5.26089000e+12  0.00000000e+00
 4.50000000e+00  0.00000000e+00  5.09550000e+12  0.00000000e+00
 4.60000000e+00  0.00000000e+00  4.96377000e+12  0.00000000e+00
 4.70000000e+00  0.00000000e+00  4.83204000e+12  0.00000000e+00
 4.80000000e+00  0.00000000e+00  4.70031000e+12  0.00000000e+00
 4.90000000e+00  0.00000000e+00  4.56858000e+12  0.00000000e+00
 5.00000000e+00  0.00000000e+00  4.43685000e+12  0.00000000e+00
 5.10000000e+00  0.00000000e+00  4.33023000e+12  0.00000000e+00
 5.20000000e+00  0.00000000e+00  4.22361000e+12  0.00000000e+00
 5.30000000e+00  0.00000000e+00  4.11699000e+12  0.00000000e+00
 5.40000000e+00  0.00000000e+00  4.01037000e+12  0.00000000e+00
 5.50000000e+00  0.00000000e+00  3.90375000e+12  0.00000000e+00
 5.60000000e+00  0.00000000e+00  3.81978000e+12  0.00000000e+00
 5.70000000e+00  0.00000000e+00  3.73581000e+12  0.00000000e+00
 5.80000000e+00  0.00000000e+00  3.65184000e+12  0.00000000e+00
 5.90000000e+00  0.00000000e+00  3.56787000e+12  0.00000000e+00
 6.00000000e+00  0.00000000e+00  3.48390000e+12  0.00000000e+00
 6.10000000e+00  0.00000000e+00  3.41418300e+12  0.00000000e+00
 6.20000000e+00  0.00000000e+00  3.34446600e+12  0.00000000e+00
 6.30000000e+00  0.00000000e+00  3.27474900e+12  0.00000000e+00
 6.40000000e+00  0.00000000e+00  3.20503200e+12  0.00000000e+00
 6.50000000e+00  0.00000000e+00  3.13531500e+12  0.00000000e+00
 6.60000000e+00  3.88253962e+08  3.07211700e+12  1.27245380e-26
 6.70000000e+00  4.10383988e+08  3.00891900e+12  1.37323160e-26
 6.80000000e+00  4.31248886e+08  2.94572100e+12  1.47400940e-26
 6.90000000e+00  4.50848656e+08  2.88252300e+12  1.57478720e-26
 7.00000000e+00  4.69183299e+08  2.81932500e+12  1.67556500e-26
 7.10000000e+00  4.90040131e+08  2.76613500e+12  1.78370140e-26
 7.20000000e+00  5.09754432e+08  2.71294500e+12  1.89183780e-26
 7.30000000e+00  5.28326201e+08  2.65975500e+12  1.99997420e-26
 7.40000000e+00  5.45755440e+08  2.60656500e+12  2.10811060e-26
 7.50000000e+00  5.62042148e+08  2.55337500e+12  2.21624700e-26
 7.60000000e+00  5.89990410e+08  2.50896600e+12  2.36763120e-26
 7.70000000e+00  6.16603253e+08  2.46455700e+12  2.51901540e-26
 7.80000000e+00  6.41880676e+08  2.42014800e+12  2.67039960e-26
 7.90000000e+00  6.65822681e+08  2.37573900e+12  2.82178380e-26
 8.00000000e+00  6.88429266e+08  2.33133000e+12  2.97316800e-26
 8.10000000e+00  7.26319353e+08  2.29104600e+12  3.19196180e-26
 8.20000000e+00  7.62458652e+08  2.25076200e+12  3.41075560e-26
 8.30000000e+00  7.96847163e+08  2.21047800e+12  3.62954940e-26
 8.40000000e+00  8.29484885e+08  2.17019400e+12  3.84834320e-26
 8.50000000e+00  8.60371818e+08  2.12991000e+12  4.06713700e-26
 8.60000000e+00  9.13515260e+08  2.09626500e+12  4.38766540e-26
 8.70000000e+00  9.64516536e+08  2.06262000e+12  4.70819380e-26
 8.80000000e+00  1.01337565e+09  2.02897500e+12  5.02872220e-26
 8.90000000e+00  1.06009259e+09  1.99533000e+12  5.34925060e-26
 9.00000000e+00  1.10466737e+09  1.96168500e+12  5.66977900e-26
 9.10000000e+00  1.17877494e+09  1.93223400e+12  6.14235700e-26
 9.20000000e+00  1.25011788e+09  1.90278300e+12  6.61493500e-26
 9.30000000e+00  1.31869616e+09  1.87333200e+12  7.08751300e-26
 9.40000000e+00  1.38450980e+09  1.84388100e+12  7.56009100e-26
 9.50000000e+00  1.44755879e+09  1.81443000e+12  8.03266900e-26
 9.60000000e+00  1.54871983e+09  1.78600200e+12  8.73081520e-26
 9.70000000e+00  1.64593848e+09  1.75757400e+12  9.42896140e-26
 9.80000000e+00  1.73921475e+09  1.72914600e+12  1.01271076e-25
 9.90000000e+00  1.82854864e+09  1.70071800e+12  1.08252538e-25
 1.00000000e+01  1.91394015e+09  1.67229000e+12  1.15234000e-25
 1.01000000e+01  2.05330775e+09  1.64697000e+12  1.25525580e-25
 1.02000000e+01  2.18749915e+09  1.62165000e+12  1.35817160e-25
 1.03000000e+01  2.31651434e+09  1.59633000e+12  1.46108740e-25
 1.04000000e+01  2.44035332e+09  1.57101000e+12  1.56400320e-25
 1.05000000e+01  2.55901609e+09  1.54569000e+12  1.66691900e-25
 1.06000000e+01  2.74186633e+09  1.52304600e+12  1.81257980e-25
 1.07000000e+01  2.91816475e+09  1.50040200e+12  1.95824060e-25
 1.08000000e+01  3.08791135e+09  1.47775800e+12  2.10390140e-25
 1.09000000e+01  3.25110613e+09  1.45511400e+12  2.24956220e-25
 1.10000000e+01  3.40774909e+09  1.43247000e+12  2.39522300e-25
 1.11000000e+01  3.59078195e+09  1.41475800e+12  2.55546980e-25
 1.12000000e+01  3.76817683e+09  1.39704600e+12  2.71571660e-25
 1.13000000e+01  3.93993374e+09  1.37933400e+12  2.87596340e-25
 1.14000000e+01  4.10605268e+09  1.36162200e+12  3.03621020e-25
 1.15000000e+01  4.26653364e+09  1.34391000e+12  3.19645700e-25
 1.16000000e+01  4.09972598e+09  1.32602700e+12  3.11290840e-25
 1.17000000e+01  3.93588620e+09  1.30814400e+12  3.02935980e-25
 1.18000000e+01  3.77501430e+09  1.29026100e+12  2.94581120e-25
 1.19000000e+01  3.61711027e+09  1.27237800e+12  2.86226260e-25
 1.20000000e+01  3.46217412e+09  1.25449500e+12  2.77871400e-25
 1.21000000e+01  3.22056879e+09  1.23680700e+12  2.62176960e-25
 1.22000000e+01  2.98447776e+09  1.21911900e+12  2.46482520e-25
 1.23000000e+01  2.75390104e+09  1.20143100e+12  2.30788080e-25
 1.24000000e+01  2.52883862e+09  1.18374300e+12  2.15093640e-25
 1.25000000e+01  2.30929050e+09  1.16605500e+12  1.99399200e-25
 1.26000000e+01  2.14359067e+09  1.15228200e+12  1.87303960e-25
 1.27000000e+01  1.98119994e+09  1.13850900e+12  1.75208720e-25
 1.28000000e+01  1.82211831e+09  1.12473600e+12  1.63113480e-25
 1.29000000e+01  1.66634576e+09  1.11096300e+12  1.51018240e-25
 1.30000000e+01  1.51388232e+09  1.09719000e+12  1.38923000e-25
 1.31000000e+01  1.40675469e+09  1.08320400e+12  1.30759122e-25
 1.32000000e+01  1.30189514e+09  1.06921800e+12  1.22595244e-25
 1.33000000e+01  1.19930365e+09  1.05523200e+12  1.14431366e-25
 1.34000000e+01  1.09898024e+09  1.04124600e+12  1.06267488e-25
 1.35000000e+01  1.00092489e+09  1.02726000e+12  9.81036100e-26
 1.36000000e+01  9.42506142e+08  1.01438400e+12  9.35504060e-26
 1.37000000e+01  8.85251962e+08  1.00150800e+12  8.89972020e-26
 1.38000000e+01  8.29162347e+08  9.88632000e+11  8.44439980e-26
 1.39000000e+01  7.74237299e+08  9.75756000e+11  7.98907940e-26
 1.40000000e+01  7.20476818e+08  9.62880000e+11  7.53375900e-26
 1.41000000e+01  6.85162132e+08  9.52671000e+11  7.24126240e-26
 1.42000000e+01  6.50440605e+08  9.42462000e+11  6.94876580e-26
 1.43000000e+01  6.16312235e+08  9.32253000e+11  6.65626920e-26
 1.44000000e+01  5.82777023e+08  9.22044000e+11  6.36377260e-26
 1.45000000e+01  5.49834968e+08  9.11835000e+11  6.07127600e-26
 1.46000000e+01  5.20658163e+08  9.01509000e+11  5.81495680e-26
 1.47000000e+01  4.92007107e+08  8.91183000e+11  5.55863760e-26
 1.48000000e+01  4.63881802e+08  8.80857000e+11  5.30231840e-26
 1.49000000e+01  4.36282246e+08  8.70531000e+11  5.04599920e-26
 1.50000000e+01  4.09208441e+08  8.60205000e+11  4.78968000e-26
 1.51000000e+01  3.85263693e+08  8.50572000e+11  4.56048340e-26
 1.52000000e+01  3.61757512e+08  8.40939000e+11  4.33128680e-26
 1.53000000e+01  3.38689898e+08  8.31306000e+11  4.10209020e-26
 1.54000000e+01  3.16060850e+08  8.21673000e+11  3.87289360e-26
 1.55000000e+01  2.93870370e+08  8.12040000e+11  3.64369700e-26
 1.56000000e+01  2.75758611e+08  8.04390000e+11  3.45164640e-26
 1.57000000e+01  2.57938692e+08  7.96740000e+11  3.25959580e-26
 1.58000000e+01  2.40410611e+08  7.89090000e+11  3.06754520e-26
 1.59000000e+01  2.23174369e+08  7.81440000e+11  2.87549460e-26
 1.60000000e+01  2.06229967e+08  7.73790000e+11  2.68344400e-26
 1.61000000e+01  1.93208024e+08  7.64841000e+11  2.54341880e-26
 1.62000000e+01  1.80434995e+08  7.55892000e+11  2.40339360e-26
 1.63000000e+01  1.67910878e+08  7.46943000e+11  2.26336840e-26
 1.64000000e+01  1.55635673e+08  7.37994000e+11  2.12334320e-26
 1.65000000e+01  1.43609381e+08  7.29045000e+11  1.98331800e-26
 1.66000000e+01  1.34753173e+08  7.20072000e+11  1.88419980e-26
 1.67000000e+01  1.26073632e+08  7.11099000e+11  1.78508160e-26
 1.68000000e+01  1.17570758e+08  7.02126000e+11  1.68596340e-26
 1.69000000e+01  1.09244553e+08  6.93153000e+11  1.58684520e-26
 1.70000000e+01  1.01095015e+08  6.84180000e+11  1.48772700e-26
 1.71000000e+01  9.55070396e+07  6.76419000e+11  1.42161980e-26
 1.72000000e+01  9.00209778e+07  6.68658000e+11  1.35551260e-26
 1.73000000e+01  8.46368297e+07  6.60897000e+11  1.28940540e-26
 1.74000000e+01  7.93545952e+07  6.53136000e+11  1.22329820e-26
 1.75000000e+01  7.41742745e+07  6.45375000e+11  1.15719100e-26
 1.76000000e+01  7.05311257e+07  6.39792000e+11  1.10995632e-26
 1.77000000e+01  6.69403605e+07  6.34209000e+11  1.06272164e-26
 1.78000000e+01  6.34019788e+07  6.28626000e+11  1.01548696e-26
 1.79000000e+01  5.99159806e+07  6.23043000e+11  9.68252280e-27
 1.80000000e+01  5.64823659e+07  6.17460000e+11  9.21017600e-27
 1.81000000e+01  5.39229676e+07  6.12309000e+11  8.86680220e-27
 1.82000000e+01  5.13987031e+07  6.07158000e+11  8.52342840e-27
 1.83000000e+01  4.89095724e+07  6.02007000e+11  8.18005460e-27
 1.84000000e+01  4.64555754e+07  5.96856000e+11  7.83668080e-27
 1.85000000e+01  4.40367122e+07  5.91705000e+11  7.49330700e-27
 1.86000000e+01  4.20638466e+07  5.84826000e+11  7.24179440e-27
 1.87000000e+01  4.01253487e+07  5.77947000e+11  6.99028180e-27
 1.88000000e+01  3.82212186e+07  5.71068000e+11  6.73876920e-27
 1.89000000e+01  3.63514562e+07  5.64189000e+11  6.48725660e-27
 1.90000000e+01  3.45160616e+07  5.57310000e+11  6.23574400e-27
 1.91000000e+01  3.31338550e+07  5.52114000e+11  6.04236680e-27
 1.92000000e+01  3.17716075e+07  5.46918000e+11  5.84898960e-27
 1.93000000e+01  3.04293190e+07  5.41722000e+11  5.65561240e-27
 1.94000000e+01  2.91069896e+07  5.36526000e+11  5.46223520e-27
 1.95000000e+01  2.78046193e+07  5.31330000e+11  5.26885800e-27
 1.96000000e+01  2.67536904e+07  5.26656000e+11  5.11470440e-27
 1.97000000e+01  2.57170738e+07  5.21982000e+11  4.96055080e-27
 1.98000000e+01  2.46947694e+07  5.17308000e+11  4.80639720e-27
 1.99000000e+01  2.36867773e+07  5.12634000e+11  4.65224360e-27
 2.00000000e+01  2.26930974e+07  5.07960000e+11  4.49809000e-27
 2.01000000e+01  2.18779341e+07  5.02140000e+11  4.38677510e-27
 2.02000000e+01  2.10756397e+07  4.96320000e+11  4.27546020e-27
 2.03000000e+01  2.02862143e+07  4.90500000e+11  4.16414530e-27
 2.04000000e+01  1.95096578e+07  4.84680000e+11  4.05283040e-27
 2.05000000e+01  1.87459702e+07  4.78860000e+11  3.94151550e-27
 2.06000000e+01  1.80422849e+07  4.74279000e+11  3.83020060e-27
 2.07000000e+01  1.73487290e+07  4.69698000e+11  3.71888570e-27
 2.08000000e+01  1.66653024e+07  4.65117000e+11  3.60757080e-27
 2.09000000e+01  1.59920051e+07  4.60536000e+11  3.49625590e-27
 2.10000000e+01  1.53288371e+07  4.55955000e+11  3.38494100e-27
 2.11000000e+01  1.48366739e+07  4.51281000e+11  3.31019350e-27
 2.12000000e+01  1.43514507e+07  4.46607000e+11  3.23544600e-27
 2.13000000e+01  1.38731673e+07  4.41933000e+11  3.16069850e-27
 2.14000000e+01  1.34018238e+07  4.37259000e+11  3.08595100e-27
 2.15000000e+01  1.29374202e+07  4.32585000e+11  3.01120350e-27
 2.16000000e+01  1.24824063e+07  4.27995000e+11  2.93645600e-27
 2.17000000e+01  1.20342076e+07  4.23405000e+11  2.86170850e-27
 2.18000000e+01  1.15928240e+07  4.18815000e+11  2.78696100e-27
 2.19000000e+01  1.11582555e+07  4.14225000e+11  2.71221350e-27
 2.20000000e+01  1.07305022e+07  4.09635000e+11  2.63746600e-27
 2.21000000e+01  1.03989382e+07  4.05300000e+11  2.58330850e-27
 2.22000000e+01  1.00720378e+07  4.00965000e+11  2.52915100e-27
 2.23000000e+01  9.74980084e+06  3.96630000e+11  2.47499350e-27
 2.24000000e+01  9.43222743e+06  3.92295000e+11  2.42083600e-27
 2.25000000e+01  9.11931753e+06  3.87960000e+11  2.36667850e-27
 2.26000000e+01  8.83766802e+06  3.84783000e+11  2.31252100e-27
 2.27000000e+01  8.55943627e+06  3.81606000e+11  2.25836350e-27
 2.28000000e+01  8.28462228e+06  3.78429000e+11  2.20420600e-27
 2.29000000e+01  8.01322605e+06  3.75252000e+11  2.15004850e-27
 2.30000000e+01  7.74524759e+06  3.72075000e+11  2.09589100e-27
 2.31000000e+01  7.52260381e+06  3.68217000e+11  2.05697130e-27
 2.32000000e+01  7.30294265e+06  3.64359000e+11  2.01805160e-27
 2.33000000e+01  7.08626411e+06  3.60501000e+11  1.97913190e-27
 2.34000000e+01  6.87256819e+06  3.56643000e+11  1.94021220e-27
 2.35000000e+01  6.66185488e+06  3.52785000e+11  1.90129250e-27
 2.36000000e+01  6.44136123e+06  3.48237000e+11  1.86237280e-27
 2.37000000e+01  6.22438363e+06  3.43689000e+11  1.82345310e-27
 2.38000000e+01  6.01092209e+06  3.39141000e+11  1.78453340e-27
 2.39000000e+01  5.80097661e+06  3.34593000e+11  1.74561370e-27
 2.40000000e+01  5.59454719e+06  3.30045000e+11  1.70669400e-27
 2.41000000e+01  5.44573336e+06  3.27360000e+11  1.67492220e-27
 2.42000000e+01  5.29861407e+06  3.24675000e+11  1.64315040e-27
 2.43000000e+01  5.15318932e+06  3.21990000e+11  1.61137860e-27
 2.44000000e+01  5.00945911e+06  3.19305000e+11  1.57960680e-27
 2.45000000e+01  4.86742344e+06  3.16620000e+11  1.54783500e-27
 2.46000000e+01  4.72297161e+06  3.13662000e+11  1.51606320e-27
 2.47000000e+01  4.58038662e+06  3.10704000e+11  1.48429140e-27
 2.48000000e+01  4.43966847e+06  3.07746000e+11  1.45251960e-27
 2.49000000e+01  4.30081714e+06  3.04788000e+11  1.42074780e-27
 2.50000000e+01  4.16383266e+06  3.01830000e+11  1.38897600e-27
 2.51000000e+01  4.05498509e+06  2.99085300e+11  1.36507990e-27
 2.52000000e+01  3.94744036e+06  2.96340600e+11  1.34118380e-27
 2.53000000e+01  3.84119845e+06  2.93595900e+11  1.31728770e-27
 2.54000000e+01  3.73625938e+06  2.90851200e+11  1.29339160e-27
 2.55000000e+01  3.63262313e+06  2.88106500e+11  1.26949550e-27
 2.56000000e+01  3.53095406e+06  2.85415500e+11  1.24559940e-27
 2.57000000e+01  3.43056232e+06  2.82724500e+11  1.22170330e-27
 2.58000000e+01  3.33144793e+06  2.80033500e+11  1.19780720e-27
 2.59000000e+01  3.23361088e+06  2.77342500e+11  1.17391110e-27
 2.60000000e+01  3.13705117e+06  2.74651500e+11  1.15001500e-27
 2.61000000e+01  3.06270595e+06  2.72432400e+11  1.13190616e-27
 2.62000000e+01  2.98915897e+06  2.70213300e+11  1.11379732e-27
 2.63000000e+01  2.91641023e+06  2.67994200e+11  1.09568848e-27
 2.64000000e+01  2.84445973e+06  2.65775100e+11  1.07757964e-27
 2.65000000e+01  2.77330747e+06  2.63556000e+11  1.05947080e-27
 2.66000000e+01  2.69252171e+06  2.60328300e+11  1.04136196e-27
 2.67000000e+01  2.61289700e+06  2.57100600e+11  1.02325312e-27
 2.68000000e+01  2.53443333e+06  2.53872900e+11  1.00514428e-27
 2.69000000e+01  2.45713071e+06  2.50645200e+11  9.87035440e-28
 2.70000000e+01  2.38098914e+06  2.47417500e+11  9.68926600e-28
 2.71000000e+01  2.31297821e+06  2.43903600e+11  9.54810550e-28
 2.72000000e+01  2.24595258e+06  2.40389700e+11  9.40694500e-28
 2.73000000e+01  2.17991225e+06  2.36875800e+11  9.26578450e-28
 2.74000000e+01  2.11485722e+06  2.33361900e+11  9.12462400e-28
 2.75000000e+01  2.05078749e+06  2.29848000e+11  8.98346350e-28
 2.76000000e+01  1.99810465e+06  2.27518500e+11  8.84230300e-28
 2.77000000e+01  1.94607501e+06  2.25189000e+11  8.70114250e-28
 2.78000000e+01  1.89469856e+06  2.22859500e+11  8.55998200e-28
 2.79000000e+01  1.84397531e+06  2.20530000e+11  8.41882150e-28
 2.80000000e+01  1.79390525e+06  2.18200500e+11  8.27766100e-28
 2.81000000e+01  1.74813940e+06  2.15892900e+11  8.15270220e-28
 2.82000000e+01  1.70294634e+06  2.13585300e+11  8.02774340e-28
 2.83000000e+01  1.65832607e+06  2.11277700e+11  7.90278460e-28
 2.84000000e+01  1.61427858e+06  2.08970100e+11  7.77782580e-28
 2.85000000e+01  1.57080388e+06  2.06662500e+11  7.65286700e-28
 2.86000000e+01  1.53104219e+06  2.04774900e+11  7.52790820e-28
 2.87000000e+01  1.49174903e+06  2.02887300e+11  7.40294940e-28
 2.88000000e+01  1.45292441e+06  2.00999700e+11  7.27799060e-28
 2.89000000e+01  1.41456833e+06  1.99112100e+11  7.15303180e-28
 2.90000000e+01  1.37668078e+06  1.97224500e+11  7.02807300e-28
 2.91000000e+01  1.34218575e+06  1.94801100e+11  6.93721410e-28
 2.92000000e+01  1.30812811e+06  1.92377700e+11  6.84635520e-28
 2.93000000e+01  1.27450784e+06  1.89954300e+11  6.75549630e-28
 2.94000000e+01  1.24132495e+06  1.87530900e+11  6.66463740e-28
 2.95000000e+01  1.20857945e+06  1.85107500e+11  6.57377850e-28
 2.96000000e+01  1.17465260e+06  1.82432700e+11  6.48291960e-28
 2.97000000e+01  1.14120850e+06  1.79757900e+11  6.39206070e-28
 2.98000000e+01  1.10824716e+06  1.77083100e+11  6.30120180e-28
 2.99000000e+01  1.07576857e+06  1.74408300e+11  6.21034290e-28
 3.00000000e+01  1.04377273e+06  1.71733500e+11  6.11948400e-28
 3.01000000e+01  1.01732600e+06  1.69216200e+11  6.05315900e-28
 3.02000000e+01  9.91210907e+05  1.66698900e+11  5.98683400e-28
 3.03000000e+01  9.65427469e+05  1.64181600e+11  5.92050900e-28
 3.04000000e+01  9.39975678e+05  1.61664300e+11  5.85418400e-28
 3.05000000e+01  9.14855537e+05  1.59147000e+11  5.78785900e-28
 3.06000000e+01  8.92129835e+05  1.56992700e+11  5.72153400e-28
 3.07000000e+01  8.69687958e+05  1.54838400e+11  5.65520900e-28
 3.08000000e+01  8.47529905e+05  1.52684100e+11  5.58888400e-28
 3.09000000e+01  8.25655676e+05  1.50529800e+11  5.52255900e-28
 3.10000000e+01  8.04065272e+05  1.48375500e+11  5.45623400e-28
 3.11000000e+01  7.86577700e+05  1.46934600e+11  5.38990900e-28
 3.12000000e+01  7.69279964e+05  1.45493700e+11  5.32358400e-28
 3.13000000e+01  7.52172064e+05  1.44052800e+11  5.25725900e-28
 3.14000000e+01  7.35253999e+05  1.42611900e+11  5.19093400e-28
 3.15000000e+01  7.18525769e+05  1.41171000e+11  5.12460900e-28
 3.16000000e+01  7.01446302e+05  1.39622400e+11  5.05828400e-28
 3.17000000e+01  6.84570861e+05  1.38073800e+11  4.99195900e-28
 3.18000000e+01  6.67899444e+05  1.36525200e+11  4.92563400e-28
 3.19000000e+01  6.51432051e+05  1.34976600e+11  4.85930900e-28
 3.20000000e+01  6.35168684e+05  1.33428000e+11  4.79298400e-28
 3.21000000e+01  6.17379870e+05  1.31069100e+11  4.74259485e-28
 3.22000000e+01  5.99827165e+05  1.28710200e+11  4.69220570e-28
 3.23000000e+01  5.82510569e+05  1.26351300e+11  4.64181655e-28
 3.24000000e+01  5.65430082e+05  1.23992400e+11  4.59142740e-28
 3.25000000e+01  5.48585704e+05  1.21633500e+11  4.54103825e-28
 3.26000000e+01  5.31241518e+05  1.19109600e+11  4.49064910e-28
 3.27000000e+01  5.14149956e+05  1.16585700e+11  4.44025995e-28
 3.28000000e+01  4.97311018e+05  1.14061800e+11  4.38987080e-28
 3.29000000e+01  4.80724705e+05  1.11537900e+11  4.33948165e-28
 3.30000000e+01  4.64391016e+05  1.09014000e+11  4.28909250e-28
 3.31000000e+01  4.50712106e+05  1.07060700e+11  4.23870335e-28
 3.32000000e+01  4.37228708e+05  1.05107400e+11  4.18831420e-28
 3.33000000e+01  4.23940821e+05  1.03154100e+11  4.13792505e-28
 3.34000000e+01  4.10848445e+05  1.01200800e+11  4.08753590e-28
 3.35000000e+01  3.97951581e+05  9.92475000e+10  4.03714675e-28
 3.36000000e+01  3.85738452e+05  9.74175000e+10  3.98675760e-28
 3.37000000e+01  3.73708493e+05  9.55875000e+10  3.93636845e-28
 3.38000000e+01  3.61861704e+05  9.37575000e+10  3.88597930e-28
 3.39000000e+01  3.50198084e+05  9.19275000e+10  3.83559015e-28
 3.40000000e+01  3.38717635e+05  9.00975000e+10  3.78520100e-28
 3.41000000e+01  3.29469397e+05  8.84223000e+10  3.75160540e-28
 3.42000000e+01  3.20332953e+05  8.67471000e+10  3.71800980e-28
 3.43000000e+01  3.11308301e+05  8.50719000e+10  3.68441420e-28
 3.44000000e+01  3.02395443e+05  8.33967000e+10  3.65081860e-28
 3.45000000e+01  2.93594378e+05  8.17215000e+10  3.61722300e-28
 3.46000000e+01  2.84294338e+05  7.98747000e+10  3.58362740e-28
 3.47000000e+01  2.75117543e+05  7.80279000e+10  3.55003180e-28
 3.48000000e+01  2.66063992e+05  7.61811000e+10  3.51643620e-28
 3.49000000e+01  2.57133687e+05  7.43343000e+10  3.48284060e-28
 3.50000000e+01  2.48326626e+05  7.24875000e+10  3.44924500e-28
 3.51000000e+01  2.39881975e+05  7.07112000e+10  3.41564940e-28
 3.52000000e+01  2.31555864e+05  6.89349000e+10  3.38205380e-28
 3.53000000e+01  2.23348293e+05  6.71586000e+10  3.34845820e-28
 3.54000000e+01  2.15259262e+05  6.53823000e+10  3.31486260e-28
 3.55000000e+01  2.07288771e+05  6.36060000e+10  3.28126700e-28
 3.56000000e+01  1.99450368e+05  6.18339000e+10  3.24767140e-28
 3.57000000e+01  1.91730224e+05  6.00618000e+10  3.21407580e-28
 3.58000000e+01  1.84128340e+05  5.82897000e+10  3.18048020e-28
 3.59000000e+01  1.76644716e+05  5.65176000e+10  3.14688460e-28
 3.60000000e+01  1.69279351e+05  5.47455000e+10  3.11328900e-28
 3.61000000e+01  1.62210754e+05  5.29107000e+10  3.08673975e-28
 3.62000000e+01  1.55238920e+05  5.10759000e+10  3.06019050e-28
 3.63000000e+01  1.48363848e+05  4.92411000e+10  3.03364125e-28
 3.64000000e+01  1.41585539e+05  4.74063000e+10  3.00709200e-28
 3.65000000e+01  1.34903992e+05  4.55715000e+10  2.98054275e-28
 3.66000000e+01  1.27627657e+05  4.35009900e+10  2.95399350e-28
 3.67000000e+01  1.20460516e+05  4.14304800e+10  2.92744425e-28
 3.68000000e+01  1.13402568e+05  3.93599700e+10  2.90089500e-28
 3.69000000e+01  1.06453813e+05  3.72894600e+10  2.87434575e-28
 3.70000000e+01  9.96142519e+04  3.52189500e+10  2.84779650e-28
 3.71000000e+01  9.31071517e+04  3.32281200e+10  2.82124725e-28
 3.72000000e+01  8.67050425e+04  3.12372900e+10  2.79469800e-28
 3.73000000e+01  8.04079245e+04  2.92464600e+10  2.76814875e-28
 3.74000000e+01  7.42157976e+04  2.72556300e+10  2.74159950e-28
 3.75000000e+01  6.81286618e+04  2.52648000e+10  2.71505025e-28
 3.76000000e+01  6.32752974e+04  2.36967000e+10  2.68850100e-28
 3.77000000e+01  5.85046304e+04  2.21286000e+10  2.66195175e-28
 3.78000000e+01  5.38166608e+04  2.05605000e+10  2.63540250e-28
 3.79000000e+01  4.92113887e+04  1.89924000e+10  2.60885325e-28
 3.80000000e+01  4.46888141e+04  1.74243000e+10  2.58230400e-28
 3.81000000e+01  4.02691165e+04  1.58025600e+10  2.56571570e-28
 3.82000000e+01  3.59028569e+04  1.41808200e+10  2.54912740e-28
 3.83000000e+01  3.15900351e+04  1.25590800e+10  2.53253910e-28
 3.84000000e+01  2.73306512e+04  1.09373400e+10  2.51595080e-28
 3.85000000e+01  2.31247051e+04  9.31560000e+09  2.49936250e-28
 3.86000000e+01  2.02972444e+04  8.23121100e+09  2.48277420e-28
 3.87000000e+01  1.75055152e+04  7.14682200e+09  2.46618590e-28
 3.88000000e+01  1.47495178e+04  6.06243300e+09  2.44959760e-28
 3.89000000e+01  1.20292520e+04  4.97804400e+09  2.43300930e-28
 3.90000000e+01  9.34471781e+03  3.89365500e+09  2.41642100e-28
 3.91000000e+01  8.04103760e+03  3.37361100e+09  2.39983270e-28
 3.92000000e+01  6.75449333e+03  2.85356700e+09  2.38324440e-28
 3.93000000e+01  5.48508501e+03  2.33352300e+09  2.36665610e-28
 3.94000000e+01  4.23281263e+03  1.81347900e+09  2.35006780e-28
 3.95000000e+01  2.99767620e+03  1.29343500e+09  2.33347950e-28
 3.96000000e+01  2.50302084e+03  1.08773400e+09  2.31689120e-28
 3.97000000e+01  2.01514352e+03  8.82033000e+08  2.30030290e-28
 3.98000000e+01  1.53404425e+03  6.76332000e+08  2.28371460e-28
 3.99000000e+01  1.05972302e+03  4.70631000e+08  2.26712630e-28
 4.00000000e+01  5.92179831e+02  2.64930000e+08  2.25053800e-28
 4.01000000e+01  4.70629807e+02  2.11944000e+08  2.23574455e-28
 4.02000000e+01  3.50636811e+02  1.58958000e+08  2.22095110e-28
 4.03000000e+01  2.32200845e+02  1.05972000e+08  2.20615765e-28
 4.04000000e+01  1.15321908e+02  5.29860000e+07  2.19136420e-28
 4.05000000e+01  0.00000000e+00  0.00000000e+00  2.17657075e-28
 4.06000000e+01  0.00000000e+00  0.00000000e+00  2.16177730e-28
 4.07000000e+01  0.00000000e+00  0.00000000e+00  2.14698385e-28
 4.08000000e+01  0.00000000e+00  0.00000000e+00  2.13219040e-28
 4.09000000e+01  0.00000000e+00  0.00000000e+00  2.11739695e-28
 4.10000000e+01  0.00000000e+00  0.00000000e+00  2.10260350e-28
 4.11000000e+01  0.00000000e+00  0.00000000e+00  2.08781005e-28
 4.12000000e+01  0.00000000e+00  0.00000000e+00  2.07301660e-28
 4.13000000e+01  0.00000000e+00  0.00000000e+00  2.05822315e-28
 4.14000000e+01  0.00000000e+00  0.00000000e+00  2.04342970e-28
 4.15000000e+01  0.00000000e+00  0.00000000e+00  2.02863625e-28
 4.16000000e+01  0.00000000e+00  0.00000000e+00  2.01384280e-28
 4.17000000e+01  0.00000000e+00  0.00000000e+00  1.99904935e-28
 4.18000000e+01  0.00000000e+00  0.00000000e+00  1.98425590e-28
 4.19000000e+01  0.00000000e+00  0.00000000e+00  1.96946245e-28
 4.20000000e+01  0.00000000e+00  0.00000000e+00  1.95466900e-28
 4.21000000e+01  0.00000000e+00  0.00000000e+00  1.94360320e-28
 4.22000000e+01  0.00000000e+00  0.00000000e+00  1.93253740e-28
 4.23000000e+01  0.00000000e+00  0.00000000e+00  1.92147160e-28
 4.24000000e+01  0.00000000e+00  0.00000000e+00  1.91040580e-28
 4.25000000e+01  0.00000000e+00  0.00000000e+00  1.89934000e-28
 4.26000000e+01  0.00000000e+00  0.00000000e+00  1.88827420e-28
 4.27000000e+01  0.00000000e+00  0.00000000e+00  1.87720840e-28
 4.28000000e+01  0.00000000e+00  0.00000000e+00  1.86614260e-28
 4.29000000e+01  0.00000000e+00  0.00000000e+00  1.85507680e-28
 4.30000000e+01  0.00000000e+00  0.00000000e+00  1.84401100e-28
 4.31000000e+01  0.00000000e+00  0.00000000e+00  1.83294520e-28
 4.32000000e+01  0.00000000e+00  0.00000000e+00  1.82187940e-28
 4.33000000e+01  0.00000000e+00  0.00000000e+00  1.81081360e-28
 4.34000000e+01  0.00000000e+00  0.00000000e+00  1.79974780e-28
 4.35000000e+01  0.00000000e+00  0.00000000e+00  1.78868200e-28
 4.36000000e+01  0.00000000e+00  0.00000000e+00  1.77761620e-28
 4.37000000e+01  0.00000000e+00  0.00000000e+00  1.76655040e-28
 4.38000000e+01  0.00000000e+00  0.00000000e+00  1.75548460e-28
 4.39000000e+01  0.00000000e+00  0.00000000e+00  1.74441880e-28
 4.40000000e+01  0.00000000e+00  0.00000000e+00  1.73335300e-28
 4.41000000e+01  0.00000000e+00  0.00000000e+00  1.72441315e-28
 4.42000000e+01  0.00000000e+00  0.00000000e+00  1.71547330e-28
 4.43000000e+01  0.00000000e+00  0.00000000e+00  1.70653345e-28
 4.44000000e+01  0.00000000e+00  0.00000000e+00  1.69759360e-28
 4.45000000e+01  0.00000000e+00  0.00000000e+00  1.68865375e-28
 4.46000000e+01  0.00000000e+00  0.00000000e+00  1.67971390e-28
 4.47000000e+01  0.00000000e+00  0.00000000e+00  1.67077405e-28
 4.48000000e+01  0.00000000e+00  0.00000000e+00  1.66183420e-28
 4.49000000e+01  0.00000000e+00  0.00000000e+00  1.65289435e-28
 4.50000000e+01  0.00000000e+00  0.00000000e+00  1.64395450e-28
 4.51000000e+01  0.00000000e+00  0.00000000e+00  1.63501465e-28
 4.52000000e+01  0.00000000e+00  0.00000000e+00  1.62607480e-28
 4.53000000e+01  0.00000000e+00  0.00000000e+00  1.61713495e-28
 4.54000000e+01  0.00000000e+00  0.00000000e+00  1.60819510e-28
 4.55000000e+01  0.00000000e+00  0.00000000e+00  1.59925525e-28
 4.56000000e+01  0.00000000e+00  0.00000000e+00  1.59031540e-28
 4.57000000e+01  0.00000000e+00  0.00000000e+00  1.58137555e-28
 4.58000000e+01  0.00000000e+00  0.00000000e+00  1.57243570e-28
 4.59000000e+01  0.00000000e+00  0.00000000e+00  1.56349585e-28
 4.60000000e+01  0.00000000e+00  0.00000000e+00  1.55455600e-28
 4.61000000e+01  0.00000000e+00  0.00000000e+00  1.54835485e-28
 4.62000000e+01  0.00000000e+00  0.00000000e+00  1.54215370e-28
 4.63000000e+01  0.00000000e+00  0.00000000e+00  1.53595255e-28
 4.64000000e+01  0.00000000e+00  0.00000000e+00  1.52975140e-28
 4.65000000e+01  0.00000000e+00  0.00000000e+00  1.52355025e-28
 4.66000000e+01  0.00000000e+00  0.00000000e+00  1.51734910e-28
 4.67000000e+01  0.00000000e+00  0.00000000e+00  1.51114795e-28
 4.68000000e+01  0.00000000e+00  0.00000000e+00  1.50494680e-28
 4.69000000e+01  0.00000000e+00  0.00000000e+00  1.49874565e-28
 4.70000000e+01  0.00000000e+00  0.00000000e+00  1.49254450e-28
 4.71000000e+01  0.00000000e+00  0.00000000e+00  1.48634335e-28
 4.72000000e+01  0.00000000e+00  0.00000000e+00  1.48014220e-28
 4.73000000e+01  0.00000000e+00  0.00000000e+00  1.47394105e-28
 4.74000000e+01  0.00000000e+00  0.00000000e+00  1.46773990e-28
 4.75000000e+01  0.00000000e+00  0.00000000e+00  1.46153875e-28
 4.76000000e+01  0.00000000e+00  0.00000000e+00  1.45533760e-28
 4.77000000e+01  0.00000000e+00  0.00000000e+00  1.44913645e-28
 4.78000000e+01  0.00000000e+00  0.00000000e+00  1.44293530e-28
 4.79000000e+01  0.00000000e+00  0.00000000e+00  1.43673415e-28
 4.80000000e+01  0.00000000e+00  0.00000000e+00  1.43053300e-28
 4.81000000e+01  0.00000000e+00  0.00000000e+00  1.42414940e-28
 4.82000000e+01  0.00000000e+00  0.00000000e+00  1.41776580e-28
 4.83000000e+01  0.00000000e+00  0.00000000e+00  1.41138220e-28
 4.84000000e+01  0.00000000e+00  0.00000000e+00  1.40499860e-28
 4.85000000e+01  0.00000000e+00  0.00000000e+00  1.39861500e-28
 4.86000000e+01  0.00000000e+00  0.00000000e+00  1.39223140e-28
 4.87000000e+01  0.00000000e+00  0.00000000e+00  1.38584780e-28
 4.88000000e+01  0.00000000e+00  0.00000000e+00  1.37946420e-28
 4.89000000e+01  0.00000000e+00  0.00000000e+00  1.37308060e-28
 4.90000000e+01  0.00000000e+00  0.00000000e+00  1.36669700e-28
 4.91000000e+01  0.00000000e+00  0.00000000e+00  1.36031340e-28
 4.92000000e+01  0.00000000e+00  0.00000000e+00  1.35392980e-28
 4.93000000e+01  0.00000000e+00  0.00000000e+00  1.34754620e-28
 4.94000000e+01  0.00000000e+00  0.00000000e+00  1.34116260e-28
 4.95000000e+01  0.00000000e+00  0.00000000e+00  1.33477900e-28
 4.96000000e+01  0.00000000e+00  0.00000000e+00  1.32839540e-28
 4.97000000e+01  0.00000000e+00  0.00000000e+00  1.32201180e-28
 4.98000000e+01  0.00000000e+00  0.00000000e+00  1.31562820e-28
 4.99000000e+01  0.00000000e+00  0.00000000e+00  1.30924460e-28
 5.00000000e+01  0.00000000e+00  0.00000000e+00  1.30286100e-28
