0	quad	5631.640407475401	20.	20.	15.	0	200
1	drift	13.199999999999996	15.	15.
1	rfgap	0.7071067811865476	-64.78844597324456	2	15.
1	drift	28.1	15.	15.
1	rfgap	0.7071067811865476	-8.791219079116399	2	15.
1	drift	13.199999999999996	15.	15.
0	quad	-5743.693444076068	20.	20.	15.	0	200
0	quad	-5743.693444076068	20.	20.	15.	0	200
1	drift	13.199999999999996	15.	15.
1	rfgap	0.7071067811865476	-62.60211871948835	2	15.
1	drift	28.1	15.	15.
1	rfgap	0.7071067811865476	-17.43707826778167	2	15.
1	drift	13.199999999999996	15.	15.
0	quad	5743.693444076068	20.	20.	15.	0	200
0	quad	5857.47125481227	20.	20.	15.	0	200
1	drift	13.199999999999996	15.	15.
1	rfgap	0.7071067811865476	-59.86314643637344	2	15.
1	drift	28.1	15.	15.
1	rfgap	0.7071067811865476	-24.19631904074326	2	15.
1	drift	13.199999999999996	15.	15.
0	quad	-5972.015828366324	20.	20.	15.	0	200
0	quad	-5972.015828366324	20.	20.	15.	0	200
1	drift	13.199999999999996	15.	15.
1	rfgap	0.7071067811865476	-56.95315534752088	2	15.
1	drift	28.1	15.	15.
1	rfgap	0.7071067811865476	-29.67020822792791	2	15.
1	drift	13.199999999999996	15.	15.
0	quad	5972.015828366324	20.	20.	15.	0	200
0	quad	6086.681541423076	20.	20.	15.	0	200
1	drift	13.199999999999996	15.	15.
1	rfgap	0.7071067811865476	-54.03727998005509	2	15.
1	drift	28.1	15.	15.
1	rfgap	0.7071067811865476	-34.21281577827565	2	15.
1	drift	13.199999999999996	15.	15.
0	quad	-6201.0280978091105	20.	20.	15.	0	200
0	quad	-6201.0280978091105	20.	20.	15.	0	200
1	drift	13.199999999999996	15.	15.
1	rfgap	0.7071067811865478	-51.18921038699753	2	15.
1	drift	28.1	15.	15.
1	rfgap	0.7071067811865478	-38.05094687781391	2	15.
1	drift	13.199999999999996	15.	15.
0	quad	6201.0280978091105	20.	20.	15.	0	200
0	quad	6314.753505034391	20.	20.	15.	0	200
1	drift	13.199999999999996	15.	15.
1	rfgap	0.7071067811865476	-48.44064562073893	2	15.
1	drift	28.1	15.	15.
1	rfgap	0.7071067811865476	-41.338714261584215	2	15.
1	drift	13.199999999999996	15.	15.
0	quad	-6427.6508264625345	20.	20.	15.	0	200
0	quad	-6427.6508264625345	20.	20.	15.	0	200
1	drift	13.199999999999996	15.	15.
1	rfgap	0.7071067811865477	-45.803019808004684	2	15.
1	drift	28.1	15.	15.
1	rfgap	0.7071067811865477	-44.185563502750014	2	15.
1	drift	13.199999999999996	15.	15.
0	quad	6427.6508264625345	20.	20.	15.	0	200
0	quad	6539.5795477429965	20.	20.	15.	0	200
1	drift	13.199999999999996	15.	15.
1	rfgap	0.7071067811865476	-43.27775857263614	2	15.
1	drift	28.1	15.	15.
1	rfgap	0.7071067811865476	-46.67194435366338	2	15.
1	drift	13.199999999999996	15.	15.
0	quad	-6650.446196383165	20.	20.	15.	0	200
0	quad	-6650.446196383165	20.	20.	15.	0	200
1	drift	13.199999999999996	15.	15.
1	rfgap	0.7071067811865476	-40.861372087664826	2	15.
1	drift	28.1	15.	15.
1	rfgap	0.7071067811865476	-48.858655127511405	2	15.
1	drift	13.199999999999996	15.	15.
0	quad	6650.446196383165	20.	20.	15.	0	200
0	quad	6760.190972503146	20.	20.	15.	0	200
1	drift	13.199999999999996	15.	15.
1	rfgap	0.7071067811865478	-38.54807252260343	2	15.
1	drift	28.1	15.	15.
1	rfgap	0.7071067811865478	-50.79270347139166	2	15.
1	drift	13.199999999999996	15.	15.
0	quad	-6868.7783733676315	20.	20.	15.	0	200
0	quad	-6868.7783733676315	20.	20.	15.	0	200
1	drift	13.199999999999996	15.	15.
1	rfgap	0.7071067811865477	-36.331146135840406	2	15.
1	drift	28.1	15.	15.
1	rfgap	0.7071067811865477	-52.511136170551474	2	15.
1	drift	13.199999999999996	15.	15.
0	quad	6868.7783733676315	20.	20.	15.	0	200
0	quad	6976.190524289377	20.	20.	15.	0	200
1	drift	13.199999999999996	15.	15.
1	rfgap	0.7071067811865476	-34.20367556887723	2	15.
1	drift	28.1	15.	15.
1	rfgap	0.7071067811865476	-54.04362844281468	2	15.
1	drift	13.199999999999996	15.	15.
0	quad	-7082.422375820172	20.	20.	15.	0	200
0	quad	-7082.422375820172	20.	20.	15.	0	200
1	drift	13.199999999999996	15.	15.
1	rfgap	0.7071067811865474	-32.15891386039947	2	15.
1	drift	28.1	15.	15.
1	rfgap	0.7071067811865474	-55.414285582889505	2	15.
1	drift	13.199999999999996	15.	15.
0	quad	7082.422375820172	20.	20.	15.	0	200
0	quad	7187.478208037922	20.	20.	15.	0	200
1	drift	13.199999999999996	15.	15.
1	rfgap	0.7071067811865476	-30.19046843415622	2	15.
1	drift	28.1	15.	15.
1	rfgap	0.7071067811865476	-56.642927798391526	2	15.
1	drift	13.199999999999996	15.	15.
0	quad	-7291.369063027278	20.	20.	15.	0	200
0	quad	-7291.369063027278	20.	20.	15.	0	200
1	drift	13.199999999999996	15.	15.
1	rfgap	0.7071067811865477	-28.29238054344952	2	15.
1	drift	28.1	15.	15.
1	rfgap	0.7071067811865477	-57.74602624229031	2	15.
1	drift	13.199999999999996	15.	15.
0	quad	7291.369063027278	20.	20.	15.	0	200
0	quad	7394.110844668538	20.	20.	15.	0	200
1	drift	13.199999999999996	15.	15.
1	rfgap	0.7071067811865477	-26.45914738670165	2	15.
1	drift	28.1	15.	15.
1	rfgap	0.7071067811865477	-58.737397783858	2	15.
1	drift	13.199999999999996	15.	15.
0	quad	-7495.722903492527	20.	20.	15.	0	200
0	quad	-7495.722903492527	20.	20.	15.	0	200
1	drift	13.199999999999996	15.	15.
1	rfgap	0.7071067811865474	-24.685713395009007	2	15.
1	drift	28.1	15.	15.
1	rfgap	0.7071067811865474	-59.628729267930986	2	15.
1	drift	13.199999999999996	15.	15.
0	quad	7495.722903492527	20.	20.	15.	0	200
0	quad	7596.226977616114	20.	20.	15.	0	200
1	drift	13.199999999999996	15.	15.
1	rfgap	0.7071067811865476	-22.967445710737152	2	15.
1	drift	28.1	15.	15.
1	rfgap	0.7071067811865476	-60.42997894154115	2	15.
1	drift	13.199999999999996	15.	15.
0	quad	-7695.646397375537	20.	20.	15.	0	200
0	quad	-7695.646397375537	20.	20.	15.	0	200
1	drift	13.199999999999996	15.	15.
1	rfgap	0.7071067811865474	-21.300102388140644	2	15.
1	drift	28.1	15.	15.
1	rfgap	0.7071067811865474	-61.14968787250617	2	15.
1	drift	13.199999999999996	15.	15.
0	quad	7695.646397375537	20.	20.	15.	0	200
0	quad	7794.005486769068	20.	20.	15.	0	200
1	drift	13.199999999999996	15.	15.
1	rfgap	0.7071067811865478	-19.679798125953297	2	15.
1	drift	28.1	15.	15.
1	rfgap	0.7071067811865478	-61.79522439278534	2	15.
1	drift	13.199999999999996	15.	15.
0	quad	-7891.329112800423	20.	20.	15.	0	200
0	quad	-7891.329112800423	20.	20.	15.	0	200
1	drift	13.199999999999996	15.	15.
1	rfgap	0.7071067811865476	-18.10297018571449	2	15.
1	drift	28.1	15.	15.
1	rfgap	0.7071067811865476	-62.372978007481535	2	15.
1	drift	13.199999999999996	15.	15.
0	quad	7891.329112800423	20.	20.	15.	0	200
0	quad	7987.642346637619	20.	20.	15.	0	200
1	drift	13.199999999999996	15.	15.
1	rfgap	0.7071067811865478	-16.56634589336418	2	15.
1	drift	28.1	15.	15.
1	rfgap	0.7071067811865478	-62.88851468765173	2	15.
1	drift	13.199999999999996	15.	15.
0	quad	-8082.970209744454	20.	20.	15.	0	200
0	quad	-8082.970209744454	20.	20.	15.	0	200
1	drift	13.199999999999996	15.	15.
1	rfgap	0.7071067811865475	-15.066912390087476	2	15.
1	drift	28.1	15.	15.
1	rfgap	0.7071067811865475	-63.34670230815729	2	15.
1	drift	13.199999999999996	15.	15.
0	quad	8082.970209744454	20.	20.	15.	0	200
0	quad	8177.337484866692	20.	20.	15.	0	200
1	drift	13.199999999999996	15.	15.
1	rfgap	0.7071067811865476	-13.601888875763942	2	15.
1	drift	28.1	15.	15.
1	rfgap	0.7071067811865476	-63.75181275334002	2	15.
1	drift	13.199999999999996	15.	15.
0	quad	-8270.768576693146	20.	20.	15.	0	200
0	quad	-8270.768576693146	20.	20.	15.	0	200
1	drift	13.199999999999996	15.	15.
1	rfgap	0.7071067811865476	-12.168701348856809	2	15.
1	drift	28.1	15.	15.
1	rfgap	0.7071067811865476	-64.10760560302624	2	15.
1	drift	13.199999999999996	15.	15.
0	quad	8270.768576693146	20.	20.	15.	0	200
0	quad	8363.2874106663	20.	20.	15.	0	200
1	drift	13.199999999999996	15.	15.
1	rfgap	0.7071067811865475	-10.764959715661814	2	15.
1	drift	28.1	15.	15.
1	rfgap	0.7071067811865475	-64.41739713742483	2	15.
1	drift	13.199999999999996	15.	15.
0	quad	-8454.917361143811	20.	20.	15.	0	200
0	quad	-8454.917361143811	20.	20.	15.	0	200
1	drift	13.199999999999996	15.	15.
1	rfgap	0.7071067811865476	-9.388437075140628	2	15.
1	drift	28.1	15.	15.
1	rfgap	0.7071067811865476	-64.68411753288669	2	15.
1	drift	13.199999999999996	15.	15.
0	quad	8454.917361143811	20.	20.	15.	0	200
0	quad	8545.681202159618	20.	20.	15.	0	200
1	drift	13.199999999999996	15.	15.
1	rfgap	0.7071067811865475	-8.03705095627111	2	15.
1	drift	28.1	15.	15.
1	rfgap	0.7071067811865475	-64.91035847319583	2	15.
1	drift	13.199999999999996	15.	15.
0	quad	-8635.601075581584	20.	20.	15.	0	200
0	quad	-8635.601075581584	20.	20.	15.	0	200
1	drift	13.199999999999996	15.	15.
1	rfgap	0.7071067811865476	-6.70884627676171	2	15.
1	drift	28.1	15.	15.
1	rfgap	0.7071067811865476	-65.09841291203607	2	15.
1	drift	13.199999999999996	15.	15.
0	quad	8635.601075581584	20.	20.	15.	0	200
0	quad	8724.698472640199	20.	20.	15.	0	200
1	drift	13.199999999999996	15.	15.
1	rfgap	0.7071067811865476	-5.401979795163112	2	15.
1	drift	28.1	15.	15.
1	rfgap	0.7071067811865476	-65.25030834866477	2	15.
1	drift	13.199999999999996	15.	15.
0	quad	-8812.994225703535	20.	20.	15.	0	200
0	quad	-8812.994225703535	20.	20.	15.	0	200
1	drift	13.199999999999996	15.	15.
1	rfgap	0.7071067811865476	-4.1147058368978415	2	15.
1	drift	28.1	15.	15.
1	rfgap	0.7071067811865476	-65.36783469008748	2	15.
1	drift	13.199999999999996	15.	15.
0	quad	8812.994225703535	20.	20.	15.	0	200
0	quad	8900.508507865708	20.	20.	15.	0	200
1	drift	13.199999999999996	15.	15.
1	rfgap	0.7071067811865475	-2.8453630847032336	2	15.
1	drift	28.1	15.	15.
1	rfgap	0.7071067811865475	-65.45256754713753	2	15.
1	drift	13.199999999999996	15.	15.
0	quad	-8987.260838451151	20.	20.	15.	0	200
0	quad	-8987.260838451151	20.	20.	15.	0	200
1	drift	13.199999999999996	15.	15.
1	rfgap	0.7071067811865476	-1.5923622331076848	2	15.
1	drift	28.1	15.	15.
1	rfgap	0.7071067811865476	-65.50588763267649	2	15.
1	drift	13.199999999999996	15.	15.
0	quad	8987.260838451151	20.	20.	15.	0	200