0	quad	11074.693857822027	9.277777777777786	9.277777777777786	15.	0	200
1	drift	22.	15.	15.
1	rfgap	1.079561166	-45	2	15.
2	drift	31.944444444444443	15.	15.
1	rfgap	1.102665732	-45	2	15.
1	drift	22.	15.	15.
0	quad	-11344.373748874825	18.55555555555557	18.55555555555557	15.	0	200
1	drift	22.	15.	15.
1	rfgap	1.123753644	-45	2	15.
2	drift	31.944444444444443	15.	15.
1	rfgap	1.14286711	-45	2	15.
1	drift	22.	15.	15.
0	quad	11642.876395012887	18.55555555555557	18.55555555555557	15.	0	200
1	drift	22.	15.	15.
1	rfgap	1.160054872	-45	2	15.
2	drift	31.944444444444443	15.	15.
1	rfgap	1.175371275	-45	2	15.
1	drift	22.	15.	15.
0	quad	-11959.652079939297	18.55555555555557	18.55555555555557	15.	0	200
1	drift	22.	15.	15.
1	rfgap	1.188875389	-45	2	15.
2	drift	31.944444444444443	15.	15.
1	rfgap	1.200630168	-45	2	15.
1	drift	22.	15.	15.
0	quad	12285.839646904662	18.55555555555557	18.55555555555557	15.	0	200
1	drift	22.	15.	15.
1	rfgap	1.210701662	-45	2	15.
2	drift	31.944444444444443	15.	15.
1	rfgap	1.219158281	-45	2	15.
1	drift	22.	15.	15.
0	quad	-12615.305569680844	18.55555555555557	18.55555555555557	15.	0	200
1	drift	22.	15.	15.
1	rfgap	1.226070129	-45	2	15.
2	drift	31.944444444444443	15.	15.
1	rfgap	1.231508376	-45	2	15.
1	drift	22.	15.	15.
0	quad	12942.89395967935	18.55555555555557	18.55555555555557	15.	0	200
1	drift	22.	15.	15.
1	rfgap	1.235544706	-45	2	15.
2	drift	31.944444444444443	15.	15.
1	rfgap	1.238250819	-45	2	15.
1	drift	22.	15.	15.
0	quad	-13266.656468063371	18.55555555555557	18.55555555555557	15.	0	200
1	drift	22.	15.	15.
1	rfgap	1.239697983	-45	2	15.
2	drift	31.944444444444443	15.	15.
1	rfgap	1.23995665	-45	2	15.
1	drift	22.	15.	15.
0	quad	13586.020138272099	18.55555555555557	18.55555555555557	15.	0	200
1	drift	22.	15.	15.
1	rfgap	1.239096118	-45	2	15.
2	drift	31.944444444444443	15.	15.
1	rfgap	1.237184244	-45	2	15.
1	drift	22.	15.	15.
0	quad	-13900.226647304395	18.55555555555557	18.55555555555557	15.	0	200
1	drift	22.	15.	15.
1	rfgap	1.234287202	-45	2	15.
2	drift	31.944444444444443	15.	15.
1	rfgap	1.230469283	-45	2	15.
1	drift	22.	15.	15.
0	quad	14209.731908316075	18.55555555555557	18.55555555555557	15.	0	200
1	drift	22.	15.	15.
1	rfgap	1.225792737	-45	2	15.
2	drift	31.944444444444443	15.	15.
1	rfgap	1.220317641	-45	2	15.
1	drift	22.	15.	15.
0	quad	-14515.374442690161	18.55555555555557	18.55555555555557	15.	0	200
1	drift	22.	15.	15.
1	rfgap	1.214101809	-45	2	15.
2	drift	31.944444444444443	15.	15.
1	rfgap	1.207200725	-45	2	15.
1	drift	22.	15.	15.
0	quad	14816.690236181897	18.55555555555557	18.55555555555557	15.	0	200
1	drift	22.	15.	15.
1	rfgap	1.199667501	-45	2	15.
2	drift	31.944444444444443	15.	15.
1	rfgap	1.191552858	-45	2	15.
1	drift	22.	15.	15.
0	quad	-15112.10201722522	18.55555555555557	18.55555555555557	15.	0	200
1	drift	22.	15.	15.
1	rfgap	1.182905123	-45	2	15.
2	drift	31.944444444444443	15.	15.
1	rfgap	1.173770252	-45	2	15.
1	drift	22.	15.	15.
0	quad	15400.401568278257	18.55555555555557	18.55555555555557	15.	0	200
1	drift	22.	15.	15.
1	rfgap	1.164191851	-45	2	15.
2	drift	31.944444444444443	15.	15.
1	rfgap	1.154211226	-45	2	15.
1	drift	22.	15.	15.
0	quad	-15679.346586806338	18.55555555555557	18.55555555555557	15.	0	200
1	drift	22.	15.	15.
1	rfgap	1.14386743	-45	2	15.
2	drift	31.944444444444443	15.	15.
1	rfgap	1.133197323	-45	2	15.
1	drift	22.	15.	15.
0	quad	15947.729600238776	18.55555555555557	18.55555555555557	15.	0	200
1	drift	22.	15.	15.
1	rfgap	1.122235641	-45	2	15.
2	drift	31.944444444444443	15.	15.
1	rfgap	1.111015064	-45	2	15.
1	drift	22.	15.	15.
0	quad	-16205.509352904053	18.55555555555557	18.55555555555557	15.	0	200
1	drift	22.	15.	15.
1	rfgap	1.099566293	-45	2	15.
2	drift	31.944444444444443	15.	15.
1	rfgap	1.087918126	-45	2	15.
1	drift	22.	15.	15.
0	quad	16452.77402744813	9.277777777777786	9.277777777777786	15.	0	200