# energy(MeV) dYield(atoms/MeV/s) photonFlux(photons/MeV/uA/s) crossSection(mb)
# 501 4
# 501 4
 0.00000000e+00  0.00000000e+00  3.59910000e+13  0.00000000e+00
 1.00000000e-01  0.00000000e+00  3.61587000e+13  0.00000000e+00
 2.00000000e-01  0.00000000e+00  3.63264000e+13  0.00000000e+00
 3.00000000e-01  0.00000000e+00  3.64941000e+13  0.00000000e+00
 4.00000000e-01  0.00000000e+00  3.66618000e+13  0.00000000e+00
 5.00000000e-01  0.00000000e+00  3.68295000e+13  0.00000000e+00
 6.00000000e-01  0.00000000e+00  3.54686400e+13  0.00000000e+00
 7.00000000e-01  0.00000000e+00  3.41077800e+13  0.00000000e+00
 8.00000000e-01  0.00000000e+00  3.27469200e+13  0.00000000e+00
 9.00000000e-01  0.00000000e+00  3.13860600e+13  0.00000000e+00
 1.00000000e+00  0.00000000e+00  3.00252000e+13  0.00000000e+00
 1.10000000e+00  0.00000000e+00  2.78487300e+13  0.00000000e+00
 1.20000000e+00  0.00000000e+00  2.56722600e+13  0.00000000e+00
 1.30000000e+00  0.00000000e+00  2.34957900e+13  0.00000000e+00
 1.40000000e+00  0.00000000e+00  2.13193200e+13  0.00000000e+00
 1.50000000e+00  0.00000000e+00  1.91428500e+13  0.00000000e+00
 1.60000000e+00  0.00000000e+00  1.81139100e+13  0.00000000e+00
 1.70000000e+00  0.00000000e+00  1.70849700e+13  0.00000000e+00
 1.80000000e+00  0.00000000e+00  1.60560300e+13  0.00000000e+00
 1.90000000e+00  0.00000000e+00  1.50270900e+13  0.00000000e+00
 2.00000000e+00  0.00000000e+00  1.39981500e+13  0.00000000e+00
 2.10000000e+00  0.00000000e+00  1.33723500e+13  0.00000000e+00
 2.20000000e+00  0.00000000e+00  1.27465500e+13  0.00000000e+00
 2.30000000e+00  0.00000000e+00  1.21207500e+13  0.00000000e+00
 2.40000000e+00  0.00000000e+00  1.14949500e+13  0.00000000e+00
 2.50000000e+00  0.00000000e+00  1.08691500e+13  0.00000000e+00
 2.60000000e+00  0.00000000e+00  1.04527500e+13  0.00000000e+00
 2.70000000e+00  0.00000000e+00  1.00363500e+13  0.00000000e+00
 2.80000000e+00  0.00000000e+00  9.61995000e+12  0.00000000e+00
 2.90000000e+00  0.00000000e+00  9.20355000e+12  0.00000000e+00
 3.00000000e+00  0.00000000e+00  8.78715000e+12  0.00000000e+00
 3.10000000e+00  0.00000000e+00  8.49126000e+12  0.00000000e+00
 3.20000000e+00  0.00000000e+00  8.19537000e+12  0.00000000e+00
 3.30000000e+00  0.00000000e+00  7.89948000e+12  0.00000000e+00
 3.40000000e+00  0.00000000e+00  7.60359000e+12  0.00000000e+00
 3.50000000e+00  0.00000000e+00  7.30770000e+12  0.00000000e+00
 3.60000000e+00  0.00000000e+00  7.08720000e+12  0.00000000e+00
 3.70000000e+00  0.00000000e+00  6.86670000e+12  0.00000000e+00
 3.80000000e+00  0.00000000e+00  6.64620000e+12  0.00000000e+00
 3.90000000e+00  0.00000000e+00  6.42570000e+12  0.00000000e+00
 4.00000000e+00  0.00000000e+00  6.20520000e+12  0.00000000e+00
 4.10000000e+00  0.00000000e+00  6.03546000e+12  0.00000000e+00
 4.20000000e+00  0.00000000e+00  5.86572000e+12  0.00000000e+00
 4.30000000e+00  0.00000000e+00  5.69598000e+12  0.00000000e+00
 4.40000000e+00  0.00000000e+00  5.52624000e+12  0.00000000e+00
 4.50000000e+00  0.00000000e+00  5.35650000e+12  0.00000000e+00
 4.60000000e+00  0.00000000e+00  5.22267000e+12  0.00000000e+00
 4.70000000e+00  0.00000000e+00  5.08884000e+12  0.00000000e+00
 4.80000000e+00  0.00000000e+00  4.95501000e+12  0.00000000e+00
 4.90000000e+00  0.00000000e+00  4.82118000e+12  0.00000000e+00
 5.00000000e+00  0.00000000e+00  4.68735000e+12  0.00000000e+00
 5.10000000e+00  0.00000000e+00  4.57845000e+12  0.00000000e+00
 5.20000000e+00  0.00000000e+00  4.46955000e+12  0.00000000e+00
 5.30000000e+00  0.00000000e+00  4.36065000e+12  0.00000000e+00
 5.40000000e+00  0.00000000e+00  4.25175000e+12  0.00000000e+00
 5.50000000e+00  0.00000000e+00  4.14285000e+12  0.00000000e+00
 5.60000000e+00  0.00000000e+00  4.05261000e+12  0.00000000e+00
 5.70000000e+00  0.00000000e+00  3.96237000e+12  0.00000000e+00
 5.80000000e+00  0.00000000e+00  3.87213000e+12  0.00000000e+00
 5.90000000e+00  0.00000000e+00  3.78189000e+12  0.00000000e+00
 6.00000000e+00  0.00000000e+00  3.69165000e+12  0.00000000e+00
 6.10000000e+00  0.00000000e+00  3.61599000e+12  0.00000000e+00
 6.20000000e+00  0.00000000e+00  3.54033000e+12  0.00000000e+00
 6.30000000e+00  0.00000000e+00  3.46467000e+12  0.00000000e+00
 6.40000000e+00  0.00000000e+00  3.38901000e+12  0.00000000e+00
 6.50000000e+00  0.00000000e+00  3.31335000e+12  0.00000000e+00
 6.60000000e+00  4.10737712e+08  3.25002300e+12  1.27245380e-26
 6.70000000e+00  4.34630847e+08  3.18669600e+12  1.37323160e-26
 6.80000000e+00  4.57256271e+08  3.12336900e+12  1.47400940e-26
 6.90000000e+00  4.78613986e+08  3.06004200e+12  1.57478720e-26
 7.00000000e+00  4.98703991e+08  2.99671500e+12  1.67556500e-26
 7.10000000e+00  5.21325168e+08  2.94273000e+12  1.78370140e-26
 7.20000000e+00  5.42786737e+08  2.88874500e+12  1.89183780e-26
 7.30000000e+00  5.63088699e+08  2.83476000e+12  1.99997420e-26
 7.40000000e+00  5.82231053e+08  2.78077500e+12  2.10811060e-26
 7.50000000e+00  6.00213799e+08  2.72679000e+12  2.21624700e-26
 7.60000000e+00  6.29890434e+08  2.67864300e+12  2.36763120e-26
 7.70000000e+00  6.58119244e+08  2.63049600e+12  2.51901540e-26
 7.80000000e+00  6.84900230e+08  2.58234900e+12  2.67039960e-26
 7.90000000e+00  7.10233392e+08  2.53420200e+12  2.82178380e-26
 8.00000000e+00  7.34118730e+08  2.48605500e+12  2.97316800e-26
 8.10000000e+00  7.74973530e+08  2.44451700e+12  3.19196180e-26
 8.20000000e+00  8.14023042e+08  2.40297900e+12  3.41075560e-26
 8.30000000e+00  8.51267265e+08  2.36144100e+12  3.62954940e-26
 8.40000000e+00  8.86706199e+08  2.31990300e+12  3.84834320e-26
 8.50000000e+00  9.20339844e+08  2.27836500e+12  4.06713700e-26
 8.60000000e+00  9.77370010e+08  2.24279400e+12  4.38766540e-26
 8.70000000e+00  1.03213538e+09  2.20722300e+12  4.70819380e-26
 8.80000000e+00  1.08463596e+09  2.17165200e+12  5.02872220e-26
 8.90000000e+00  1.13487174e+09  2.13608100e+12  5.34925060e-26
 9.00000000e+00  1.18284273e+09  2.10051000e+12  5.66977900e-26
 9.10000000e+00  1.26151529e+09  2.06786100e+12  6.14235700e-26
 9.20000000e+00  1.33712300e+09  2.03521200e+12  6.61493500e-26
 9.30000000e+00  1.40966585e+09  2.00256300e+12  7.08751300e-26
 9.40000000e+00  1.47914385e+09  1.96991400e+12  7.56009100e-26
 9.50000000e+00  1.54555700e+09  1.93726500e+12  8.03266900e-26
 9.60000000e+00  1.65526921e+09  1.90887600e+12  8.73081520e-26
 9.70000000e+00  1.76104444e+09  1.88048700e+12  9.42896140e-26
 9.80000000e+00  1.86288270e+09  1.85209800e+12  1.01271076e-25
 9.90000000e+00  1.96078398e+09  1.82370900e+12  1.08252538e-25
 1.00000000e+01  2.05474829e+09  1.79532000e+12  1.15234000e-25
 1.01000000e+01  2.20660549e+09  1.76993100e+12  1.25525580e-25
 1.02000000e+01  2.35327237e+09  1.74454200e+12  1.35817160e-25
 1.03000000e+01  2.49474894e+09  1.71915300e+12  1.46108740e-25
 1.04000000e+01  2.63103519e+09  1.69376400e+12  1.56400320e-25
 1.05000000e+01  2.76213113e+09  1.66837500e+12  1.66691900e-25
 1.06000000e+01  2.96052131e+09  1.64450400e+12  1.81257980e-25
 1.07000000e+01  3.15200466e+09  1.62063300e+12  1.95824060e-25
 1.08000000e+01  3.33658116e+09  1.59676200e+12  2.10390140e-25
 1.09000000e+01  3.51425082e+09  1.57289100e+12  2.24956220e-25
 1.10000000e+01  3.68501365e+09  1.54902000e+12  2.39522300e-25
 1.11000000e+01  3.87846420e+09  1.52810400e+12  2.55546980e-25
 1.12000000e+01  4.06525691e+09  1.50718800e+12  2.71571660e-25
 1.13000000e+01  4.24539176e+09  1.48627200e+12  2.87596340e-25
 1.14000000e+01  4.41886877e+09  1.46535600e+12  3.03621020e-25
 1.15000000e+01  4.58568792e+09  1.44444000e+12  3.19645700e-25
 1.16000000e+01  4.40962000e+09  1.42626000e+12  3.11290840e-25
 1.17000000e+01  4.23656925e+09  1.40808000e+12  3.02935980e-25
 1.18000000e+01  4.06653567e+09  1.38990000e+12  2.94581120e-25
 1.19000000e+01  3.89951925e+09  1.37172000e+12  2.86226260e-25
 1.20000000e+01  3.73552000e+09  1.35354000e+12  2.77871400e-25
 1.21000000e+01  3.47899141e+09  1.33605000e+12  2.62176960e-25
 1.22000000e+01  3.22791540e+09  1.31856000e+12  2.46482520e-25
 1.23000000e+01  2.98229197e+09  1.30107000e+12  2.30788080e-25
 1.24000000e+01  2.74212111e+09  1.28358000e+12  2.15093640e-25
 1.25000000e+01  2.50740283e+09  1.26609000e+12  1.99399200e-25
 1.26000000e+01  2.32669446e+09  1.25070900e+12  1.87303960e-25
 1.27000000e+01  2.14968153e+09  1.23532800e+12  1.75208720e-25
 1.28000000e+01  1.97636402e+09  1.21994700e+12  1.63113480e-25
 1.29000000e+01  1.80674195e+09  1.20456600e+12  1.51018240e-25
 1.30000000e+01  1.64081530e+09  1.18918500e+12  1.38923000e-25
 1.31000000e+01  1.52592451e+09  1.17496500e+12  1.30759122e-25
 1.32000000e+01  1.41333972e+09  1.16074500e+12  1.22595244e-25
 1.33000000e+01  1.30306096e+09  1.14652500e+12  1.14431366e-25
 1.34000000e+01  1.19508821e+09  1.13230500e+12  1.06267488e-25
 1.35000000e+01  1.08942147e+09  1.11808500e+12  9.81036100e-26
 1.36000000e+01  1.02641597e+09  1.10469300e+12  9.35504060e-26
 1.37000000e+01  9.64621701e+08  1.09130100e+12  8.89972020e-26
 1.38000000e+01  9.04038668e+08  1.07790900e+12  8.44439980e-26
 1.39000000e+01  8.44666871e+08  1.06451700e+12  7.98907940e-26
 1.40000000e+01  7.86506309e+08  1.05112500e+12  7.53375900e-26
 1.41000000e+01  7.47478040e+08  1.03931700e+12  7.24126240e-26
 1.42000000e+01  7.09135833e+08  1.02750900e+12  6.94876580e-26
 1.43000000e+01  6.71479688e+08  1.01570100e+12  6.65626920e-26
 1.44000000e+01  6.34509604e+08  1.00389300e+12  6.36377260e-26
 1.45000000e+01  5.98225583e+08  9.92085000e+11  6.07127600e-26
 1.46000000e+01  5.66470426e+08  9.80832000e+11  5.81495680e-26
 1.47000000e+01  5.35288217e+08  9.69579000e+11  5.55863760e-26
 1.48000000e+01  5.04678956e+08  9.58326000e+11  5.30231840e-26
 1.49000000e+01  4.74642644e+08  9.47073000e+11  5.04599920e-26
 1.50000000e+01  4.45179281e+08  9.35820000e+11  4.78968000e-26
 1.51000000e+01  4.19664081e+08  9.26520000e+11  4.56048340e-26
 1.52000000e+01  3.94572288e+08  9.17220000e+11  4.33128680e-26
 1.53000000e+01  3.69903900e+08  9.07920000e+11  4.10209020e-26
 1.54000000e+01  3.45658919e+08  8.98620000e+11  3.87289360e-26
 1.55000000e+01  3.21837345e+08  8.89320000e+11  3.64369700e-26
 1.56000000e+01  3.01674552e+08  8.79987000e+11  3.45164640e-26
 1.57000000e+01  2.81867803e+08  8.70654000e+11  3.25959580e-26
 1.58000000e+01  2.62417098e+08  8.61321000e+11  3.06754520e-26
 1.59000000e+01  2.43322436e+08  8.51988000e+11  2.87549460e-26
 1.60000000e+01  2.24583818e+08  8.42655000e+11  2.68344400e-26
 1.61000000e+01  2.10518515e+08  8.33367000e+11  2.54341880e-26
 1.62000000e+01  1.96711554e+08  8.24079000e+11  2.40339360e-26
 1.63000000e+01  1.83162935e+08  8.14791000e+11  2.26336840e-26
 1.64000000e+01  1.69872657e+08  8.05503000e+11  2.12334320e-26
 1.65000000e+01  1.56840721e+08  7.96215000e+11  1.98331800e-26
 1.66000000e+01  1.47487197e+08  7.88118000e+11  1.88419980e-26
 1.67000000e+01  1.38293093e+08  7.80021000e+11  1.78508160e-26
 1.68000000e+01  1.29258410e+08  7.71924000e+11  1.68596340e-26
 1.69000000e+01  1.20383146e+08  7.63827000e+11  1.58684520e-26
 1.70000000e+01  1.11667304e+08  7.55730000e+11  1.48772700e-26
 1.71000000e+01  1.05586251e+08  7.47804000e+11  1.42161980e-26
 1.72000000e+01  9.96092786e+07  7.39878000e+11  1.35551260e-26
 1.73000000e+01  9.37363867e+07  7.31952000e+11  1.28940540e-26
 1.74000000e+01  8.79675752e+07  7.24026000e+11  1.22329820e-26
 1.75000000e+01  8.23028441e+07  7.16100000e+11  1.15719100e-26
 1.76000000e+01  7.81546017e+07  7.08945000e+11  1.10995632e-26
 1.77000000e+01  7.40734925e+07  7.01790000e+11  1.06272164e-26
 1.78000000e+01  7.00595164e+07  6.94635000e+11  1.01548696e-26
 1.79000000e+01  6.61126733e+07  6.87480000e+11  9.68252280e-27
 1.80000000e+01  6.22329634e+07  6.80325000e+11  9.21017600e-27
 1.81000000e+01  5.92647239e+07  6.72966000e+11  8.86680220e-27
 1.82000000e+01  5.63466784e+07  6.65607000e+11  8.52342840e-27
 1.83000000e+01  5.34788270e+07  6.58248000e+11  8.18005460e-27
 1.84000000e+01  5.06611696e+07  6.50889000e+11  7.83668080e-27
 1.85000000e+01  4.78937062e+07  6.43530000e+11  7.49330700e-27
 1.86000000e+01  4.58120952e+07  6.36939000e+11  7.24179440e-27
 1.87000000e+01  4.37634131e+07  6.30348000e+11  6.99028180e-27
 1.88000000e+01  4.17476599e+07  6.23757000e+11  6.73876920e-27
 1.89000000e+01  3.97648356e+07  6.17166000e+11  6.48725660e-27
 1.90000000e+01  3.78149402e+07  6.10575000e+11  6.23574400e-27
 1.91000000e+01  3.63045063e+07  6.04947000e+11  6.04236680e-27
 1.92000000e+01  3.48156908e+07  5.99319000e+11  5.84898960e-27
 1.93000000e+01  3.33484939e+07  5.93691000e+11  5.65561240e-27
 1.94000000e+01  3.19029155e+07  5.88063000e+11  5.46223520e-27
 1.95000000e+01  3.04789556e+07  5.82435000e+11  5.26885800e-27
 1.96000000e+01  2.93025390e+07  5.76831000e+11  5.11470440e-27
 1.97000000e+01  2.81432825e+07  5.71227000e+11  4.96055080e-27
 1.98000000e+01  2.70011860e+07  5.65623000e+11  4.80639720e-27
 1.99000000e+01  2.58762496e+07  5.60019000e+11  4.65224360e-27
 2.00000000e+01  2.47684731e+07  5.54415000e+11  4.49809000e-27
 2.01000000e+01  2.39637751e+07  5.50014000e+11  4.38677510e-27
 2.02000000e+01  2.31688085e+07  5.45613000e+11  4.27546020e-27
 2.03000000e+01  2.23835731e+07  5.41212000e+11  4.16414530e-27
 2.04000000e+01  2.16080690e+07  5.36811000e+11  4.05283040e-27
 2.05000000e+01  2.08422963e+07  5.32410000e+11  3.94151550e-27
 2.06000000e+01  2.00617180e+07  5.27364000e+11  3.83020060e-27
 2.07000000e+01  1.92922973e+07  5.22318000e+11  3.71888570e-27
 2.08000000e+01  1.85340340e+07  5.17272000e+11  3.60757080e-27
 2.09000000e+01  1.77869283e+07  5.12226000e+11  3.49625590e-27
 2.10000000e+01  1.70509800e+07  5.07180000e+11  3.38494100e-27
 2.11000000e+01  1.65038235e+07  5.01990000e+11  3.31019350e-27
 2.12000000e+01  1.59643729e+07  4.96800000e+11  3.23544600e-27
 2.13000000e+01  1.54326285e+07  4.91610000e+11  3.16069850e-27
 2.14000000e+01  1.49085900e+07  4.86420000e+11  3.08595100e-27
 2.15000000e+01  1.43922575e+07  4.81230000e+11  3.01120350e-27
 2.16000000e+01  1.39092670e+07  4.76919000e+11  2.93645600e-27
 2.17000000e+01  1.34326774e+07  4.72608000e+11  2.86170850e-27
 2.18000000e+01  1.29624886e+07  4.68297000e+11  2.78696100e-27
 2.19000000e+01  1.24987008e+07  4.63986000e+11  2.71221350e-27
 2.20000000e+01  1.20413139e+07  4.59675000e+11  2.63746600e-27
 2.21000000e+01  1.16721347e+07  4.54923000e+11  2.58330850e-27
 2.22000000e+01  1.13080676e+07  4.50171000e+11  2.52915100e-27
 2.23000000e+01  1.09491126e+07  4.45419000e+11  2.47499350e-27
 2.24000000e+01  1.05952698e+07  4.40667000e+11  2.42083600e-27
 2.25000000e+01  1.02465391e+07  4.35915000e+11  2.36667850e-27
 2.26000000e+01  9.90553884e+06  4.31277000e+11  2.31252100e-27
 2.27000000e+01  9.56952807e+06  4.26639000e+11  2.25836350e-27
 2.28000000e+01  9.23850679e+06  4.22001000e+11  2.20420600e-27
 2.29000000e+01  8.91247499e+06  4.17363000e+11  2.15004850e-27
 2.30000000e+01  8.59143267e+06  4.12725000e+11  2.09589100e-27
 2.31000000e+01  8.35534334e+06  4.08978000e+11  2.05697130e-27
 2.32000000e+01  8.12215082e+06  4.05231000e+11  2.01805160e-27
 2.33000000e+01  7.89185511e+06  4.01484000e+11  1.97913190e-27
 2.34000000e+01  7.66445620e+06  3.97737000e+11  1.94021220e-27
 2.35000000e+01  7.43995410e+06  3.93990000e+11  1.90129250e-27
 2.36000000e+01  7.22362046e+06  3.90528000e+11  1.86237280e-27
 2.37000000e+01  7.00996329e+06  3.87066000e+11  1.82345310e-27
 2.38000000e+01  6.79898260e+06  3.83604000e+11  1.78453340e-27
 2.39000000e+01  6.59067838e+06  3.80142000e+11  1.74561370e-27
 2.40000000e+01  6.38505063e+06  3.76680000e+11  1.70669400e-27
 2.41000000e+01  6.20644921e+06  3.73089000e+11  1.67492220e-27
 2.42000000e+01  6.03011411e+06  3.69498000e+11  1.64315040e-27
 2.43000000e+01  5.85604535e+06  3.65907000e+11  1.61137860e-27
 2.44000000e+01  5.68424292e+06  3.62316000e+11  1.57960680e-27
 2.45000000e+01  5.51470682e+06  3.58725000e+11  1.54783500e-27
 2.46000000e+01  5.35199948e+06  3.55437000e+11  1.51606320e-27
 2.47000000e+01  5.19136724e+06  3.52149000e+11  1.48429140e-27
 2.48000000e+01  5.03281011e+06  3.48861000e+11  1.45251960e-27
 2.49000000e+01  4.87632808e+06  3.45573000e+11  1.42074780e-27
 2.50000000e+01  4.72192115e+06  3.42285000e+11  1.38897600e-27
 2.51000000e+01  4.59130662e+06  3.38643000e+11  1.36507990e-27
 2.52000000e+01  4.46242083e+06  3.35001000e+11  1.34118380e-27
 2.53000000e+01  4.33526380e+06  3.31359000e+11  1.31728770e-27
 2.54000000e+01  4.20983552e+06  3.27717000e+11  1.29339160e-27
 2.55000000e+01  4.08613600e+06  3.24075000e+11  1.26949550e-27
 2.56000000e+01  3.96676320e+06  3.20643000e+11  1.24559940e-27
 2.57000000e+01  3.84901947e+06  3.17211000e+11  1.22170330e-27
 2.58000000e+01  3.73290481e+06  3.13779000e+11  1.19780720e-27
 2.59000000e+01  3.61841923e+06  3.10347000e+11  1.17391110e-27
 2.60000000e+01  3.50556272e+06  3.06915000e+11  1.15001500e-27
 2.61000000e+01  3.41868968e+06  3.04097700e+11  1.13190616e-27
 2.62000000e+01  3.33283006e+06  3.01280400e+11  1.11379732e-27
 2.63000000e+01  3.24798386e+06  2.98463100e+11  1.09568848e-27
 2.64000000e+01  3.16415109e+06  2.95645800e+11  1.07757964e-27
 2.65000000e+01  3.08133173e+06  2.92828500e+11  1.05947080e-27
 2.66000000e+01  2.99505151e+06  2.89578600e+11  1.04136196e-27
 2.67000000e+01  2.90994031e+06  2.86328700e+11  1.02325312e-27
 2.68000000e+01  2.82599815e+06  2.83078800e+11  1.00514428e-27
 2.69000000e+01  2.74322502e+06  2.79828900e+11  9.87035440e-28
 2.70000000e+01  2.66162093e+06  2.76579000e+11  9.68926600e-28
 2.71000000e+01  2.59815027e+06  2.73975000e+11  9.54810550e-28
 2.72000000e+01  2.53540978e+06  2.71371000e+11  9.40694500e-28
 2.73000000e+01  2.47339946e+06  2.68767000e+11  9.26578450e-28
 2.74000000e+01  2.41211929e+06  2.66163000e+11  9.12462400e-28
 2.75000000e+01  2.35156929e+06  2.63559000e+11  8.98346350e-28
 2.76000000e+01  2.29633375e+06  2.61477000e+11  8.84230300e-28
 2.77000000e+01  2.24168200e+06  2.59395000e+11  8.70114250e-28
 2.78000000e+01  2.18761404e+06  2.57313000e+11  8.55998200e-28
 2.79000000e+01  2.13412988e+06  2.55231000e+11  8.41882150e-28
 2.80000000e+01  2.08122951e+06  2.53149000e+11  8.27766100e-28
 2.81000000e+01  2.02993109e+06  2.50693800e+11  8.15270220e-28
 2.82000000e+01  1.97924209e+06  2.48238600e+11  8.02774340e-28
 2.83000000e+01  1.92916251e+06  2.45783400e+11  7.90278460e-28
 2.84000000e+01  1.87969237e+06  2.43328200e+11  7.77782580e-28
 2.85000000e+01  1.83083164e+06  2.40873000e+11  7.65286700e-28
 2.86000000e+01  1.77866180e+06  2.37893700e+11  7.52790820e-28
 2.87000000e+01  1.72723147e+06  2.34914400e+11  7.40294940e-28
 2.88000000e+01  1.67654066e+06  2.31935100e+11  7.27799060e-28
 2.89000000e+01  1.62658936e+06  2.28955800e+11  7.15303180e-28
 2.90000000e+01  1.57737758e+06  2.25976500e+11  7.02807300e-28
 2.91000000e+01  1.53634409e+06  2.22980700e+11  6.93721410e-28
 2.92000000e+01  1.49585129e+06  2.19984900e+11  6.84635520e-28
 2.93000000e+01  1.45589918e+06  2.16989100e+11  6.75549630e-28
 2.94000000e+01  1.41648775e+06  2.13993300e+11  6.66463740e-28
 2.95000000e+01  1.37761702e+06  2.10997500e+11  6.57377850e-28
 2.96000000e+01  1.34381089e+06  2.08704300e+11  6.48291960e-28
 2.97000000e+01  1.31041864e+06  2.06411100e+11  6.39206070e-28
 2.98000000e+01  1.27744027e+06  2.04117900e+11  6.30120180e-28
 2.99000000e+01  1.24487578e+06  2.01824700e+11  6.21034290e-28
 3.00000000e+01  1.21272517e+06  1.99531500e+11  6.11948400e-28
 3.01000000e+01  1.18309458e+06  1.96789200e+11  6.05315900e-28
 3.02000000e+01  1.15382527e+06  1.94046900e+11  5.98683400e-28
 3.03000000e+01  1.12491726e+06  1.91304600e+11  5.92050900e-28
 3.04000000e+01  1.09637054e+06  1.88562300e+11  5.85418400e-28
 3.05000000e+01  1.06818511e+06  1.85820000e+11  5.78785900e-28
 3.06000000e+01  1.04129520e+06  1.83242100e+11  5.72153400e-28
 3.07000000e+01  1.01474492e+06  1.80664200e+11  5.65520900e-28
 3.08000000e+01  9.88534267e+05  1.78086300e+11  5.58888400e-28
 3.09000000e+01  9.62663251e+05  1.75508400e+11  5.52255900e-28
 3.10000000e+01  9.37131868e+05  1.72930500e+11  5.45623400e-28
 3.11000000e+01  9.13796624e+05  1.70699400e+11  5.38990900e-28
 3.12000000e+01  8.90755324e+05  1.68468300e+11  5.32358400e-28
 3.13000000e+01  8.68007965e+05  1.66237200e+11  5.25725900e-28
 3.14000000e+01  8.45554549e+05  1.64006100e+11  5.19093400e-28
 3.15000000e+01  8.23395076e+05  1.61775000e+11  5.12460900e-28
 3.16000000e+01  8.02136932e+05  1.59664800e+11  5.05828400e-28
 3.17000000e+01  7.81156803e+05  1.57554600e+11  4.99195900e-28
 3.18000000e+01  7.60454687e+05  1.55444400e+11  4.92563400e-28
 3.19000000e+01  7.40030586e+05  1.53334200e+11  4.85930900e-28
 3.20000000e+01  7.19884500e+05  1.51224000e+11  4.79298400e-28
 3.21000000e+01  7.02235210e+05  1.49083800e+11  4.74259485e-28
 3.22000000e+01  6.84800140e+05  1.46943600e+11  4.69220570e-28
 3.23000000e+01  6.67579288e+05  1.44803400e+11  4.64181655e-28
 3.24000000e+01  6.50572655e+05  1.42663200e+11  4.59142740e-28
 3.25000000e+01  6.33780240e+05  1.40523000e+11  4.54103825e-28
 3.26000000e+01  6.17137819e+05  1.38368400e+11  4.49064910e-28
 3.27000000e+01  6.00711058e+05  1.36213800e+11  4.44025995e-28
 3.28000000e+01  5.84499957e+05  1.34059200e+11  4.38987080e-28
 3.29000000e+01  5.68504517e+05  1.31904600e+11  4.33948165e-28
 3.30000000e+01  5.52724736e+05  1.29750000e+11  4.28909250e-28
 3.31000000e+01  5.36774149e+05  1.27503600e+11  4.23870335e-28
 3.32000000e+01  5.21048411e+05  1.25257200e+11  4.18831420e-28
 3.33000000e+01  5.05547521e+05  1.23010800e+11  4.13792505e-28
 3.34000000e+01  4.90271480e+05  1.20764400e+11  4.08753590e-28
 3.35000000e+01  4.75220287e+05  1.18518000e+11  4.03714675e-28
 3.36000000e+01  4.60172995e+05  1.16215800e+11  3.98675760e-28
 3.37000000e+01  4.45356137e+05  1.13913600e+11  3.93636845e-28
 3.38000000e+01  4.30769713e+05  1.11611400e+11  3.88597930e-28
 3.39000000e+01  4.16413722e+05  1.09309200e+11  3.83559015e-28
 3.40000000e+01  4.02288165e+05  1.07007000e+11  3.78520100e-28
 3.41000000e+01  3.90326126e+05  1.04754900e+11  3.75160540e-28
 3.42000000e+01  3.78514378e+05  1.02502800e+11  3.71800980e-28
 3.43000000e+01  3.66852922e+05  1.00250700e+11  3.68441420e-28
 3.44000000e+01  3.55341759e+05  9.79986000e+10  3.65081860e-28
 3.45000000e+01  3.43980888e+05  9.57465000e+10  3.61722300e-28
 3.46000000e+01  3.33826339e+05  9.37911000e+10  3.58362740e-28
 3.47000000e+01  3.23802283e+05  9.18357000e+10  3.55003180e-28
 3.48000000e+01  3.13908718e+05  8.98803000e+10  3.51643620e-28
 3.49000000e+01  3.04145646e+05  8.79249000e+10  3.48284060e-28
 3.50000000e+01  2.94513066e+05  8.59695000e+10  3.44924500e-28
 3.51000000e+01  2.84332154e+05  8.38140000e+10  3.41564940e-28
 3.52000000e+01  2.74295089e+05  8.16585000e+10  3.38205380e-28
 3.53000000e+01  2.64401869e+05  7.95030000e+10  3.34845820e-28
 3.54000000e+01  2.54652495e+05  7.73475000e+10  3.31486260e-28
 3.55000000e+01  2.45046966e+05  7.51920000e+10  3.28126700e-28
 3.56000000e+01  2.35392715e+05  7.29768000e+10  3.24767140e-28
 3.57000000e+01  2.25886294e+05  7.07616000e+10  3.21407580e-28
 3.58000000e+01  2.16527703e+05  6.85464000e+10  3.18048020e-28
 3.59000000e+01  2.07316942e+05  6.63312000e+10  3.14688460e-28
 3.60000000e+01  1.98254010e+05  6.41160000e+10  3.11328900e-28
 3.61000000e+01  1.90589750e+05  6.21675000e+10  3.08673975e-28
 3.62000000e+01  1.83028249e+05  6.02190000e+10  3.06019050e-28
 3.63000000e+01  1.75569506e+05  5.82705000e+10  3.03364125e-28
 3.64000000e+01  1.68213523e+05  5.63220000e+10  3.00709200e-28
 3.65000000e+01  1.60960298e+05  5.43735000e+10  2.98054275e-28
 3.66000000e+01  1.53482408e+05  5.23134000e+10  2.95399350e-28
 3.67000000e+01  1.46113163e+05  5.02533000e+10  2.92744425e-28
 3.68000000e+01  1.38852561e+05  4.81932000e+10  2.90089500e-28
 3.69000000e+01  1.31700604e+05  4.61331000e+10  2.87434575e-28
 3.70000000e+01  1.24657292e+05  4.40730000e+10  2.84779650e-28
 3.71000000e+01  1.17551473e+05  4.19518200e+10  2.82124725e-28
 3.72000000e+01  1.10557521e+05  3.98306400e+10  2.79469800e-28
 3.73000000e+01  1.03675433e+05  3.77094600e+10  2.76814875e-28
 3.74000000e+01  9.69052113e+04  3.55882800e+10  2.74159950e-28
 3.75000000e+01  9.02468548e+04  3.34671000e+10  2.71505025e-28
 3.76000000e+01  8.36410048e+04  3.13236900e+10  2.68850100e-28
 3.77000000e+01  7.71481926e+04  2.91802800e+10  2.66195175e-28
 3.78000000e+01  7.07684182e+04  2.70368700e+10  2.63540250e-28
 3.79000000e+01  6.45016815e+04  2.48934600e+10  2.60885325e-28
 3.80000000e+01  5.83479827e+04  2.27500500e+10  2.58230400e-28
 3.81000000e+01  5.30637531e+04  2.08234800e+10  2.56571570e-28
 3.82000000e+01  4.78430059e+04  1.88969100e+10  2.54912740e-28
 3.83000000e+01  4.26857410e+04  1.69703400e+10  2.53253910e-28
 3.84000000e+01  3.75919584e+04  1.50437700e+10  2.51595080e-28
 3.85000000e+01  3.25616581e+04  1.31172000e+10  2.49936250e-28
 3.86000000e+01  2.89335214e+04  1.17335100e+10  2.48277420e-28
 3.87000000e+01  2.53509786e+04  1.03498200e+10  2.46618590e-28
 3.88000000e+01  2.18140298e+04  8.96613000e+09  2.44959760e-28
 3.89000000e+01  1.83226748e+04  7.58244000e+09  2.43300930e-28
 3.90000000e+01  1.48769137e+04  6.19875000e+09  2.41642100e-28
 3.91000000e+01  1.28496344e+04  5.39105400e+09  2.39983270e-28
 3.92000000e+01  1.08489694e+04  4.58335800e+09  2.38324440e-28
 3.93000000e+01  8.87491875e+03  3.77566200e+09  2.36665610e-28
 3.94000000e+01  6.92748247e+03  2.96796600e+09  2.35006780e-28
 3.95000000e+01  5.00666054e+03  2.16027000e+09  2.33347950e-28
 3.96000000e+01  4.15439688e+03  1.80537000e+09  2.31689120e-28
 3.97000000e+01  3.31382752e+03  1.45047000e+09  2.30030290e-28
 3.98000000e+01  2.48495244e+03  1.09557000e+09  2.28371460e-28
 3.99000000e+01  1.66777167e+03  7.40670000e+08  2.26712630e-28
 4.00000000e+01  8.62285183e+02  3.85770000e+08  2.25053800e-28
 4.01000000e+01  6.85293702e+02  3.08616000e+08  2.23574455e-28
 4.02000000e+01  5.10569444e+02  2.31462000e+08  2.22095110e-28
 4.03000000e+01  3.38112407e+02  1.54308000e+08  2.20615765e-28
 4.04000000e+01  1.67922593e+02  7.71540000e+07  2.19136420e-28
 4.05000000e+01  0.00000000e+00  0.00000000e+00  2.17657075e-28
 4.06000000e+01  0.00000000e+00  0.00000000e+00  2.16177730e-28
 4.07000000e+01  0.00000000e+00  0.00000000e+00  2.14698385e-28
 4.08000000e+01  0.00000000e+00  0.00000000e+00  2.13219040e-28
 4.09000000e+01  0.00000000e+00  0.00000000e+00  2.11739695e-28
 4.10000000e+01  0.00000000e+00  0.00000000e+00  2.10260350e-28
 4.11000000e+01  0.00000000e+00  0.00000000e+00  2.08781005e-28
 4.12000000e+01  0.00000000e+00  0.00000000e+00  2.07301660e-28
 4.13000000e+01  0.00000000e+00  0.00000000e+00  2.05822315e-28
 4.14000000e+01  0.00000000e+00  0.00000000e+00  2.04342970e-28
 4.15000000e+01  0.00000000e+00  0.00000000e+00  2.02863625e-28
 4.16000000e+01  0.00000000e+00  0.00000000e+00  2.01384280e-28
 4.17000000e+01  0.00000000e+00  0.00000000e+00  1.99904935e-28
 4.18000000e+01  0.00000000e+00  0.00000000e+00  1.98425590e-28
 4.19000000e+01  0.00000000e+00  0.00000000e+00  1.96946245e-28
 4.20000000e+01  0.00000000e+00  0.00000000e+00  1.95466900e-28
 4.21000000e+01  0.00000000e+00  0.00000000e+00  1.94360320e-28
 4.22000000e+01  0.00000000e+00  0.00000000e+00  1.93253740e-28
 4.23000000e+01  0.00000000e+00  0.00000000e+00  1.92147160e-28
 4.24000000e+01  0.00000000e+00  0.00000000e+00  1.91040580e-28
 4.25000000e+01  0.00000000e+00  0.00000000e+00  1.89934000e-28
 4.26000000e+01  0.00000000e+00  0.00000000e+00  1.88827420e-28
 4.27000000e+01  0.00000000e+00  0.00000000e+00  1.87720840e-28
 4.28000000e+01  0.00000000e+00  0.00000000e+00  1.86614260e-28
 4.29000000e+01  0.00000000e+00  0.00000000e+00  1.85507680e-28
 4.30000000e+01  0.00000000e+00  0.00000000e+00  1.84401100e-28
 4.31000000e+01  0.00000000e+00  0.00000000e+00  1.83294520e-28
 4.32000000e+01  0.00000000e+00  0.00000000e+00  1.82187940e-28
 4.33000000e+01  0.00000000e+00  0.00000000e+00  1.81081360e-28
 4.34000000e+01  0.00000000e+00  0.00000000e+00  1.79974780e-28
 4.35000000e+01  0.00000000e+00  0.00000000e+00  1.78868200e-28
 4.36000000e+01  0.00000000e+00  0.00000000e+00  1.77761620e-28
 4.37000000e+01  0.00000000e+00  0.00000000e+00  1.76655040e-28
 4.38000000e+01  0.00000000e+00  0.00000000e+00  1.75548460e-28
 4.39000000e+01  0.00000000e+00  0.00000000e+00  1.74441880e-28
 4.40000000e+01  0.00000000e+00  0.00000000e+00  1.73335300e-28
 4.41000000e+01  0.00000000e+00  0.00000000e+00  1.72441315e-28
 4.42000000e+01  0.00000000e+00  0.00000000e+00  1.71547330e-28
 4.43000000e+01  0.00000000e+00  0.00000000e+00  1.70653345e-28
 4.44000000e+01  0.00000000e+00  0.00000000e+00  1.69759360e-28
 4.45000000e+01  0.00000000e+00  0.00000000e+00  1.68865375e-28
 4.46000000e+01  0.00000000e+00  0.00000000e+00  1.67971390e-28
 4.47000000e+01  0.00000000e+00  0.00000000e+00  1.67077405e-28
 4.48000000e+01  0.00000000e+00  0.00000000e+00  1.66183420e-28
 4.49000000e+01  0.00000000e+00  0.00000000e+00  1.65289435e-28
 4.50000000e+01  0.00000000e+00  0.00000000e+00  1.64395450e-28
 4.51000000e+01  0.00000000e+00  0.00000000e+00  1.63501465e-28
 4.52000000e+01  0.00000000e+00  0.00000000e+00  1.62607480e-28
 4.53000000e+01  0.00000000e+00  0.00000000e+00  1.61713495e-28
 4.54000000e+01  0.00000000e+00  0.00000000e+00  1.60819510e-28
 4.55000000e+01  0.00000000e+00  0.00000000e+00  1.59925525e-28
 4.56000000e+01  0.00000000e+00  0.00000000e+00  1.59031540e-28
 4.57000000e+01  0.00000000e+00  0.00000000e+00  1.58137555e-28
 4.58000000e+01  0.00000000e+00  0.00000000e+00  1.57243570e-28
 4.59000000e+01  0.00000000e+00  0.00000000e+00  1.56349585e-28
 4.60000000e+01  0.00000000e+00  0.00000000e+00  1.55455600e-28
 4.61000000e+01  0.00000000e+00  0.00000000e+00  1.54835485e-28
 4.62000000e+01  0.00000000e+00  0.00000000e+00  1.54215370e-28
 4.63000000e+01  0.00000000e+00  0.00000000e+00  1.53595255e-28
 4.64000000e+01  0.00000000e+00  0.00000000e+00  1.52975140e-28
 4.65000000e+01  0.00000000e+00  0.00000000e+00  1.52355025e-28
 4.66000000e+01  0.00000000e+00  0.00000000e+00  1.51734910e-28
 4.67000000e+01  0.00000000e+00  0.00000000e+00  1.51114795e-28
 4.68000000e+01  0.00000000e+00  0.00000000e+00  1.50494680e-28
 4.69000000e+01  0.00000000e+00  0.00000000e+00  1.49874565e-28
 4.70000000e+01  0.00000000e+00  0.00000000e+00  1.49254450e-28
 4.71000000e+01  0.00000000e+00  0.00000000e+00  1.48634335e-28
 4.72000000e+01  0.00000000e+00  0.00000000e+00  1.48014220e-28
 4.73000000e+01  0.00000000e+00  0.00000000e+00  1.47394105e-28
 4.74000000e+01  0.00000000e+00  0.00000000e+00  1.46773990e-28
 4.75000000e+01  0.00000000e+00  0.00000000e+00  1.46153875e-28
 4.76000000e+01  0.00000000e+00  0.00000000e+00  1.45533760e-28
 4.77000000e+01  0.00000000e+00  0.00000000e+00  1.44913645e-28
 4.78000000e+01  0.00000000e+00  0.00000000e+00  1.44293530e-28
 4.79000000e+01  0.00000000e+00  0.00000000e+00  1.43673415e-28
 4.80000000e+01  0.00000000e+00  0.00000000e+00  1.43053300e-28
 4.81000000e+01  0.00000000e+00  0.00000000e+00  1.42414940e-28
 4.82000000e+01  0.00000000e+00  0.00000000e+00  1.41776580e-28
 4.83000000e+01  0.00000000e+00  0.00000000e+00  1.41138220e-28
 4.84000000e+01  0.00000000e+00  0.00000000e+00  1.40499860e-28
 4.85000000e+01  0.00000000e+00  0.00000000e+00  1.39861500e-28
 4.86000000e+01  0.00000000e+00  0.00000000e+00  1.39223140e-28
 4.87000000e+01  0.00000000e+00  0.00000000e+00  1.38584780e-28
 4.88000000e+01  0.00000000e+00  0.00000000e+00  1.37946420e-28
 4.89000000e+01  0.00000000e+00  0.00000000e+00  1.37308060e-28
 4.90000000e+01  0.00000000e+00  0.00000000e+00  1.36669700e-28
 4.91000000e+01  0.00000000e+00  0.00000000e+00  1.36031340e-28
 4.92000000e+01  0.00000000e+00  0.00000000e+00  1.35392980e-28
 4.93000000e+01  0.00000000e+00  0.00000000e+00  1.34754620e-28
 4.94000000e+01  0.00000000e+00  0.00000000e+00  1.34116260e-28
 4.95000000e+01  0.00000000e+00  0.00000000e+00  1.33477900e-28
 4.96000000e+01  0.00000000e+00  0.00000000e+00  1.32839540e-28
 4.97000000e+01  0.00000000e+00  0.00000000e+00  1.32201180e-28
 4.98000000e+01  0.00000000e+00  0.00000000e+00  1.31562820e-28
 4.99000000e+01  0.00000000e+00  0.00000000e+00  1.30924460e-28
 5.00000000e+01  0.00000000e+00  0.00000000e+00  1.30286100e-28
