# energy(MeV) dYield(atoms/MeV/s) photonFlux(photons/MeV/uA/s) crossSection(mb)
# 501 4
# 501 4
 0.00000000e+00  0.00000000e+00  5.64090000e+13  0.00000000e+00
 1.00000000e-01  0.00000000e+00  5.62272000e+13  0.00000000e+00
 2.00000000e-01  0.00000000e+00  5.60454000e+13  0.00000000e+00
 3.00000000e-01  0.00000000e+00  5.58636000e+13  0.00000000e+00
 4.00000000e-01  0.00000000e+00  5.56818000e+13  0.00000000e+00
 5.00000000e-01  0.00000000e+00  5.55000000e+13  0.00000000e+00
 6.00000000e-01  0.00000000e+00  5.29707000e+13  0.00000000e+00
 7.00000000e-01  0.00000000e+00  5.04414000e+13  0.00000000e+00
 8.00000000e-01  0.00000000e+00  4.79121000e+13  0.00000000e+00
 9.00000000e-01  0.00000000e+00  4.53828000e+13  0.00000000e+00
 1.00000000e+00  0.00000000e+00  4.28535000e+13  0.00000000e+00
 1.10000000e+00  0.00000000e+00  3.95760600e+13  0.00000000e+00
 1.20000000e+00  0.00000000e+00  3.62986200e+13  0.00000000e+00
 1.30000000e+00  0.00000000e+00  3.30211800e+13  0.00000000e+00
 1.40000000e+00  0.00000000e+00  2.97437400e+13  0.00000000e+00
 1.50000000e+00  0.00000000e+00  2.64663000e+13  0.00000000e+00
 1.60000000e+00  0.00000000e+00  2.49982200e+13  0.00000000e+00
 1.70000000e+00  0.00000000e+00  2.35301400e+13  0.00000000e+00
 1.80000000e+00  0.00000000e+00  2.20620600e+13  0.00000000e+00
 1.90000000e+00  0.00000000e+00  2.05939800e+13  0.00000000e+00
 2.00000000e+00  0.00000000e+00  1.91259000e+13  0.00000000e+00
 2.10000000e+00  0.00000000e+00  1.82414100e+13  0.00000000e+00
 2.20000000e+00  0.00000000e+00  1.73569200e+13  0.00000000e+00
 2.30000000e+00  0.00000000e+00  1.64724300e+13  0.00000000e+00
 2.40000000e+00  0.00000000e+00  1.55879400e+13  0.00000000e+00
 2.50000000e+00  0.00000000e+00  1.47034500e+13  0.00000000e+00
 2.60000000e+00  0.00000000e+00  1.41207900e+13  0.00000000e+00
 2.70000000e+00  0.00000000e+00  1.35381300e+13  0.00000000e+00
 2.80000000e+00  0.00000000e+00  1.29554700e+13  0.00000000e+00
 2.90000000e+00  0.00000000e+00  1.23728100e+13  0.00000000e+00
 3.00000000e+00  0.00000000e+00  1.17901500e+13  0.00000000e+00
 3.10000000e+00  0.00000000e+00  1.13834700e+13  0.00000000e+00
 3.20000000e+00  0.00000000e+00  1.09767900e+13  0.00000000e+00
 3.30000000e+00  0.00000000e+00  1.05701100e+13  0.00000000e+00
 3.40000000e+00  0.00000000e+00  1.01634300e+13  0.00000000e+00
 3.50000000e+00  0.00000000e+00  9.75675000e+12  0.00000000e+00
 3.60000000e+00  0.00000000e+00  9.45333000e+12  0.00000000e+00
 3.70000000e+00  0.00000000e+00  9.14991000e+12  0.00000000e+00
 3.80000000e+00  0.00000000e+00  8.84649000e+12  0.00000000e+00
 3.90000000e+00  0.00000000e+00  8.54307000e+12  0.00000000e+00
 4.00000000e+00  0.00000000e+00  8.23965000e+12  0.00000000e+00
 4.10000000e+00  0.00000000e+00  8.00598000e+12  0.00000000e+00
 4.20000000e+00  0.00000000e+00  7.77231000e+12  0.00000000e+00
 4.30000000e+00  0.00000000e+00  7.53864000e+12  0.00000000e+00
 4.40000000e+00  0.00000000e+00  7.30497000e+12  0.00000000e+00
 4.50000000e+00  0.00000000e+00  7.07130000e+12  0.00000000e+00
 4.60000000e+00  0.00000000e+00  6.89124000e+12  0.00000000e+00
 4.70000000e+00  0.00000000e+00  6.71118000e+12  0.00000000e+00
 4.80000000e+00  0.00000000e+00  6.53112000e+12  0.00000000e+00
 4.90000000e+00  0.00000000e+00  6.35106000e+12  0.00000000e+00
 5.00000000e+00  0.00000000e+00  6.17100000e+12  0.00000000e+00
 5.10000000e+00  0.00000000e+00  6.02406000e+12  0.00000000e+00
 5.20000000e+00  0.00000000e+00  5.87712000e+12  0.00000000e+00
 5.30000000e+00  0.00000000e+00  5.73018000e+12  0.00000000e+00
 5.40000000e+00  0.00000000e+00  5.58324000e+12  0.00000000e+00
 5.50000000e+00  0.00000000e+00  5.43630000e+12  0.00000000e+00
 5.60000000e+00  0.00000000e+00  5.31423000e+12  0.00000000e+00
 5.70000000e+00  0.00000000e+00  5.19216000e+12  0.00000000e+00
 5.80000000e+00  0.00000000e+00  5.07009000e+12  0.00000000e+00
 5.90000000e+00  0.00000000e+00  4.94802000e+12  0.00000000e+00
 6.00000000e+00  0.00000000e+00  4.82595000e+12  0.00000000e+00
 6.10000000e+00  0.00000000e+00  4.72455000e+12  0.00000000e+00
 6.20000000e+00  0.00000000e+00  4.62315000e+12  0.00000000e+00
 6.30000000e+00  0.00000000e+00  4.52175000e+12  0.00000000e+00
 6.40000000e+00  0.00000000e+00  4.42035000e+12  0.00000000e+00
 6.50000000e+00  0.00000000e+00  4.31895000e+12  0.00000000e+00
 6.60000000e+00  5.34935955e+08  4.23276000e+12  1.27245380e-26
 6.70000000e+00  5.65547272e+08  4.14657000e+12  1.37323160e-26
 6.80000000e+00  5.94433197e+08  4.06038000e+12  1.47400940e-26
 6.90000000e+00  6.21593729e+08  3.97419000e+12  1.57478720e-26
 7.00000000e+00  6.47028869e+08  3.88800000e+12  1.67556500e-26
 7.10000000e+00  6.75866290e+08  3.81507000e+12  1.78370140e-26
 7.20000000e+00  7.03137162e+08  3.74214000e+12  1.89183780e-26
 7.30000000e+00  7.28841484e+08  3.66921000e+12  1.99997420e-26
 7.40000000e+00  7.52979256e+08  3.59628000e+12  2.10811060e-26
 7.50000000e+00  7.75550478e+08  3.52335000e+12  2.21624700e-26
 7.60000000e+00  8.13732196e+08  3.46044000e+12  2.36763120e-26
 7.70000000e+00  8.50022154e+08  3.39753000e+12  2.51901540e-26
 7.80000000e+00  8.84420350e+08  3.33462000e+12  2.67039960e-26
 7.90000000e+00  9.16926785e+08  3.27171000e+12  2.82178380e-26
 8.00000000e+00  9.47541458e+08  3.20880000e+12  2.97316800e-26
 8.10000000e+00  9.99959985e+08  3.15419700e+12  3.19196180e-26
 8.20000000e+00  1.05000540e+09  3.09959400e+12  3.41075560e-26
 8.30000000e+00  1.09767771e+09  3.04499100e+12  3.62954940e-26
 8.40000000e+00  1.14297692e+09  2.99038800e+12  3.84834320e-26
 8.50000000e+00  1.18590301e+09  2.93578500e+12  4.06713700e-26
 8.60000000e+00  1.25876861e+09  2.88852600e+12  4.38766540e-26
 8.70000000e+00  1.32862525e+09  2.84126700e+12  4.70819380e-26
 8.80000000e+00  1.39547292e+09  2.79400800e+12  5.02872220e-26
 8.90000000e+00  1.45931162e+09  2.74674900e+12  5.34925060e-26
 9.00000000e+00  1.52014136e+09  2.69949000e+12  5.66977900e-26
 9.10000000e+00  1.62099262e+09  2.65711200e+12  6.14235700e-26
 9.20000000e+00  1.71786573e+09  2.61473400e+12  6.61493500e-26
 9.30000000e+00  1.81076071e+09  2.57235600e+12  7.08751300e-26
 9.40000000e+00  1.89967755e+09  2.52997800e+12  7.56009100e-26
 9.50000000e+00  1.98461624e+09  2.48760000e+12  8.03266900e-26
 9.60000000e+00  2.12372174e+09  2.44910100e+12  8.73081520e-26
 9.70000000e+00  2.25748822e+09  2.41060200e+12  9.42896140e-26
 9.80000000e+00  2.38591567e+09  2.37210300e+12  1.01271076e-25
 9.90000000e+00  2.50900409e+09  2.33360400e+12  1.08252538e-25
 1.00000000e+01  2.62675349e+09  2.29510500e+12  1.15234000e-25
 1.01000000e+01  2.81847243e+09  2.26071300e+12  1.25525580e-25
 1.02000000e+01  3.00316055e+09  2.22632100e+12  1.35817160e-25
 1.03000000e+01  3.18081785e+09  2.19192900e+12  1.46108740e-25
 1.04000000e+01  3.35144434e+09  2.15753700e+12  1.56400320e-25
 1.05000000e+01  3.51504002e+09  2.12314500e+12  1.66691900e-25
 1.06000000e+01  3.76954908e+09  2.09390100e+12  1.81257980e-25
 1.07000000e+01  4.01559667e+09  2.06465700e+12  1.95824060e-25
 1.08000000e+01  4.25318280e+09  2.03541300e+12  2.10390140e-25
 1.09000000e+01  4.48230746e+09  2.00616900e+12  2.24956220e-25
 1.10000000e+01  4.70297065e+09  1.97692500e+12  2.39522300e-25
 1.11000000e+01  4.95158861e+09  1.95091200e+12  2.55546980e-25
 1.12000000e+01  5.19192626e+09  1.92489900e+12  2.71571660e-25
 1.13000000e+01  5.42398362e+09  1.89888600e+12  2.87596340e-25
 1.14000000e+01  5.64776068e+09  1.87287300e+12  3.03621020e-25
 1.15000000e+01  5.86325745e+09  1.84686000e+12  3.19645700e-25
 1.16000000e+01  5.63355807e+09  1.82213400e+12  3.11290840e-25
 1.17000000e+01  5.40796224e+09  1.79740800e+12  3.02935980e-25
 1.18000000e+01  5.18646995e+09  1.77268200e+12  2.94581120e-25
 1.19000000e+01  4.96908121e+09  1.74795600e+12  2.86226260e-25
 1.20000000e+01  4.75579601e+09  1.72323000e+12  2.77871400e-25
 1.21000000e+01  4.42747063e+09  1.70029800e+12  2.62176960e-25
 1.22000000e+01  4.10629440e+09  1.67736600e+12  2.46482520e-25
 1.23000000e+01  3.79226731e+09  1.65443400e+12  2.30788080e-25
 1.24000000e+01  3.48538936e+09  1.63150200e+12  2.15093640e-25
 1.25000000e+01  3.18566056e+09  1.60857000e+12  1.99399200e-25
 1.26000000e+01  2.95170517e+09  1.58668200e+12  1.87303960e-25
 1.27000000e+01  2.72300859e+09  1.56479400e+12  1.75208720e-25
 1.28000000e+01  2.49957080e+09  1.54290600e+12  1.63113480e-25
 1.29000000e+01  2.28139182e+09  1.52101800e+12  1.51018240e-25
 1.30000000e+01  2.06847164e+09  1.49913000e+12  1.38923000e-25
 1.31000000e+01  1.92249618e+09  1.48032600e+12  1.30759122e-25
 1.32000000e+01  1.77957010e+09  1.46152200e+12  1.22595244e-25
 1.33000000e+01  1.63969342e+09  1.44271800e+12  1.14431366e-25
 1.34000000e+01  1.50286613e+09  1.42391400e+12  1.06267488e-25
 1.35000000e+01  1.36908823e+09  1.40511000e+12  9.81036100e-26
 1.36000000e+01  1.29073904e+09  1.38917400e+12  9.35504060e-26
 1.37000000e+01  1.21383118e+09  1.37323800e+12  8.89972020e-26
 1.38000000e+01  1.13836464e+09  1.35730200e+12  8.44439980e-26
 1.39000000e+01  1.06433943e+09  1.34136600e+12  7.98907940e-26
 1.40000000e+01  9.91755555e+08  1.32543000e+12  7.53375900e-26
 1.41000000e+01  9.42281598e+08  1.31017800e+12  7.24126240e-26
 1.42000000e+01  8.93693805e+08  1.29492600e+12  6.94876580e-26
 1.43000000e+01  8.45992175e+08  1.27967400e+12  6.65626920e-26
 1.44000000e+01  7.99176708e+08  1.26442200e+12  6.36377260e-26
 1.45000000e+01  7.53247405e+08  1.24917000e+12  6.07127600e-26
 1.46000000e+01  7.13190604e+08  1.23487500e+12  5.81495680e-26
 1.47000000e+01  6.73861636e+08  1.22058000e+12  5.55863760e-26
 1.48000000e+01  6.35260501e+08  1.20628500e+12  5.30231840e-26
 1.49000000e+01  5.97387198e+08  1.19199000e+12  5.04599920e-26
 1.50000000e+01  5.60241727e+08  1.17769500e+12  4.78968000e-26
 1.51000000e+01  5.27348058e+08  1.16426100e+12  4.56048340e-26
 1.52000000e+01  4.95066006e+08  1.15082700e+12  4.33128680e-26
 1.53000000e+01  4.63395571e+08  1.13739300e+12  4.10209020e-26
 1.54000000e+01  4.32336753e+08  1.12395900e+12  3.87289360e-26
 1.55000000e+01  4.01889553e+08  1.11052500e+12  3.64369700e-26
 1.56000000e+01  3.76370961e+08  1.09787700e+12  3.45164640e-26
 1.57000000e+01  3.51334875e+08  1.08522900e+12  3.25959580e-26
 1.58000000e+01  3.26781297e+08  1.07258100e+12  3.06754520e-26
 1.59000000e+01  3.02710226e+08  1.05993300e+12  2.87549460e-26
 1.60000000e+01  2.79121662e+08  1.04728500e+12  2.68344400e-26
 1.61000000e+01  2.61798249e+08  1.03636500e+12  2.54341880e-26
 1.62000000e+01  2.44778570e+08  1.02544500e+12  2.40339360e-26
 1.63000000e+01  2.28062628e+08  1.01452500e+12  2.26336840e-26
 1.64000000e+01  2.11650420e+08  1.00360500e+12  2.12334320e-26
 1.65000000e+01  1.95541947e+08  9.92685000e+11  1.98331800e-26
 1.66000000e+01  1.83793932e+08  9.82128000e+11  1.88419980e-26
 1.67000000e+01  1.72253771e+08  9.71571000e+11  1.78508160e-26
 1.68000000e+01  1.60921465e+08  9.61014000e+11  1.68596340e-26
 1.69000000e+01  1.49797015e+08  9.50457000e+11  1.58684520e-26
 1.70000000e+01  1.38880418e+08  9.39900000e+11  1.48772700e-26
 1.71000000e+01  1.31210618e+08  9.29286000e+11  1.42161980e-26
 1.72000000e+01  1.23680195e+08  9.18672000e+11  1.35551260e-26
 1.73000000e+01  1.16289150e+08  9.08058000e+11  1.28940540e-26
 1.74000000e+01  1.09037483e+08  8.97444000e+11  1.22329820e-26
 1.75000000e+01  1.01925194e+08  8.86830000e+11  1.15719100e-26
 1.76000000e+01  9.67818646e+07  8.77914000e+11  1.10995632e-26
 1.77000000e+01  9.17221916e+07  8.68998000e+11  1.06272164e-26
 1.78000000e+01  8.67461745e+07  8.60082000e+11  1.01548696e-26
 1.79000000e+01  8.18538135e+07  8.51166000e+11  9.68252280e-27
 1.80000000e+01  7.70451085e+07  8.42250000e+11  9.21017600e-27
 1.81000000e+01  7.34348163e+07  8.33871000e+11  8.86680220e-27
 1.82000000e+01  6.98816753e+07  8.25492000e+11  8.52342840e-27
 1.83000000e+01  6.63856856e+07  8.17113000e+11  8.18005460e-27
 1.84000000e+01  6.29468470e+07  8.08734000e+11  7.83668080e-27
 1.85000000e+01  5.95651597e+07  8.00355000e+11  7.49330700e-27
 1.86000000e+01  5.69081712e+07  7.91211000e+11  7.24179440e-27
 1.87000000e+01  5.42968665e+07  7.82067000e+11  6.99028180e-27
 1.88000000e+01  5.17312455e+07  7.72923000e+11  6.73876920e-27
 1.89000000e+01  4.92113084e+07  7.63779000e+11  6.48725660e-27
 1.90000000e+01  4.67370550e+07  7.54635000e+11  6.23574400e-27
 1.91000000e+01  4.48012252e+07  7.46529000e+11  6.04236680e-27
 1.92000000e+01  4.28965324e+07  7.38423000e+11  5.84898960e-27
 1.93000000e+01  4.10229767e+07  7.30317000e+11  5.65561240e-27
 1.94000000e+01  3.91805581e+07  7.22211000e+11  5.46223520e-27
 1.95000000e+01  3.73692765e+07  7.14105000e+11  5.26885800e-27
 1.96000000e+01  3.58896173e+07  7.06500000e+11  5.11470440e-27
 1.97000000e+01  3.44332453e+07  6.98895000e+11  4.96055080e-27
 1.98000000e+01  3.30001607e+07  6.91290000e+11  4.80639720e-27
 1.99000000e+01  3.15903633e+07  6.83685000e+11  4.65224360e-27
 2.00000000e+01  3.02038532e+07  6.76080000e+11  4.49809000e-27
 2.01000000e+01  2.91820376e+07  6.69783000e+11  4.38677510e-27
 2.02000000e+01  2.81741455e+07  6.63486000e+11  4.27546020e-27
 2.03000000e+01  2.71801771e+07  6.57189000e+11  4.16414530e-27
 2.04000000e+01  2.62001324e+07  6.50892000e+11  4.05283040e-27
 2.05000000e+01  2.52340113e+07  6.44595000e+11  3.94151550e-27
 2.06000000e+01  2.42932263e+07  6.38598000e+11  3.83020060e-27
 2.07000000e+01  2.33657016e+07  6.32601000e+11  3.71888570e-27
 2.08000000e+01  2.24514372e+07  6.26604000e+11  3.60757080e-27
 2.09000000e+01  2.15504332e+07  6.20607000e+11  3.49625590e-27
 2.10000000e+01  2.06626894e+07  6.14610000e+11  3.38494100e-27
 2.11000000e+01  1.99778817e+07  6.07659000e+11  3.31019350e-27
 2.12000000e+01  1.93033948e+07  6.00708000e+11  3.23544600e-27
 2.13000000e+01  1.86392286e+07  5.93757000e+11  3.16069850e-27
 2.14000000e+01  1.79853831e+07  5.86806000e+11  3.08595100e-27
 2.15000000e+01  1.73418584e+07  5.79855000e+11  3.01120350e-27
 2.16000000e+01  1.67398024e+07  5.73972000e+11  2.93645600e-27
 2.17000000e+01  1.61464814e+07  5.68089000e+11  2.86170850e-27
 2.18000000e+01  1.55618953e+07  5.62206000e+11  2.78696100e-27
 2.19000000e+01  1.49860442e+07  5.56323000e+11  2.71221350e-27
 2.20000000e+01  1.44189282e+07  5.50440000e+11  2.63746600e-27
 2.21000000e+01  1.39881499e+07  5.45190000e+11  2.58330850e-27
 2.22000000e+01  1.35630194e+07  5.39940000e+11  2.52915100e-27
 2.23000000e+01  1.31435368e+07  5.34690000e+11  2.47499350e-27
 2.24000000e+01  1.27297021e+07  5.29440000e+11  2.42083600e-27
 2.25000000e+01  1.23215153e+07  5.24190000e+11  2.36667850e-27
 2.26000000e+01  1.19202854e+07  5.18997000e+11  2.31252100e-27
 2.27000000e+01  1.15246421e+07  5.13804000e+11  2.25836350e-27
 2.28000000e+01  1.11345854e+07  5.08611000e+11  2.20420600e-27
 2.29000000e+01  1.07501152e+07  5.03418000e+11  2.15004850e-27
 2.30000000e+01  1.03712316e+07  4.98225000e+11  2.09589100e-27
 2.31000000e+01  1.00742055e+07  4.93113000e+11  2.05697130e-27
 2.32000000e+01  9.78113156e+06  4.88001000e+11  2.01805160e-27
 2.33000000e+01  9.49200970e+06  4.82889000e+11  1.97913190e-27
 2.34000000e+01  9.20683992e+06  4.77777000e+11  1.94021220e-27
 2.35000000e+01  8.92562223e+06  4.72665000e+11  1.90129250e-27
 2.36000000e+01  8.65595892e+06  4.67964000e+11  1.86237280e-27
 2.37000000e+01  8.38992995e+06  4.63263000e+11  1.82345310e-27
 2.38000000e+01  8.12753532e+06  4.58562000e+11  1.78453340e-27
 2.39000000e+01  7.86877504e+06  4.53861000e+11  1.74561370e-27
 2.40000000e+01  7.61364910e+06  4.49160000e+11  1.70669400e-27
 2.41000000e+01  7.39216382e+06  4.44366000e+11  1.67492220e-27
 2.42000000e+01  7.17370411e+06  4.39572000e+11  1.64315040e-27
 2.43000000e+01  6.95826996e+06  4.34778000e+11  1.61137860e-27
 2.44000000e+01  6.74586137e+06  4.29984000e+11  1.57960680e-27
 2.45000000e+01  6.53647834e+06  4.25190000e+11  1.54783500e-27
 2.46000000e+01  6.32835915e+06  4.20279000e+11  1.51606320e-27
 2.47000000e+01  6.12333935e+06  4.15368000e+11  1.48429140e-27
 2.48000000e+01  5.92141896e+06  4.10457000e+11  1.45251960e-27
 2.49000000e+01  5.72259797e+06  4.05546000e+11  1.42074780e-27
 2.50000000e+01  5.52687638e+06  4.00635000e+11  1.38897600e-27
 2.51000000e+01  5.37163473e+06  3.96198000e+11  1.36507990e-27
 2.52000000e+01  5.21849919e+06  3.91761000e+11  1.34118380e-27
 2.53000000e+01  5.06746977e+06  3.87324000e+11  1.31728770e-27
 2.54000000e+01  4.91854647e+06  3.82887000e+11  1.29339160e-27
 2.55000000e+01  4.77172929e+06  3.78450000e+11  1.26949550e-27
 2.56000000e+01  4.63451522e+06  3.74619000e+11  1.24559940e-27
 2.57000000e+01  4.49911961e+06  3.70788000e+11  1.22170330e-27
 2.58000000e+01  4.36554247e+06  3.66957000e+11  1.19780720e-27
 2.59000000e+01  4.23378380e+06  3.63126000e+11  1.17391110e-27
 2.60000000e+01  4.10384359e+06  3.59295000e+11  1.15001500e-27
 2.61000000e+01  3.99952619e+06  3.55764000e+11  1.13190616e-27
 2.62000000e+01  3.89647893e+06  3.52233000e+11  1.11379732e-27
 2.63000000e+01  3.79470182e+06  3.48702000e+11  1.09568848e-27
 2.64000000e+01  3.69419486e+06  3.45171000e+11  1.07757964e-27
 2.65000000e+01  3.59495805e+06  3.41640000e+11  1.05947080e-27
 2.66000000e+01  3.49705344e+06  3.38115000e+11  1.04136196e-27
 2.67000000e+01  3.40041683e+06  3.34590000e+11  1.02325312e-27
 2.68000000e+01  3.30504820e+06  3.31065000e+11  1.00514428e-27
 2.69000000e+01  3.21094756e+06  3.27540000e+11  9.87035440e-28
 2.70000000e+01  3.11811492e+06  3.24015000e+11  9.68926600e-28
 2.71000000e+01  3.03730808e+06  3.20284200e+11  9.54810550e-28
 2.72000000e+01  2.95754737e+06  3.16553400e+11  9.40694500e-28
 2.73000000e+01  2.87883278e+06  3.12822600e+11  9.26578450e-28
 2.74000000e+01  2.80116430e+06  3.09091800e+11  9.12462400e-28
 2.75000000e+01  2.72454195e+06  3.05361000e+11  8.98346350e-28
 2.76000000e+01  2.65152923e+06  3.01922100e+11  8.84230300e-28
 2.77000000e+01  2.57948077e+06  2.98483200e+11  8.70114250e-28
 2.78000000e+01  2.50839659e+06  2.95044300e+11  8.55998200e-28
 2.79000000e+01  2.43827668e+06  2.91605400e+11  8.41882150e-28
 2.80000000e+01  2.36912104e+06  2.88166500e+11  8.27766100e-28
 2.81000000e+01  2.30509598e+06  2.84676300e+11  8.15270220e-28
 2.82000000e+01  2.24193725e+06  2.81186100e+11  8.02774340e-28
 2.83000000e+01  2.17964484e+06  2.77695900e+11  7.90278460e-28
 2.84000000e+01  2.11821877e+06  2.74205700e+11  7.77782580e-28
 2.85000000e+01  2.05765903e+06  2.70715500e+11  7.65286700e-28
 2.86000000e+01  2.00013461e+06  2.67515400e+11  7.52790820e-28
 2.87000000e+01  1.94340451e+06  2.64315300e+11  7.40294940e-28
 2.88000000e+01  1.88746873e+06  2.61115200e+11  7.27799060e-28
 2.89000000e+01  1.83232728e+06  2.57915100e+11  7.15303180e-28
 2.90000000e+01  1.77798015e+06  2.54715000e+11  7.02807300e-28
 2.91000000e+01  1.73396054e+06  2.51662200e+11  6.93721410e-28
 2.92000000e+01  1.69049190e+06  2.48609400e+11  6.84635520e-28
 2.93000000e+01  1.64757424e+06  2.45556600e+11  6.75549630e-28
 2.94000000e+01  1.60520756e+06  2.42503800e+11  6.66463740e-28
 2.95000000e+01  1.56339185e+06  2.39451000e+11  6.57377850e-28
 2.96000000e+01  1.51880855e+06  2.35882800e+11  6.48291960e-28
 2.97000000e+01  1.47486924e+06  2.32314600e+11  6.39206070e-28
 2.98000000e+01  1.43157392e+06  2.28746400e+11  6.30120180e-28
 2.99000000e+01  1.38892260e+06  2.25178200e+11  6.21034290e-28
 3.00000000e+01  1.34691528e+06  2.21610000e+11  6.11948400e-28
 3.01000000e+01  1.31408801e+06  2.18577900e+11  6.05315900e-28
 3.02000000e+01  1.28166021e+06  2.15545800e+11  5.98683400e-28
 3.03000000e+01  1.24963189e+06  2.12513700e+11  5.92050900e-28
 3.04000000e+01  1.21800304e+06  2.09481600e+11  5.85418400e-28
 3.05000000e+01  1.18677366e+06  2.06449500e+11  5.78785900e-28
 3.06000000e+01  1.15867823e+06  2.03898600e+11  5.72153400e-28
 3.07000000e+01  1.13091888e+06  2.01347700e+11  5.65520900e-28
 3.08000000e+01  1.10349560e+06  1.98796800e+11  5.58888400e-28
 3.09000000e+01  1.07640840e+06  1.96245900e+11  5.52255900e-28
 3.10000000e+01  1.04965727e+06  1.93695000e+11  5.45623400e-28
 3.11000000e+01  1.02388140e+06  1.91263500e+11  5.38990900e-28
 3.12000000e+01  9.98425872e+05  1.88832000e+11  5.32358400e-28
 3.13000000e+01  9.73290688e+05  1.86400500e+11  5.25725900e-28
 3.14000000e+01  9.48475849e+05  1.83969000e+11  5.19093400e-28
 3.15000000e+01  9.23981354e+05  1.81537500e+11  5.12460900e-28
 3.16000000e+01  8.99371634e+05  1.79019300e+11  5.05828400e-28
 3.17000000e+01  8.75093681e+05  1.76501100e+11  4.99195900e-28
 3.18000000e+01  8.51147496e+05  1.73982900e+11  4.92563400e-28
 3.19000000e+01  8.27533078e+05  1.71464700e+11  4.85930900e-28
 3.20000000e+01  8.04250427e+05  1.68946500e+11  4.79298400e-28
 3.21000000e+01  7.83249741e+05  1.66283100e+11  4.74259485e-28
 3.22000000e+01  7.62515641e+05  1.63619700e+11  4.69220570e-28
 3.23000000e+01  7.42048130e+05  1.60956300e+11  4.64181655e-28
 3.24000000e+01  7.21847205e+05  1.58292900e+11  4.59142740e-28
 3.25000000e+01  7.01912868e+05  1.55629500e+11  4.54103825e-28
 3.26000000e+01  6.82564908e+05  1.53037800e+11  4.49064910e-28
 3.27000000e+01  6.63476358e+05  1.50446100e+11  4.44025995e-28
 3.28000000e+01  6.44647219e+05  1.47854400e+11  4.38987080e-28
 3.29000000e+01  6.26077491e+05  1.45262700e+11  4.33948165e-28
 3.30000000e+01  6.07767174e+05  1.42671000e+11  4.28909250e-28
 3.31000000e+01  5.89264127e+05  1.39971900e+11  4.23870335e-28
 3.32000000e+01  5.71031240e+05  1.37272800e+11  4.18831420e-28
 3.33000000e+01  5.53068514e+05  1.34573700e+11  4.13792505e-28
 3.34000000e+01  5.35375949e+05  1.31874600e+11  4.08753590e-28
 3.35000000e+01  5.17953545e+05  1.29175500e+11  4.03714675e-28
 3.36000000e+01  5.00936720e+05  1.26510600e+11  3.98675760e-28
 3.37000000e+01  4.84186634e+05  1.23845700e+11  3.93636845e-28
 3.38000000e+01  4.67703285e+05  1.21180800e+11  3.88597930e-28
 3.39000000e+01  4.51486673e+05  1.18515900e+11  3.83559015e-28
 3.40000000e+01  4.35536799e+05  1.15851000e+11  3.78520100e-28
 3.41000000e+01  4.22467001e+05  1.13380800e+11  3.75160540e-28
 3.42000000e+01  4.09562049e+05  1.10910600e+11  3.71800980e-28
 3.43000000e+01  3.96821944e+05  1.08440400e+11  3.68441420e-28
 3.44000000e+01  3.84246686e+05  1.05970200e+11  3.65081860e-28
 3.45000000e+01  3.71836275e+05  1.03500000e+11  3.61722300e-28
 3.46000000e+01  3.59797859e+05  1.01088000e+11  3.58362740e-28
 3.47000000e+01  3.47920406e+05  9.86760000e+10  3.55003180e-28
 3.48000000e+01  3.36203916e+05  9.62640000e+10  3.51643620e-28
 3.49000000e+01  3.24648389e+05  9.38520000e+10  3.48284060e-28
 3.50000000e+01  3.13253825e+05  9.14400000e+10  3.44924500e-28
 3.51000000e+01  3.02457846e+05  8.91570000e+10  3.41564940e-28
 3.52000000e+01  2.91814221e+05  8.68740000e+10  3.38205380e-28
 3.53000000e+01  2.81322950e+05  8.45910000e+10  3.34845820e-28
 3.54000000e+01  2.70984033e+05  8.23080000e+10  3.31486260e-28
 3.55000000e+01  2.60797471e+05  8.00250000e+10  3.28126700e-28
 3.56000000e+01  2.50263943e+05  7.75872000e+10  3.24767140e-28
 3.57000000e+01  2.39893099e+05  7.51494000e+10  3.21407580e-28
 3.58000000e+01  2.29684940e+05  7.27116000e+10  3.18048020e-28
 3.59000000e+01  2.19639465e+05  7.02738000e+10  3.14688460e-28
 3.60000000e+01  2.09756675e+05  6.78360000e+10  3.11328900e-28
 3.61000000e+01  2.00531043e+05  6.54102000e+10  3.08673975e-28
 3.62000000e+01  1.91433342e+05  6.29844000e+10  3.06019050e-28
 3.63000000e+01  1.82463571e+05  6.05586000e+10  3.03364125e-28
 3.64000000e+01  1.73621730e+05  5.81328000e+10  3.00709200e-28
 3.65000000e+01  1.64907819e+05  5.57070000e+10  2.98054275e-28
 3.66000000e+01  1.57182646e+05  5.35746000e+10  2.95399350e-28
 3.67000000e+01  1.49569929e+05  5.14422000e+10  2.92744425e-28
 3.68000000e+01  1.42069670e+05  4.93098000e+10  2.90089500e-28
 3.69000000e+01  1.34681868e+05  4.71774000e+10  2.87434575e-28
 3.70000000e+01  1.27406523e+05  4.50450000e+10  2.84779650e-28
 3.71000000e+01  1.20166299e+05  4.28850000e+10  2.82124725e-28
 3.72000000e+01  1.13039987e+05  4.07250000e+10  2.79469800e-28
 3.73000000e+01  1.06027588e+05  3.85650000e+10  2.76814875e-28
 3.74000000e+01  9.91291015e+04  3.64050000e+10  2.74159950e-28
 3.75000000e+01  9.23445277e+04  3.42450000e+10  2.71505025e-28
 3.76000000e+01  8.57953080e+04  3.21304800e+10  2.68850100e-28
 3.77000000e+01  7.93576026e+04  3.00159600e+10  2.66195175e-28
 3.78000000e+01  7.30314113e+04  2.79014400e+10  2.63540250e-28
 3.79000000e+01  6.68167343e+04  2.57869200e+10  2.60885325e-28
 3.80000000e+01  6.07135714e+04  2.36724000e+10  2.58230400e-28
 3.81000000e+01  5.52397679e+04  2.16774000e+10  2.56571570e-28
 3.82000000e+01  4.98317015e+04  1.96824000e+10  2.54912740e-28
 3.83000000e+01  4.44893723e+04  1.76874000e+10  2.53253910e-28
 3.84000000e+01  3.92127803e+04  1.56924000e+10  2.51595080e-28
 3.85000000e+01  3.40019254e+04  1.36974000e+10  2.49936250e-28
 3.86000000e+01  3.02106541e+04  1.22514300e+10  2.48277420e-28
 3.87000000e+01  2.64670289e+04  1.08054600e+10  2.46618590e-28
 3.88000000e+01  2.27710499e+04  9.35949000e+09  2.44959760e-28
 3.89000000e+01  1.91227169e+04  7.91352000e+09  2.43300930e-28
 3.90000000e+01  1.55220300e+04  6.46755000e+09  2.41642100e-28
 3.91000000e+01  1.34440295e+04  5.64043200e+09  2.39983270e-28
 3.92000000e+01  1.13932833e+04  4.81331400e+09  2.38324440e-28
 3.93000000e+01  9.36979148e+03  3.98619600e+09  2.36665610e-28
 3.94000000e+01  7.37355396e+03  3.15907800e+09  2.35006780e-28
 3.95000000e+01  5.40457078e+03  2.33196000e+09  2.33347950e-28
 3.96000000e+01  4.49998107e+03  1.95555000e+09  2.31689120e-28
 3.97000000e+01  3.60779443e+03  1.57914000e+09  2.30030290e-28
 3.98000000e+01  2.72801086e+03  1.20273000e+09  2.28371460e-28
 3.99000000e+01  1.86063035e+03  8.26320000e+08  2.26712630e-28
 4.00000000e+01  1.00565292e+03  4.49910000e+08  2.25053800e-28
 4.01000000e+01  7.99233973e+02  3.59928000e+08  2.23574455e-28
 4.02000000e+01  5.95459207e+02  2.69946000e+08  2.22095110e-28
 4.03000000e+01  3.94328624e+02  1.79964000e+08  2.20615765e-28
 4.04000000e+01  1.95842221e+02  8.99820000e+07  2.19136420e-28
 4.05000000e+01  0.00000000e+00  0.00000000e+00  2.17657075e-28
 4.06000000e+01  0.00000000e+00  0.00000000e+00  2.16177730e-28
 4.07000000e+01  0.00000000e+00  0.00000000e+00  2.14698385e-28
 4.08000000e+01  0.00000000e+00  0.00000000e+00  2.13219040e-28
 4.09000000e+01  0.00000000e+00  0.00000000e+00  2.11739695e-28
 4.10000000e+01  0.00000000e+00  0.00000000e+00  2.10260350e-28
 4.11000000e+01  0.00000000e+00  0.00000000e+00  2.08781005e-28
 4.12000000e+01  0.00000000e+00  0.00000000e+00  2.07301660e-28
 4.13000000e+01  0.00000000e+00  0.00000000e+00  2.05822315e-28
 4.14000000e+01  0.00000000e+00  0.00000000e+00  2.04342970e-28
 4.15000000e+01  0.00000000e+00  0.00000000e+00  2.02863625e-28
 4.16000000e+01  0.00000000e+00  0.00000000e+00  2.01384280e-28
 4.17000000e+01  0.00000000e+00  0.00000000e+00  1.99904935e-28
 4.18000000e+01  0.00000000e+00  0.00000000e+00  1.98425590e-28
 4.19000000e+01  0.00000000e+00  0.00000000e+00  1.96946245e-28
 4.20000000e+01  0.00000000e+00  0.00000000e+00  1.95466900e-28
 4.21000000e+01  0.00000000e+00  0.00000000e+00  1.94360320e-28
 4.22000000e+01  0.00000000e+00  0.00000000e+00  1.93253740e-28
 4.23000000e+01  0.00000000e+00  0.00000000e+00  1.92147160e-28
 4.24000000e+01  0.00000000e+00  0.00000000e+00  1.91040580e-28
 4.25000000e+01  0.00000000e+00  0.00000000e+00  1.89934000e-28
 4.26000000e+01  0.00000000e+00  0.00000000e+00  1.88827420e-28
 4.27000000e+01  0.00000000e+00  0.00000000e+00  1.87720840e-28
 4.28000000e+01  0.00000000e+00  0.00000000e+00  1.86614260e-28
 4.29000000e+01  0.00000000e+00  0.00000000e+00  1.85507680e-28
 4.30000000e+01  0.00000000e+00  0.00000000e+00  1.84401100e-28
 4.31000000e+01  0.00000000e+00  0.00000000e+00  1.83294520e-28
 4.32000000e+01  0.00000000e+00  0.00000000e+00  1.82187940e-28
 4.33000000e+01  0.00000000e+00  0.00000000e+00  1.81081360e-28
 4.34000000e+01  0.00000000e+00  0.00000000e+00  1.79974780e-28
 4.35000000e+01  0.00000000e+00  0.00000000e+00  1.78868200e-28
 4.36000000e+01  0.00000000e+00  0.00000000e+00  1.77761620e-28
 4.37000000e+01  0.00000000e+00  0.00000000e+00  1.76655040e-28
 4.38000000e+01  0.00000000e+00  0.00000000e+00  1.75548460e-28
 4.39000000e+01  0.00000000e+00  0.00000000e+00  1.74441880e-28
 4.40000000e+01  0.00000000e+00  0.00000000e+00  1.73335300e-28
 4.41000000e+01  0.00000000e+00  0.00000000e+00  1.72441315e-28
 4.42000000e+01  0.00000000e+00  0.00000000e+00  1.71547330e-28
 4.43000000e+01  0.00000000e+00  0.00000000e+00  1.70653345e-28
 4.44000000e+01  0.00000000e+00  0.00000000e+00  1.69759360e-28
 4.45000000e+01  0.00000000e+00  0.00000000e+00  1.68865375e-28
 4.46000000e+01  0.00000000e+00  0.00000000e+00  1.67971390e-28
 4.47000000e+01  0.00000000e+00  0.00000000e+00  1.67077405e-28
 4.48000000e+01  0.00000000e+00  0.00000000e+00  1.66183420e-28
 4.49000000e+01  0.00000000e+00  0.00000000e+00  1.65289435e-28
 4.50000000e+01  0.00000000e+00  0.00000000e+00  1.64395450e-28
 4.51000000e+01  0.00000000e+00  0.00000000e+00  1.63501465e-28
 4.52000000e+01  0.00000000e+00  0.00000000e+00  1.62607480e-28
 4.53000000e+01  0.00000000e+00  0.00000000e+00  1.61713495e-28
 4.54000000e+01  0.00000000e+00  0.00000000e+00  1.60819510e-28
 4.55000000e+01  0.00000000e+00  0.00000000e+00  1.59925525e-28
 4.56000000e+01  0.00000000e+00  0.00000000e+00  1.59031540e-28
 4.57000000e+01  0.00000000e+00  0.00000000e+00  1.58137555e-28
 4.58000000e+01  0.00000000e+00  0.00000000e+00  1.57243570e-28
 4.59000000e+01  0.00000000e+00  0.00000000e+00  1.56349585e-28
 4.60000000e+01  0.00000000e+00  0.00000000e+00  1.55455600e-28
 4.61000000e+01  0.00000000e+00  0.00000000e+00  1.54835485e-28
 4.62000000e+01  0.00000000e+00  0.00000000e+00  1.54215370e-28
 4.63000000e+01  0.00000000e+00  0.00000000e+00  1.53595255e-28
 4.64000000e+01  0.00000000e+00  0.00000000e+00  1.52975140e-28
 4.65000000e+01  0.00000000e+00  0.00000000e+00  1.52355025e-28
 4.66000000e+01  0.00000000e+00  0.00000000e+00  1.51734910e-28
 4.67000000e+01  0.00000000e+00  0.00000000e+00  1.51114795e-28
 4.68000000e+01  0.00000000e+00  0.00000000e+00  1.50494680e-28
 4.69000000e+01  0.00000000e+00  0.00000000e+00  1.49874565e-28
 4.70000000e+01  0.00000000e+00  0.00000000e+00  1.49254450e-28
 4.71000000e+01  0.00000000e+00  0.00000000e+00  1.48634335e-28
 4.72000000e+01  0.00000000e+00  0.00000000e+00  1.48014220e-28
 4.73000000e+01  0.00000000e+00  0.00000000e+00  1.47394105e-28
 4.74000000e+01  0.00000000e+00  0.00000000e+00  1.46773990e-28
 4.75000000e+01  0.00000000e+00  0.00000000e+00  1.46153875e-28
 4.76000000e+01  0.00000000e+00  0.00000000e+00  1.45533760e-28
 4.77000000e+01  0.00000000e+00  0.00000000e+00  1.44913645e-28
 4.78000000e+01  0.00000000e+00  0.00000000e+00  1.44293530e-28
 4.79000000e+01  0.00000000e+00  0.00000000e+00  1.43673415e-28
 4.80000000e+01  0.00000000e+00  0.00000000e+00  1.43053300e-28
 4.81000000e+01  0.00000000e+00  0.00000000e+00  1.42414940e-28
 4.82000000e+01  0.00000000e+00  0.00000000e+00  1.41776580e-28
 4.83000000e+01  0.00000000e+00  0.00000000e+00  1.41138220e-28
 4.84000000e+01  0.00000000e+00  0.00000000e+00  1.40499860e-28
 4.85000000e+01  0.00000000e+00  0.00000000e+00  1.39861500e-28
 4.86000000e+01  0.00000000e+00  0.00000000e+00  1.39223140e-28
 4.87000000e+01  0.00000000e+00  0.00000000e+00  1.38584780e-28
 4.88000000e+01  0.00000000e+00  0.00000000e+00  1.37946420e-28
 4.89000000e+01  0.00000000e+00  0.00000000e+00  1.37308060e-28
 4.90000000e+01  0.00000000e+00  0.00000000e+00  1.36669700e-28
 4.91000000e+01  0.00000000e+00  0.00000000e+00  1.36031340e-28
 4.92000000e+01  0.00000000e+00  0.00000000e+00  1.35392980e-28
 4.93000000e+01  0.00000000e+00  0.00000000e+00  1.34754620e-28
 4.94000000e+01  0.00000000e+00  0.00000000e+00  1.34116260e-28
 4.95000000e+01  0.00000000e+00  0.00000000e+00  1.33477900e-28
 4.96000000e+01  0.00000000e+00  0.00000000e+00  1.32839540e-28
 4.97000000e+01  0.00000000e+00  0.00000000e+00  1.32201180e-28
 4.98000000e+01  0.00000000e+00  0.00000000e+00  1.31562820e-28
 4.99000000e+01  0.00000000e+00  0.00000000e+00  1.30924460e-28
 5.00000000e+01  0.00000000e+00  0.00000000e+00  1.30286100e-28
