# energy(MeV) dYield(atoms/MeV/s) photonFlux(photons/MeV/uA/s) crossSection(mb)
# 501 4
# 501 4
 0.00000000e+00  0.00000000e+00  5.86350000e+13  0.00000000e+00
 1.00000000e-01  0.00000000e+00  5.97192000e+13  0.00000000e+00
 2.00000000e-01  0.00000000e+00  6.08034000e+13  0.00000000e+00
 3.00000000e-01  0.00000000e+00  6.18876000e+13  0.00000000e+00
 4.00000000e-01  0.00000000e+00  6.29718000e+13  0.00000000e+00
 5.00000000e-01  0.00000000e+00  6.40560000e+13  0.00000000e+00
 6.00000000e-01  0.00000000e+00  6.24624000e+13  0.00000000e+00
 7.00000000e-01  0.00000000e+00  6.08688000e+13  0.00000000e+00
 8.00000000e-01  0.00000000e+00  5.92752000e+13  0.00000000e+00
 9.00000000e-01  0.00000000e+00  5.76816000e+13  0.00000000e+00
 1.00000000e+00  0.00000000e+00  5.60880000e+13  0.00000000e+00
 1.10000000e+00  0.00000000e+00  5.22147000e+13  0.00000000e+00
 1.20000000e+00  0.00000000e+00  4.83414000e+13  0.00000000e+00
 1.30000000e+00  0.00000000e+00  4.44681000e+13  0.00000000e+00
 1.40000000e+00  0.00000000e+00  4.05948000e+13  0.00000000e+00
 1.50000000e+00  0.00000000e+00  3.67215000e+13  0.00000000e+00
 1.60000000e+00  0.00000000e+00  3.48099300e+13  0.00000000e+00
 1.70000000e+00  0.00000000e+00  3.28983600e+13  0.00000000e+00
 1.80000000e+00  0.00000000e+00  3.09867900e+13  0.00000000e+00
 1.90000000e+00  0.00000000e+00  2.90752200e+13  0.00000000e+00
 2.00000000e+00  0.00000000e+00  2.71636500e+13  0.00000000e+00
 2.10000000e+00  0.00000000e+00  2.59813800e+13  0.00000000e+00
 2.20000000e+00  0.00000000e+00  2.47991100e+13  0.00000000e+00
 2.30000000e+00  0.00000000e+00  2.36168400e+13  0.00000000e+00
 2.40000000e+00  0.00000000e+00  2.24345700e+13  0.00000000e+00
 2.50000000e+00  0.00000000e+00  2.12523000e+13  0.00000000e+00
 2.60000000e+00  0.00000000e+00  2.04579900e+13  0.00000000e+00
 2.70000000e+00  0.00000000e+00  1.96636800e+13  0.00000000e+00
 2.80000000e+00  0.00000000e+00  1.88693700e+13  0.00000000e+00
 2.90000000e+00  0.00000000e+00  1.80750600e+13  0.00000000e+00
 3.00000000e+00  0.00000000e+00  1.72807500e+13  0.00000000e+00
 3.10000000e+00  0.00000000e+00  1.67095800e+13  0.00000000e+00
 3.20000000e+00  0.00000000e+00  1.61384100e+13  0.00000000e+00
 3.30000000e+00  0.00000000e+00  1.55672400e+13  0.00000000e+00
 3.40000000e+00  0.00000000e+00  1.49960700e+13  0.00000000e+00
 3.50000000e+00  0.00000000e+00  1.44249000e+13  0.00000000e+00
 3.60000000e+00  0.00000000e+00  1.39975500e+13  0.00000000e+00
 3.70000000e+00  0.00000000e+00  1.35702000e+13  0.00000000e+00
 3.80000000e+00  0.00000000e+00  1.31428500e+13  0.00000000e+00
 3.90000000e+00  0.00000000e+00  1.27155000e+13  0.00000000e+00
 4.00000000e+00  0.00000000e+00  1.22881500e+13  0.00000000e+00
 4.10000000e+00  0.00000000e+00  1.19556300e+13  0.00000000e+00
 4.20000000e+00  0.00000000e+00  1.16231100e+13  0.00000000e+00
 4.30000000e+00  0.00000000e+00  1.12905900e+13  0.00000000e+00
 4.40000000e+00  0.00000000e+00  1.09580700e+13  0.00000000e+00
 4.50000000e+00  0.00000000e+00  1.06255500e+13  0.00000000e+00
 4.60000000e+00  0.00000000e+00  1.03593300e+13  0.00000000e+00
 4.70000000e+00  0.00000000e+00  1.00931100e+13  0.00000000e+00
 4.80000000e+00  0.00000000e+00  9.82689000e+12  0.00000000e+00
 4.90000000e+00  0.00000000e+00  9.56067000e+12  0.00000000e+00
 5.00000000e+00  0.00000000e+00  9.29445000e+12  0.00000000e+00
 5.10000000e+00  0.00000000e+00  9.08406000e+12  0.00000000e+00
 5.20000000e+00  0.00000000e+00  8.87367000e+12  0.00000000e+00
 5.30000000e+00  0.00000000e+00  8.66328000e+12  0.00000000e+00
 5.40000000e+00  0.00000000e+00  8.45289000e+12  0.00000000e+00
 5.50000000e+00  0.00000000e+00  8.24250000e+12  0.00000000e+00
 5.60000000e+00  0.00000000e+00  8.06991000e+12  0.00000000e+00
 5.70000000e+00  0.00000000e+00  7.89732000e+12  0.00000000e+00
 5.80000000e+00  0.00000000e+00  7.72473000e+12  0.00000000e+00
 5.90000000e+00  0.00000000e+00  7.55214000e+12  0.00000000e+00
 6.00000000e+00  0.00000000e+00  7.37955000e+12  0.00000000e+00
 6.10000000e+00  0.00000000e+00  7.23060000e+12  0.00000000e+00
 6.20000000e+00  0.00000000e+00  7.08165000e+12  0.00000000e+00
 6.30000000e+00  0.00000000e+00  6.93270000e+12  0.00000000e+00
 6.40000000e+00  0.00000000e+00  6.78375000e+12  0.00000000e+00
 6.50000000e+00  0.00000000e+00  6.63480000e+12  0.00000000e+00
 6.60000000e+00  8.22634833e+08  6.50922000e+12  1.27245380e-26
 6.70000000e+00  8.70659409e+08  6.38364000e+12  1.37323160e-26
 6.80000000e+00  9.16170066e+08  6.25806000e+12  1.47400940e-26
 6.90000000e+00  9.59166801e+08  6.13248000e+12  1.57478720e-26
 7.00000000e+00  9.99649617e+08  6.00690000e+12  1.67556500e-26
 7.10000000e+00  1.04461146e+09  5.89653000e+12  1.78370140e-26
 7.20000000e+00  1.08720254e+09  5.78616000e+12  1.89183780e-26
 7.30000000e+00  1.12742285e+09  5.67579000e+12  1.99997420e-26
 7.40000000e+00  1.16527240e+09  5.56542000e+12  2.10811060e-26
 7.50000000e+00  1.20075117e+09  5.45505000e+12  2.21624700e-26
 7.60000000e+00  1.26095052e+09  5.36226000e+12  2.36763120e-26
 7.70000000e+00  1.31835958e+09  5.26947000e+12  2.51901540e-26
 7.80000000e+00  1.37297837e+09  5.17668000e+12  2.67039960e-26
 7.90000000e+00  1.42480688e+09  5.08389000e+12  2.82178380e-26
 8.00000000e+00  1.47384510e+09  4.99110000e+12  2.97316800e-26
 8.10000000e+00  1.55685377e+09  4.91082000e+12  3.19196180e-26
 8.20000000e+00  1.63637338e+09  4.83054000e+12  3.41075560e-26
 8.30000000e+00  1.71240392e+09  4.75026000e+12  3.62954940e-26
 8.40000000e+00  1.78494541e+09  4.66998000e+12  3.84834320e-26
 8.50000000e+00  1.85399784e+09  4.58970000e+12  4.06713700e-26
 8.60000000e+00  1.96843317e+09  4.51701000e+12  4.38766540e-26
 8.70000000e+00  2.07824036e+09  4.44432000e+12  4.70819380e-26
 8.80000000e+00  2.18341940e+09  4.37163000e+12  5.02872220e-26
 8.90000000e+00  2.28397029e+09  4.29894000e+12  5.34925060e-26
 9.00000000e+00  2.37989303e+09  4.22625000e+12  5.66977900e-26
 9.10000000e+00  2.53984256e+09  4.16328000e+12  6.14235700e-26
 9.20000000e+00  2.69388093e+09  4.10031000e+12  6.61493500e-26
 9.30000000e+00  2.84200812e+09  4.03734000e+12  7.08751300e-26
 9.40000000e+00  2.98422415e+09  3.97437000e+12  7.56009100e-26
 9.50000000e+00  3.12052901e+09  3.91140000e+12  8.03266900e-26
 9.60000000e+00  3.34197930e+09  3.85401000e+12  8.73081520e-26
 9.70000000e+00  3.55547076e+09  3.79662000e+12  9.42896140e-26
 9.80000000e+00  3.76100340e+09  3.73923000e+12  1.01271076e-25
 9.90000000e+00  3.95857722e+09  3.68184000e+12  1.08252538e-25
 1.00000000e+01  4.14819222e+09  3.62445000e+12  1.15234000e-25
 1.01000000e+01  4.45762906e+09  3.57549000e+12  1.25525580e-25
 1.02000000e+01  4.75705694e+09  3.52653000e+12  1.35817160e-25
 1.03000000e+01  5.04647584e+09  3.47757000e+12  1.46108740e-25
 1.04000000e+01  5.32588576e+09  3.42861000e+12  1.56400320e-25
 1.05000000e+01  5.59528671e+09  3.37965000e+12  1.66691900e-25
 1.06000000e+01  6.00126545e+09  3.33357000e+12  1.81257980e-25
 1.07000000e+01  6.39391138e+09  3.28749000e+12  1.95824060e-25
 1.08000000e+01  6.77322452e+09  3.24141000e+12  2.10390140e-25
 1.09000000e+01  7.13920487e+09  3.19533000e+12  2.24956220e-25
 1.10000000e+01  7.49185241e+09  3.14925000e+12  2.39522300e-25
 1.11000000e+01  7.88418566e+09  3.10634700e+12  2.55546980e-25
 1.12000000e+01  8.26286229e+09  3.06344400e+12  2.71571660e-25
 1.13000000e+01  8.62788230e+09  3.02054100e+12  2.87596340e-25
 1.14000000e+01  8.97924569e+09  2.97763800e+12  3.03621020e-25
 1.15000000e+01  9.31695247e+09  2.93473500e+12  3.19645700e-25
 1.16000000e+01  8.96103013e+09  2.89838100e+12  3.11290840e-25
 1.17000000e+01  8.61114112e+09  2.86202700e+12  3.02935980e-25
 1.18000000e+01  8.26728545e+09  2.82567300e+12  2.94581120e-25
 1.19000000e+01  7.92946311e+09  2.78931900e+12  2.86226260e-25
 1.20000000e+01  7.59767411e+09  2.75296500e+12  2.77871400e-25
 1.21000000e+01  7.08313590e+09  2.72016300e+12  2.62176960e-25
 1.22000000e+01  6.57882384e+09  2.68736100e+12  2.46482520e-25
 1.23000000e+01  6.08473794e+09  2.65455900e+12  2.30788080e-25
 1.24000000e+01  5.60087819e+09  2.62175700e+12  2.15093640e-25
 1.25000000e+01  5.12724459e+09  2.58895500e+12  1.99399200e-25
 1.26000000e+01  4.75878425e+09  2.55807300e+12  1.87303960e-25
 1.27000000e+01  4.39774360e+09  2.52719100e+12  1.75208720e-25
 1.28000000e+01  4.04412265e+09  2.49630900e+12  1.63113480e-25
 1.29000000e+01  3.69792139e+09  2.46542700e+12  1.51018240e-25
 1.30000000e+01  3.35913982e+09  2.43454500e+12  1.38923000e-25
 1.31000000e+01  3.12468648e+09  2.40601500e+12  1.30759122e-25
 1.32000000e+01  2.89485976e+09  2.37748500e+12  1.22595244e-25
 1.33000000e+01  2.66965967e+09  2.34895500e+12  1.14431366e-25
 1.34000000e+01  2.44908621e+09  2.32042500e+12  1.06267488e-25
 1.35000000e+01  2.23313937e+09  2.29189500e+12  9.81036100e-26
 1.36000000e+01  2.10521043e+09  2.26575900e+12  9.35504060e-26
 1.37000000e+01  1.97964535e+09  2.23962300e+12  8.89972020e-26
 1.38000000e+01  1.85644413e+09  2.21348700e+12  8.44439980e-26
 1.39000000e+01  1.73560678e+09  2.18735100e+12  7.98907940e-26
 1.40000000e+01  1.61713329e+09  2.16121500e+12  7.53375900e-26
 1.41000000e+01  1.53663019e+09  2.13657900e+12  7.24126240e-26
 1.42000000e+01  1.45755848e+09  2.11194300e+12  6.94876580e-26
 1.43000000e+01  1.37991816e+09  2.08730700e+12  6.65626920e-26
 1.44000000e+01  1.30370922e+09  2.06267100e+12  6.36377260e-26
 1.45000000e+01  1.22893167e+09  2.03803500e+12  6.07127600e-26
 1.46000000e+01  1.16414018e+09  2.01568500e+12  5.81495680e-26
 1.47000000e+01  1.10048664e+09  1.99333500e+12  5.55863760e-26
 1.48000000e+01  1.03797106e+09  1.97098500e+12  5.30231840e-26
 1.49000000e+01  9.76593430e+08  1.94863500e+12  5.04599920e-26
 1.50000000e+01  9.16353755e+08  1.92628500e+12  4.78968000e-26
 1.51000000e+01  8.63872885e+08  1.90722900e+12  4.56048340e-26
 1.52000000e+01  8.12259589e+08  1.88817300e+12  4.33128680e-26
 1.53000000e+01  7.61513865e+08  1.86911700e+12  4.10209020e-26
 1.54000000e+01  7.11635715e+08  1.85006100e+12  3.87289360e-26
 1.55000000e+01  6.62625137e+08  1.83100500e+12  3.64369700e-26
 1.56000000e+01  6.21507438e+08  1.81294200e+12  3.45164640e-26
 1.57000000e+01  5.81078823e+08  1.79487900e+12  3.25959580e-26
 1.58000000e+01  5.41339290e+08  1.77681600e+12  3.06754520e-26
 1.59000000e+01  5.02288841e+08  1.75875300e+12  2.87549460e-26
 1.60000000e+01  4.63927475e+08  1.74069000e+12  2.68344400e-26
 1.61000000e+01  4.35292684e+08  1.72316700e+12  2.54341880e-26
 1.62000000e+01  4.07145288e+08  1.70564400e+12  2.40339360e-26
 1.63000000e+01  3.79485287e+08  1.68812100e+12  2.26336840e-26
 1.64000000e+01  3.52312681e+08  1.67059800e+12  2.12334320e-26
 1.65000000e+01  3.25627469e+08  1.65307500e+12  1.98331800e-26
 1.66000000e+01  3.05975329e+08  1.63502100e+12  1.88419980e-26
 1.67000000e+01  2.86678651e+08  1.61696700e+12  1.78508160e-26
 1.68000000e+01  2.67737435e+08  1.59891300e+12  1.68596340e-26
 1.69000000e+01  2.49151680e+08  1.58085900e+12  1.58684520e-26
 1.70000000e+01  2.30921388e+08  1.56280500e+12  1.48772700e-26
 1.71000000e+01  2.18327280e+08  1.54628100e+12  1.42161980e-26
 1.72000000e+01  2.05950158e+08  1.52975700e+12  1.35551260e-26
 1.73000000e+01  1.93790021e+08  1.51323300e+12  1.28940540e-26
 1.74000000e+01  1.81846869e+08  1.49670900e+12  1.22329820e-26
 1.75000000e+01  1.70120703e+08  1.48018500e+12  1.15719100e-26
 1.76000000e+01  1.61673186e+08  1.46654700e+12  1.10995632e-26
 1.77000000e+01  1.53353630e+08  1.45290900e+12  1.06272164e-26
 1.78000000e+01  1.45162035e+08  1.43927100e+12  1.01548696e-26
 1.79000000e+01  1.37098401e+08  1.42563300e+12  9.68252280e-27
 1.80000000e+01  1.29162728e+08  1.41199500e+12  9.21017600e-27
 1.81000000e+01  1.23196979e+08  1.39893300e+12  8.86680220e-27
 1.82000000e+01  1.17320322e+08  1.38587100e+12  8.52342840e-27
 1.83000000e+01  1.11532758e+08  1.37280900e+12  8.18005460e-27
 1.84000000e+01  1.05834287e+08  1.35974700e+12  7.83668080e-27
 1.85000000e+01  1.00224909e+08  1.34668500e+12  7.49330700e-27
 1.86000000e+01  9.60702592e+07  1.33569300e+12  7.24179440e-27
 1.87000000e+01  9.19705259e+07  1.32470100e+12  6.99028180e-27
 1.88000000e+01  8.79257091e+07  1.31370900e+12  6.73876920e-27
 1.89000000e+01  8.39358087e+07  1.30271700e+12  6.48725660e-27
 1.90000000e+01  8.00008248e+07  1.29172500e+12  6.23574400e-27
 1.91000000e+01  7.68543113e+07  1.28063400e+12  6.04236680e-27
 1.92000000e+01  7.37504011e+07  1.26954300e+12  5.84898960e-27
 1.93000000e+01  7.06890940e+07  1.25845200e+12  5.65561240e-27
 1.94000000e+01  6.76703901e+07  1.24736100e+12  5.46223520e-27
 1.95000000e+01  6.46942894e+07  1.23627000e+12  5.26885800e-27
 1.96000000e+01  6.21990689e+07  1.22441100e+12  5.11470440e-27
 1.97000000e+01  5.97401620e+07  1.21255200e+12  4.96055080e-27
 1.98000000e+01  5.73175685e+07  1.20069300e+12  4.80639720e-27
 1.99000000e+01  5.49312885e+07  1.18883400e+12  4.65224360e-27
 2.00000000e+01  5.25813220e+07  1.17697500e+12  4.49809000e-27
 2.01000000e+01  5.07622184e+07  1.16508900e+12  4.38677510e-27
 2.02000000e+01  4.89693967e+07  1.15320300e+12  4.27546020e-27
 2.03000000e+01  4.72028567e+07  1.14131700e+12  4.16414530e-27
 2.04000000e+01  4.54625986e+07  1.12943100e+12  4.05283040e-27
 2.05000000e+01  4.37486222e+07  1.11754500e+12  3.94151550e-27
 2.06000000e+01  4.21010995e+07  1.10671500e+12  3.83020060e-27
 2.07000000e+01  4.04775236e+07  1.09588500e+12  3.71888570e-27
 2.08000000e+01  3.88778946e+07  1.08505500e+12  3.60757080e-27
 2.09000000e+01  3.73022123e+07  1.07422500e+12  3.49625590e-27
 2.10000000e+01  3.57504769e+07  1.06339500e+12  3.38494100e-27
 2.11000000e+01  3.46442210e+07  1.05375900e+12  3.31019350e-27
 2.12000000e+01  3.35522725e+07  1.04412300e+12  3.23544600e-27
 2.13000000e+01  3.24746314e+07  1.03448700e+12  3.16069850e-27
 2.14000000e+01  3.14112976e+07  1.02485100e+12  3.08595100e-27
 2.15000000e+01  3.03622712e+07  1.01521500e+12  3.01120350e-27
 2.16000000e+01  2.93309644e+07  1.00569600e+12  2.93645600e-27
 2.17000000e+01  2.83137913e+07  9.96177000e+11  2.86170850e-27
 2.18000000e+01  2.73107518e+07  9.86658000e+11  2.78696100e-27
 2.19000000e+01  2.63218459e+07  9.77139000e+11  2.71221350e-27
 2.20000000e+01  2.53470737e+07  9.67620000e+11  2.63746600e-27
 2.21000000e+01  2.46219301e+07  9.59643000e+11  2.58330850e-27
 2.22000000e+01  2.39053681e+07  9.51666000e+11  2.52915100e-27
 2.23000000e+01  2.31973875e+07  9.43689000e+11  2.47499350e-27
 2.24000000e+01  2.24979885e+07  9.35712000e+11  2.42083600e-27
 2.25000000e+01  2.18071710e+07  9.27735000e+11  2.36667850e-27
 2.26000000e+01  2.11225923e+07  9.19656000e+11  2.31252100e-27
 2.27000000e+01  2.04467048e+07  9.11577000e+11  2.25836350e-27
 2.28000000e+01  1.97795086e+07  9.03498000e+11  2.20420600e-27
 2.29000000e+01  1.91210036e+07  8.95419000e+11  2.15004850e-27
 2.30000000e+01  1.84711899e+07  8.87340000e+11  2.09589100e-27
 2.31000000e+01  1.79771715e+07  8.79948000e+11  2.05697130e-27
 2.32000000e+01  1.74888679e+07  8.72556000e+11  2.01805160e-27
 2.33000000e+01  1.70062790e+07  8.65164000e+11  1.97913190e-27
 2.34000000e+01  1.65294049e+07  8.57772000e+11  1.94021220e-27
 2.35000000e+01  1.60582456e+07  8.50380000e+11  1.90129250e-27
 2.36000000e+01  1.55799270e+07  8.42292000e+11  1.86237280e-27
 2.37000000e+01  1.51078612e+07  8.34204000e+11  1.82345310e-27
 2.38000000e+01  1.46420483e+07  8.26116000e+11  1.78453340e-27
 2.39000000e+01  1.41824883e+07  8.18028000e+11  1.74561370e-27
 2.40000000e+01  1.37291810e+07  8.09940000e+11  1.70669400e-27
 2.41000000e+01  1.33566692e+07  8.02911000e+11  1.67492220e-27
 2.42000000e+01  1.29885934e+07  7.95882000e+11  1.64315040e-27
 2.43000000e+01  1.26249537e+07  7.88853000e+11  1.61137860e-27
 2.44000000e+01  1.22657502e+07  7.81824000e+11  1.57960680e-27
 2.45000000e+01  1.19109827e+07  7.74795000e+11  1.54783500e-27
 2.46000000e+01  1.15744742e+07  7.68684000e+11  1.51606320e-27
 2.47000000e+01  1.12418223e+07  7.62573000e+11  1.48429140e-27
 2.48000000e+01  1.09130273e+07  7.56462000e+11  1.45251960e-27
 2.49000000e+01  1.05880889e+07  7.50351000e+11  1.42074780e-27
 2.50000000e+01  1.02670073e+07  7.44240000e+11  1.38897600e-27
 2.51000000e+01  9.99820559e+06  7.37442000e+11  1.36507990e-27
 2.52000000e+01  9.73263067e+06  7.30644000e+11  1.34118380e-27
 2.53000000e+01  9.47028257e+06  7.23846000e+11  1.31728770e-27
 2.54000000e+01  9.21116129e+06  7.17048000e+11  1.29339160e-27
 2.55000000e+01  8.95526682e+06  7.10250000e+11  1.26949550e-27
 2.56000000e+01  8.70942812e+06  7.04004000e+11  1.24559940e-27
 2.57000000e+01  8.46655421e+06  6.97758000e+11  1.22170330e-27
 2.58000000e+01  8.22664510e+06  6.91512000e+11  1.19780720e-27
 2.59000000e+01  7.98970079e+06  6.85266000e+11  1.17391110e-27
 2.60000000e+01  7.75572128e+06  6.79020000e+11  1.15001500e-27
 2.61000000e+01  7.56098237e+06  6.72561000e+11  1.13190616e-27
 2.62000000e+01  7.36856685e+06  6.66102000e+11  1.11379732e-27
 2.63000000e+01  7.17847473e+06  6.59643000e+11  1.09568848e-27
 2.64000000e+01  6.99070599e+06  6.53184000e+11  1.07757964e-27
 2.65000000e+01  6.80526064e+06  6.46725000e+11  1.05947080e-27
 2.66000000e+01  6.63098177e+06  6.41121000e+11  1.04136196e-27
 2.67000000e+01  6.45871873e+06  6.35517000e+11  1.02325312e-27
 2.68000000e+01  6.28847153e+06  6.29913000e+11  1.00514428e-27
 2.69000000e+01  6.12024016e+06  6.24309000e+11  9.87035440e-28
 2.70000000e+01  5.95402462e+06  6.18705000e+11  9.68926600e-28
 2.71000000e+01  5.81467881e+06  6.13158000e+11  9.54810550e-28
 2.72000000e+01  5.67688837e+06  6.07611000e+11  9.40694500e-28
 2.73000000e+01  5.54065332e+06  6.02064000e+11  9.26578450e-28
 2.74000000e+01  5.40597365e+06  5.96517000e+11  9.12462400e-28
 2.75000000e+01  5.27284936e+06  5.90970000e+11  8.98346350e-28
 2.76000000e+01  5.14056911e+06  5.85342000e+11  8.84230300e-28
 2.77000000e+01  5.00986695e+06  5.79714000e+11  8.70114250e-28
 2.78000000e+01  4.88074288e+06  5.74086000e+11  8.55998200e-28
 2.79000000e+01  4.75319691e+06  5.68458000e+11  8.41882150e-28
 2.80000000e+01  4.62722904e+06  5.62830000e+11  8.27766100e-28
 2.81000000e+01  4.51615370e+06  5.57739000e+11  8.15270220e-28
 2.82000000e+01  4.40634205e+06  5.52648000e+11  8.02774340e-28
 2.83000000e+01  4.29779407e+06  5.47557000e+11  7.90278460e-28
 2.84000000e+01  4.19050977e+06  5.42466000e+11  7.77782580e-28
 2.85000000e+01  4.08448914e+06  5.37375000e+11  7.65286700e-28
 2.86000000e+01  3.97997892e+06  5.32317000e+11  7.52790820e-28
 2.87000000e+01  3.87672419e+06  5.27259000e+11  7.40294940e-28
 2.88000000e+01  3.77472495e+06  5.22201000e+11  7.27799060e-28
 2.89000000e+01  3.67398119e+06  5.17143000e+11  7.15303180e-28
 2.90000000e+01  3.57449291e+06  5.12085000e+11  7.02807300e-28
 2.91000000e+01  3.48925674e+06  5.06421000e+11  6.93721410e-28
 2.92000000e+01  3.40504282e+06  5.00757000e+11  6.84635520e-28
 2.93000000e+01  3.32185115e+06  4.95093000e+11  6.75549630e-28
 2.94000000e+01  3.23968173e+06  4.89429000e+11  6.66463740e-28
 2.95000000e+01  3.15853456e+06  4.83765000e+11  6.57377850e-28
 2.96000000e+01  3.08544083e+06  4.79193000e+11  6.48291960e-28
 2.97000000e+01  3.01317227e+06  4.74621000e+11  6.39206070e-28
 2.98000000e+01  2.94172888e+06  4.70049000e+11  6.30120180e-28
 2.99000000e+01  2.87111064e+06  4.65477000e+11  6.21034290e-28
 3.00000000e+01  2.80131757e+06  4.60905000e+11  6.11948400e-28
 3.01000000e+01  2.74262145e+06  4.56192000e+11  6.05315900e-28
 3.02000000e+01  2.68454626e+06  4.51479000e+11  5.98683400e-28
 3.03000000e+01  2.62709200e+06  4.46766000e+11  5.92050900e-28
 3.04000000e+01  2.57025867e+06  4.42053000e+11  5.85418400e-28
 3.05000000e+01  2.51404626e+06  4.37340000e+11  5.78785900e-28
 3.06000000e+01  2.45318699e+06  4.31700000e+11  5.72153400e-28
 3.07000000e+01  2.39307078e+06  4.26060000e+11  5.65520900e-28
 3.08000000e+01  2.33369763e+06  4.20420000e+11  5.58888400e-28
 3.09000000e+01  2.27506754e+06  4.14780000e+11  5.52255900e-28
 3.10000000e+01  2.21718050e+06  4.09140000e+11  5.45623400e-28
 3.11000000e+01  2.16199581e+06  4.03866000e+11  5.38990900e-28
 3.12000000e+01  2.10750596e+06  3.98592000e+11  5.32358400e-28
 3.13000000e+01  2.05371094e+06  3.93318000e+11  5.25725900e-28
 3.14000000e+01  2.00061077e+06  3.88044000e+11  5.19093400e-28
 3.15000000e+01  1.94820543e+06  3.82770000e+11  5.12460900e-28
 3.16000000e+01  1.90069992e+06  3.78333000e+11  5.05828400e-28
 3.17000000e+01  1.85377897e+06  3.73896000e+11  4.99195900e-28
 3.18000000e+01  1.80744259e+06  3.69459000e+11  4.92563400e-28
 3.19000000e+01  1.76169077e+06  3.65022000e+11  4.85930900e-28
 3.20000000e+01  1.71652352e+06  3.60585000e+11  4.79298400e-28
 3.21000000e+01  1.68007894e+06  3.56679000e+11  4.74259485e-28
 3.22000000e+01  1.64402532e+06  3.52773000e+11  4.69220570e-28
 3.23000000e+01  1.60836267e+06  3.48867000e+11  4.64181655e-28
 3.24000000e+01  1.57309098e+06  3.44961000e+11  4.59142740e-28
 3.25000000e+01  1.53821026e+06  3.41055000e+11  4.54103825e-28
 3.26000000e+01  1.50069654e+06  3.36471000e+11  4.49064910e-28
 3.27000000e+01  1.46364165e+06  3.31887000e+11  4.44025995e-28
 3.28000000e+01  1.42704559e+06  3.27303000e+11  4.38987080e-28
 3.29000000e+01  1.39090835e+06  3.22719000e+11  4.33948165e-28
 3.30000000e+01  1.35522993e+06  3.18135000e+11  4.28909250e-28
 3.31000000e+01  1.31907070e+06  3.13327800e+11  4.23870335e-28
 3.32000000e+01  1.28339264e+06  3.08520600e+11  4.18831420e-28
 3.33000000e+01  1.24819574e+06  3.03713400e+11  4.13792505e-28
 3.34000000e+01  1.21348001e+06  2.98906200e+11  4.08753590e-28
 3.35000000e+01  1.17924544e+06  2.94099000e+11  4.03714675e-28
 3.36000000e+01  1.14582228e+06  2.89375200e+11  3.98675760e-28
 3.37000000e+01  1.11287193e+06  2.84651400e+11  3.93636845e-28
 3.38000000e+01  1.08039440e+06  2.79927600e+11  3.88597930e-28
 3.39000000e+01  1.04838969e+06  2.75203800e+11  3.83559015e-28
 3.40000000e+01  1.01685780e+06  2.70480000e+11  3.78520100e-28
 3.41000000e+01  9.90810402e+05  2.65911600e+11  3.75160540e-28
 3.42000000e+01  9.65067869e+05  2.61343200e+11  3.71800980e-28
 3.43000000e+01  9.39630205e+05  2.56774800e+11  3.68441420e-28
 3.44000000e+01  9.14497409e+05  2.52206400e+11  3.65081860e-28
 3.45000000e+01  8.89669482e+05  2.47638000e+11  3.61722300e-28
 3.46000000e+01  8.66767308e+05  2.43525000e+11  3.58362740e-28
 3.47000000e+01  8.44139611e+05  2.39412000e+11  3.55003180e-28
 3.48000000e+01  8.21786392e+05  2.35299000e+11  3.51643620e-28
 3.49000000e+01  7.99707651e+05  2.31186000e+11  3.48284060e-28
 3.50000000e+01  7.77903388e+05  2.27073000e+11  3.44924500e-28
 3.51000000e+01  7.54091862e+05  2.22287400e+11  3.41564940e-28
 3.52000000e+01  7.30599700e+05  2.17501800e+11  3.38205380e-28
 3.53000000e+01  7.07426900e+05  2.12716200e+11  3.34845820e-28
 3.54000000e+01  6.84573464e+05  2.07930600e+11  3.31486260e-28
 3.55000000e+01  6.62039391e+05  2.03145000e+11  3.28126700e-28
 3.56000000e+01  6.37721923e+05  1.97707500e+11  3.24767140e-28
 3.57000000e+01  6.13767323e+05  1.92270000e+11  3.21407580e-28
 3.58000000e+01  5.90175591e+05  1.86832500e+11  3.18048020e-28
 3.59000000e+01  5.66946725e+05  1.81395000e+11  3.14688460e-28
 3.60000000e+01  5.44080727e+05  1.75957500e+11  3.11328900e-28
 3.61000000e+01  5.24598458e+05  1.71116100e+11  3.08673975e-28
 3.62000000e+01  5.05371513e+05  1.66274700e+11  3.06019050e-28
 3.63000000e+01  4.86399890e+05  1.61433300e+11  3.03364125e-28
 3.64000000e+01  4.67683589e+05  1.56591900e+11  3.00709200e-28
 3.65000000e+01  4.49222611e+05  1.51750500e+11  2.98054275e-28
 3.66000000e+01  4.30694814e+05  1.46799300e+11  2.95399350e-28
 3.67000000e+01  4.12428129e+05  1.41848100e+11  2.92744425e-28
 3.68000000e+01  3.94422558e+05  1.36896900e+11  2.90089500e-28
 3.69000000e+01  3.76678100e+05  1.31945700e+11  2.87434575e-28
 3.70000000e+01  3.59194755e+05  1.26994500e+11  2.84779650e-28
 3.71000000e+01  3.40147542e+05  1.21392000e+11  2.82124725e-28
 3.72000000e+01  3.21395791e+05  1.15789500e+11  2.79469800e-28
 3.73000000e+01  3.02939500e+05  1.10187000e+11  2.76814875e-28
 3.74000000e+01  2.84778671e+05  1.04584500e+11  2.74159950e-28
 3.75000000e+01  2.66913302e+05  9.89820000e+10  2.71505025e-28
 3.76000000e+01  2.49325772e+05  9.33729000e+10  2.68850100e-28
 3.77000000e+01  2.32034050e+05  8.77638000e+10  2.66195175e-28
 3.78000000e+01  2.15038137e+05  8.21547000e+10  2.63540250e-28
 3.79000000e+01  1.98338034e+05  7.65456000e+10  2.60885325e-28
 3.80000000e+01  1.81933740e+05  7.09365000e+10  2.58230400e-28
 3.81000000e+01  1.67331591e+05  6.56649000e+10  2.56571570e-28
 3.82000000e+01  1.52903147e+05  6.03933000e+10  2.54912740e-28
 3.83000000e+01  1.38648407e+05  5.51217000e+10  2.53253910e-28
 3.84000000e+01  1.24567371e+05  4.98501000e+10  2.51595080e-28
 3.85000000e+01  1.10660040e+05  4.45785000e+10  2.49936250e-28
 3.86000000e+01  9.93574330e+04  4.02927600e+10  2.48277420e-28
 3.87000000e+01  8.81960454e+04  3.60070200e+10  2.46618590e-28
 3.88000000e+01  7.71758770e+04  3.17212800e+10  2.44959760e-28
 3.89000000e+01  6.62969278e+04  2.74355400e+10  2.43300930e-28
 3.90000000e+01  5.55591978e+04  2.31498000e+10  2.41642100e-28
 3.91000000e+01  4.82829722e+04  2.02570830e+10  2.39983270e-28
 3.92000000e+01  4.11020643e+04  1.73643660e+10  2.38324440e-28
 3.93000000e+01  3.40164742e+04  1.44716490e+10  2.36665610e-28
 3.94000000e+01  2.70262019e+04  1.15789320e+10  2.35006780e-28
 3.95000000e+01  2.01312474e+04  8.68621500e+09  2.33347950e-28
 3.96000000e+01  1.65694363e+04  7.20055500e+09  2.31689120e-28
 3.97000000e+01  1.30565791e+04  5.71489500e+09  2.30030290e-28
 3.98000000e+01  9.59267582e+03  4.22923500e+09  2.28371460e-28
 3.99000000e+01  6.17772645e+03  2.74357500e+09  2.26712630e-28
 4.00000000e+01  2.81173099e+03  1.25791500e+09  2.25053800e-28
 4.01000000e+01  2.23459893e+03  1.00633200e+09  2.23574455e-28
 4.02000000e+01  1.66485979e+03  7.54749000e+08  2.22095110e-28
 4.03000000e+01  1.10251359e+03  5.03166000e+08  2.20615765e-28
 4.04000000e+01  5.47560329e+02  2.51583000e+08  2.19136420e-28
 4.05000000e+01  0.00000000e+00  0.00000000e+00  2.17657075e-28
 4.06000000e+01  0.00000000e+00  0.00000000e+00  2.16177730e-28
 4.07000000e+01  0.00000000e+00  0.00000000e+00  2.14698385e-28
 4.08000000e+01  0.00000000e+00  0.00000000e+00  2.13219040e-28
 4.09000000e+01  0.00000000e+00  0.00000000e+00  2.11739695e-28
 4.10000000e+01  0.00000000e+00  0.00000000e+00  2.10260350e-28
 4.11000000e+01  0.00000000e+00  0.00000000e+00  2.08781005e-28
 4.12000000e+01  0.00000000e+00  0.00000000e+00  2.07301660e-28
 4.13000000e+01  0.00000000e+00  0.00000000e+00  2.05822315e-28
 4.14000000e+01  0.00000000e+00  0.00000000e+00  2.04342970e-28
 4.15000000e+01  0.00000000e+00  0.00000000e+00  2.02863625e-28
 4.16000000e+01  0.00000000e+00  0.00000000e+00  2.01384280e-28
 4.17000000e+01  0.00000000e+00  0.00000000e+00  1.99904935e-28
 4.18000000e+01  0.00000000e+00  0.00000000e+00  1.98425590e-28
 4.19000000e+01  0.00000000e+00  0.00000000e+00  1.96946245e-28
 4.20000000e+01  0.00000000e+00  0.00000000e+00  1.95466900e-28
 4.21000000e+01  0.00000000e+00  0.00000000e+00  1.94360320e-28
 4.22000000e+01  0.00000000e+00  0.00000000e+00  1.93253740e-28
 4.23000000e+01  0.00000000e+00  0.00000000e+00  1.92147160e-28
 4.24000000e+01  0.00000000e+00  0.00000000e+00  1.91040580e-28
 4.25000000e+01  0.00000000e+00  0.00000000e+00  1.89934000e-28
 4.26000000e+01  0.00000000e+00  0.00000000e+00  1.88827420e-28
 4.27000000e+01  0.00000000e+00  0.00000000e+00  1.87720840e-28
 4.28000000e+01  0.00000000e+00  0.00000000e+00  1.86614260e-28
 4.29000000e+01  0.00000000e+00  0.00000000e+00  1.85507680e-28
 4.30000000e+01  0.00000000e+00  0.00000000e+00  1.84401100e-28
 4.31000000e+01  0.00000000e+00  0.00000000e+00  1.83294520e-28
 4.32000000e+01  0.00000000e+00  0.00000000e+00  1.82187940e-28
 4.33000000e+01  0.00000000e+00  0.00000000e+00  1.81081360e-28
 4.34000000e+01  0.00000000e+00  0.00000000e+00  1.79974780e-28
 4.35000000e+01  0.00000000e+00  0.00000000e+00  1.78868200e-28
 4.36000000e+01  0.00000000e+00  0.00000000e+00  1.77761620e-28
 4.37000000e+01  0.00000000e+00  0.00000000e+00  1.76655040e-28
 4.38000000e+01  0.00000000e+00  0.00000000e+00  1.75548460e-28
 4.39000000e+01  0.00000000e+00  0.00000000e+00  1.74441880e-28
 4.40000000e+01  0.00000000e+00  0.00000000e+00  1.73335300e-28
 4.41000000e+01  0.00000000e+00  0.00000000e+00  1.72441315e-28
 4.42000000e+01  0.00000000e+00  0.00000000e+00  1.71547330e-28
 4.43000000e+01  0.00000000e+00  0.00000000e+00  1.70653345e-28
 4.44000000e+01  0.00000000e+00  0.00000000e+00  1.69759360e-28
 4.45000000e+01  0.00000000e+00  0.00000000e+00  1.68865375e-28
 4.46000000e+01  0.00000000e+00  0.00000000e+00  1.67971390e-28
 4.47000000e+01  0.00000000e+00  0.00000000e+00  1.67077405e-28
 4.48000000e+01  0.00000000e+00  0.00000000e+00  1.66183420e-28
 4.49000000e+01  0.00000000e+00  0.00000000e+00  1.65289435e-28
 4.50000000e+01  0.00000000e+00  0.00000000e+00  1.64395450e-28
 4.51000000e+01  0.00000000e+00  0.00000000e+00  1.63501465e-28
 4.52000000e+01  0.00000000e+00  0.00000000e+00  1.62607480e-28
 4.53000000e+01  0.00000000e+00  0.00000000e+00  1.61713495e-28
 4.54000000e+01  0.00000000e+00  0.00000000e+00  1.60819510e-28
 4.55000000e+01  0.00000000e+00  0.00000000e+00  1.59925525e-28
 4.56000000e+01  0.00000000e+00  0.00000000e+00  1.59031540e-28
 4.57000000e+01  0.00000000e+00  0.00000000e+00  1.58137555e-28
 4.58000000e+01  0.00000000e+00  0.00000000e+00  1.57243570e-28
 4.59000000e+01  0.00000000e+00  0.00000000e+00  1.56349585e-28
 4.60000000e+01  0.00000000e+00  0.00000000e+00  1.55455600e-28
 4.61000000e+01  0.00000000e+00  0.00000000e+00  1.54835485e-28
 4.62000000e+01  0.00000000e+00  0.00000000e+00  1.54215370e-28
 4.63000000e+01  0.00000000e+00  0.00000000e+00  1.53595255e-28
 4.64000000e+01  0.00000000e+00  0.00000000e+00  1.52975140e-28
 4.65000000e+01  0.00000000e+00  0.00000000e+00  1.52355025e-28
 4.66000000e+01  0.00000000e+00  0.00000000e+00  1.51734910e-28
 4.67000000e+01  0.00000000e+00  0.00000000e+00  1.51114795e-28
 4.68000000e+01  0.00000000e+00  0.00000000e+00  1.50494680e-28
 4.69000000e+01  0.00000000e+00  0.00000000e+00  1.49874565e-28
 4.70000000e+01  0.00000000e+00  0.00000000e+00  1.49254450e-28
 4.71000000e+01  0.00000000e+00  0.00000000e+00  1.48634335e-28
 4.72000000e+01  0.00000000e+00  0.00000000e+00  1.48014220e-28
 4.73000000e+01  0.00000000e+00  0.00000000e+00  1.47394105e-28
 4.74000000e+01  0.00000000e+00  0.00000000e+00  1.46773990e-28
 4.75000000e+01  0.00000000e+00  0.00000000e+00  1.46153875e-28
 4.76000000e+01  0.00000000e+00  0.00000000e+00  1.45533760e-28
 4.77000000e+01  0.00000000e+00  0.00000000e+00  1.44913645e-28
 4.78000000e+01  0.00000000e+00  0.00000000e+00  1.44293530e-28
 4.79000000e+01  0.00000000e+00  0.00000000e+00  1.43673415e-28
 4.80000000e+01  0.00000000e+00  0.00000000e+00  1.43053300e-28
 4.81000000e+01  0.00000000e+00  0.00000000e+00  1.42414940e-28
 4.82000000e+01  0.00000000e+00  0.00000000e+00  1.41776580e-28
 4.83000000e+01  0.00000000e+00  0.00000000e+00  1.41138220e-28
 4.84000000e+01  0.00000000e+00  0.00000000e+00  1.40499860e-28
 4.85000000e+01  0.00000000e+00  0.00000000e+00  1.39861500e-28
 4.86000000e+01  0.00000000e+00  0.00000000e+00  1.39223140e-28
 4.87000000e+01  0.00000000e+00  0.00000000e+00  1.38584780e-28
 4.88000000e+01  0.00000000e+00  0.00000000e+00  1.37946420e-28
 4.89000000e+01  0.00000000e+00  0.00000000e+00  1.37308060e-28
 4.90000000e+01  0.00000000e+00  0.00000000e+00  1.36669700e-28
 4.91000000e+01  0.00000000e+00  0.00000000e+00  1.36031340e-28
 4.92000000e+01  0.00000000e+00  0.00000000e+00  1.35392980e-28
 4.93000000e+01  0.00000000e+00  0.00000000e+00  1.34754620e-28
 4.94000000e+01  0.00000000e+00  0.00000000e+00  1.34116260e-28
 4.95000000e+01  0.00000000e+00  0.00000000e+00  1.33477900e-28
 4.96000000e+01  0.00000000e+00  0.00000000e+00  1.32839540e-28
 4.97000000e+01  0.00000000e+00  0.00000000e+00  1.32201180e-28
 4.98000000e+01  0.00000000e+00  0.00000000e+00  1.31562820e-28
 4.99000000e+01  0.00000000e+00  0.00000000e+00  1.30924460e-28
 5.00000000e+01  0.00000000e+00  0.00000000e+00  1.30286100e-28
