# energy(MeV) dYield(atoms/MeV/s) photonFlux(photons/MeV/uA/s) crossSection(mb)
# 501 4
# 501 4
 0.00000000e+00  0.00000000e+00  1.38462000e+14  0.00000000e+00
 1.00000000e-01  0.00000000e+00  1.38201300e+14  0.00000000e+00
 2.00000000e-01  0.00000000e+00  1.37940600e+14  0.00000000e+00
 3.00000000e-01  0.00000000e+00  1.37679900e+14  0.00000000e+00
 4.00000000e-01  0.00000000e+00  1.37419200e+14  0.00000000e+00
 5.00000000e-01  0.00000000e+00  1.37158500e+14  0.00000000e+00
 6.00000000e-01  0.00000000e+00  1.30819500e+14  0.00000000e+00
 7.00000000e-01  0.00000000e+00  1.24480500e+14  0.00000000e+00
 8.00000000e-01  0.00000000e+00  1.18141500e+14  0.00000000e+00
 9.00000000e-01  0.00000000e+00  1.11802500e+14  0.00000000e+00
 1.00000000e+00  0.00000000e+00  1.05463500e+14  0.00000000e+00
 1.10000000e+00  0.00000000e+00  9.70896000e+13  0.00000000e+00
 1.20000000e+00  0.00000000e+00  8.87157000e+13  0.00000000e+00
 1.30000000e+00  0.00000000e+00  8.03418000e+13  0.00000000e+00
 1.40000000e+00  0.00000000e+00  7.19679000e+13  0.00000000e+00
 1.50000000e+00  0.00000000e+00  6.35940000e+13  0.00000000e+00
 1.60000000e+00  0.00000000e+00  5.99799000e+13  0.00000000e+00
 1.70000000e+00  0.00000000e+00  5.63658000e+13  0.00000000e+00
 1.80000000e+00  0.00000000e+00  5.27517000e+13  0.00000000e+00
 1.90000000e+00  0.00000000e+00  4.91376000e+13  0.00000000e+00
 2.00000000e+00  0.00000000e+00  4.55235000e+13  0.00000000e+00
 2.10000000e+00  0.00000000e+00  4.33803000e+13  0.00000000e+00
 2.20000000e+00  0.00000000e+00  4.12371000e+13  0.00000000e+00
 2.30000000e+00  0.00000000e+00  3.90939000e+13  0.00000000e+00
 2.40000000e+00  0.00000000e+00  3.69507000e+13  0.00000000e+00
 2.50000000e+00  0.00000000e+00  3.48075000e+13  0.00000000e+00
 2.60000000e+00  0.00000000e+00  3.34030500e+13  0.00000000e+00
 2.70000000e+00  0.00000000e+00  3.19986000e+13  0.00000000e+00
 2.80000000e+00  0.00000000e+00  3.05941500e+13  0.00000000e+00
 2.90000000e+00  0.00000000e+00  2.91897000e+13  0.00000000e+00
 3.00000000e+00  0.00000000e+00  2.77852500e+13  0.00000000e+00
 3.10000000e+00  0.00000000e+00  2.67934200e+13  0.00000000e+00
 3.20000000e+00  0.00000000e+00  2.58015900e+13  0.00000000e+00
 3.30000000e+00  0.00000000e+00  2.48097600e+13  0.00000000e+00
 3.40000000e+00  0.00000000e+00  2.38179300e+13  0.00000000e+00
 3.50000000e+00  0.00000000e+00  2.28261000e+13  0.00000000e+00
 3.60000000e+00  0.00000000e+00  2.21038800e+13  0.00000000e+00
 3.70000000e+00  0.00000000e+00  2.13816600e+13  0.00000000e+00
 3.80000000e+00  0.00000000e+00  2.06594400e+13  0.00000000e+00
 3.90000000e+00  0.00000000e+00  1.99372200e+13  0.00000000e+00
 4.00000000e+00  0.00000000e+00  1.92150000e+13  0.00000000e+00
 4.10000000e+00  0.00000000e+00  1.86704100e+13  0.00000000e+00
 4.20000000e+00  0.00000000e+00  1.81258200e+13  0.00000000e+00
 4.30000000e+00  0.00000000e+00  1.75812300e+13  0.00000000e+00
 4.40000000e+00  0.00000000e+00  1.70366400e+13  0.00000000e+00
 4.50000000e+00  0.00000000e+00  1.64920500e+13  0.00000000e+00
 4.60000000e+00  0.00000000e+00  1.60620300e+13  0.00000000e+00
 4.70000000e+00  0.00000000e+00  1.56320100e+13  0.00000000e+00
 4.80000000e+00  0.00000000e+00  1.52019900e+13  0.00000000e+00
 4.90000000e+00  0.00000000e+00  1.47719700e+13  0.00000000e+00
 5.00000000e+00  0.00000000e+00  1.43419500e+13  0.00000000e+00
 5.10000000e+00  0.00000000e+00  1.39898100e+13  0.00000000e+00
 5.20000000e+00  0.00000000e+00  1.36376700e+13  0.00000000e+00
 5.30000000e+00  0.00000000e+00  1.32855300e+13  0.00000000e+00
 5.40000000e+00  0.00000000e+00  1.29333900e+13  0.00000000e+00
 5.50000000e+00  0.00000000e+00  1.25812500e+13  0.00000000e+00
 5.60000000e+00  0.00000000e+00  1.22974800e+13  0.00000000e+00
 5.70000000e+00  0.00000000e+00  1.20137100e+13  0.00000000e+00
 5.80000000e+00  0.00000000e+00  1.17299400e+13  0.00000000e+00
 5.90000000e+00  0.00000000e+00  1.14461700e+13  0.00000000e+00
 6.00000000e+00  0.00000000e+00  1.11624000e+13  0.00000000e+00
 6.10000000e+00  0.00000000e+00  1.09249200e+13  0.00000000e+00
 6.20000000e+00  0.00000000e+00  1.06874400e+13  0.00000000e+00
 6.30000000e+00  0.00000000e+00  1.04499600e+13  0.00000000e+00
 6.40000000e+00  0.00000000e+00  1.02124800e+13  0.00000000e+00
 6.50000000e+00  0.00000000e+00  9.97500000e+12  0.00000000e+00
 6.60000000e+00  1.23479394e+09  9.77049000e+12  1.27245380e-26
 6.70000000e+00  1.30469614e+09  9.56598000e+12  1.37323160e-26
 6.80000000e+00  1.37050437e+09  9.36147000e+12  1.47400940e-26
 6.90000000e+00  1.43221862e+09  9.15696000e+12  1.57478720e-26
 7.00000000e+00  1.48983889e+09  8.95245000e+12  1.67556500e-26
 7.10000000e+00  1.55546134e+09  8.78013000e+12  1.78370140e-26
 7.20000000e+00  1.61738233e+09  8.60781000e+12  1.89183780e-26
 7.30000000e+00  1.67560185e+09  8.43549000e+12  1.99997420e-26
 7.40000000e+00  1.73011990e+09  8.26317000e+12  2.10811060e-26
 7.50000000e+00  1.78093649e+09  8.09085000e+12  2.21624700e-26
 7.60000000e+00  1.86816681e+09  7.94448000e+12  2.36763120e-26
 7.70000000e+00  1.95099565e+09  7.79811000e+12  2.51901540e-26
 7.80000000e+00  2.02942301e+09  7.65174000e+12  2.67039960e-26
 7.90000000e+00  2.10344889e+09  7.50537000e+12  2.82178380e-26
 8.00000000e+00  2.17307330e+09  7.35900000e+12  2.97316800e-26
 8.10000000e+00  2.29342382e+09  7.23420000e+12  3.19196180e-26
 8.20000000e+00  2.40835039e+09  7.10940000e+12  3.41075560e-26
 8.30000000e+00  2.51785301e+09  6.98460000e+12  3.62954940e-26
 8.40000000e+00  2.62193168e+09  6.85980000e+12  3.84834320e-26
 8.50000000e+00  2.72058641e+09  6.73500000e+12  4.06713700e-26
 8.60000000e+00  2.88643917e+09  6.62358000e+12  4.38766540e-26
 8.70000000e+00  3.04519786e+09  6.51216000e+12  4.70819380e-26
 8.80000000e+00  3.19686247e+09  6.40074000e+12  5.02872220e-26
 8.90000000e+00  3.34143301e+09  6.28932000e+12  5.34925060e-26
 9.00000000e+00  3.47890947e+09  6.17790000e+12  5.66977900e-26
 9.10000000e+00  3.70720088e+09  6.07680000e+12  6.14235700e-26
 9.20000000e+00  3.92600175e+09  5.97570000e+12  6.61493500e-26
 9.30000000e+00  4.13531209e+09  5.87460000e+12  7.08751300e-26
 9.40000000e+00  4.33513189e+09  5.77350000e+12  7.56009100e-26
 9.50000000e+00  4.52546116e+09  5.67240000e+12  8.03266900e-26
 9.60000000e+00  4.84248422e+09  5.58441000e+12  8.73081520e-26
 9.70000000e+00  5.14730486e+09  5.49642000e+12  9.42896140e-26
 9.80000000e+00  5.43992309e+09  5.40843000e+12  1.01271076e-25
 9.90000000e+00  5.72033890e+09  5.32044000e+12  1.08252538e-25
 1.00000000e+01  5.98855229e+09  5.23245000e+12  1.15234000e-25
 1.01000000e+01  6.42554908e+09  5.15397000e+12  1.25525580e-25
 1.02000000e+01  6.84650206e+09  5.07549000e+12  1.35817160e-25
 1.03000000e+01  7.25141125e+09  4.99701000e+12  1.46108740e-25
 1.04000000e+01  7.64027664e+09  4.91853000e+12  1.56400320e-25
 1.05000000e+01  8.01309824e+09  4.84005000e+12  1.66691900e-25
 1.06000000e+01  8.58844334e+09  4.77069000e+12  1.81257980e-25
 1.07000000e+01  9.14371980e+09  4.70133000e+12  1.95824060e-25
 1.08000000e+01  9.67892763e+09  4.63197000e+12  2.10390140e-25
 1.09000000e+01  1.01940668e+10  4.56261000e+12  2.24956220e-25
 1.10000000e+01  1.06891374e+10  4.49325000e+12  2.39522300e-25
 1.11000000e+01  1.12400294e+10  4.42854000e+12  2.55546980e-25
 1.12000000e+01  1.17703233e+10  4.36383000e+12  2.71571660e-25
 1.13000000e+01  1.22800192e+10  4.29912000e+12  2.87596340e-25
 1.14000000e+01  1.27691169e+10  4.23441000e+12  3.03621020e-25
 1.15000000e+01  1.32376166e+10  4.16970000e+12  3.19645700e-25
 1.16000000e+01  1.27093555e+10  4.11075000e+12  3.11290840e-25
 1.17000000e+01  1.21908779e+10  4.05180000e+12  3.02935980e-25
 1.18000000e+01  1.16821836e+10  3.99285000e+12  2.94581120e-25
 1.19000000e+01  1.11832727e+10  3.93390000e+12  2.86226260e-25
 1.20000000e+01  1.06941451e+10  3.87495000e+12  2.77871400e-25
 1.21000000e+01  9.95896933e+09  3.82458000e+12  2.62176960e-25
 1.22000000e+01  9.23949657e+09  3.77421000e+12  2.46482520e-25
 1.23000000e+01  8.53572685e+09  3.72384000e+12  2.30788080e-25
 1.24000000e+01  7.84766017e+09  3.67347000e+12  2.15093640e-25
 1.25000000e+01  7.17529654e+09  3.62310000e+12  1.99399200e-25
 1.26000000e+01  6.65048094e+09  3.57495000e+12  1.87303960e-25
 1.27000000e+01  6.13723384e+09  3.52680000e+12  1.75208720e-25
 1.28000000e+01  5.63555523e+09  3.47865000e+12  1.63113480e-25
 1.29000000e+01  5.14544512e+09  3.43050000e+12  1.51018240e-25
 1.30000000e+01  4.66690350e+09  3.38235000e+12  1.38923000e-25
 1.31000000e+01  4.33623520e+09  3.33891000e+12  1.30759122e-25
 1.32000000e+01  4.01261144e+09  3.29547000e+12  1.22595244e-25
 1.33000000e+01  3.69603221e+09  3.25203000e+12  1.14431366e-25
 1.34000000e+01  3.38649752e+09  3.20859000e+12  1.06267488e-25
 1.35000000e+01  3.08400737e+09  3.16515000e+12  9.81036100e-26
 1.36000000e+01  2.90667291e+09  3.12834300e+12  9.35504060e-26
 1.37000000e+01  2.73266745e+09  3.09153600e+12  8.89972020e-26
 1.38000000e+01  2.56199098e+09  3.05472900e+12  8.44439980e-26
 1.39000000e+01  2.39464352e+09  3.01792200e+12  7.98907940e-26
 1.40000000e+01  2.23062505e+09  2.98111500e+12  7.53375900e-26
 1.41000000e+01  2.11825756e+09  2.94529200e+12  7.24126240e-26
 1.42000000e+01  2.00797144e+09  2.90946900e+12  6.94876580e-26
 1.43000000e+01  1.89976668e+09  2.87364600e+12  6.65626920e-26
 1.44000000e+01  1.79364330e+09  2.83782300e+12  6.36377260e-26
 1.45000000e+01  1.68960128e+09  2.80200000e+12  6.07127600e-26
 1.46000000e+01  1.59894864e+09  2.76854700e+12  5.81495680e-26
 1.47000000e+01  1.50999928e+09  2.73509400e+12  5.55863760e-26
 1.48000000e+01  1.42275318e+09  2.70164100e+12  5.30231840e-26
 1.49000000e+01  1.33721034e+09  2.66818800e+12  5.04599920e-26
 1.50000000e+01  1.25337077e+09  2.63473500e+12  4.78968000e-26
 1.51000000e+01  1.17942810e+09  2.60390100e+12  4.56048340e-26
 1.52000000e+01  1.10688922e+09  2.57306700e+12  4.33128680e-26
 1.53000000e+01  1.03575414e+09  2.54223300e+12  4.10209020e-26
 1.54000000e+01  9.66022862e+08  2.51139900e+12  3.87289360e-26
 1.55000000e+01  8.97695377e+08  2.48056500e+12  3.64369700e-26
 1.56000000e+01  8.40081079e+08  2.45052300e+12  3.45164640e-26
 1.57000000e+01  7.83612851e+08  2.42048100e+12  3.25959580e-26
 1.58000000e+01  7.28290690e+08  2.39043900e+12  3.06754520e-26
 1.59000000e+01  6.74114599e+08  2.36039700e+12  2.87549460e-26
 1.60000000e+01  6.21084576e+08  2.33035500e+12  2.68344400e-26
 1.61000000e+01  5.82204505e+08  2.30473800e+12  2.54341880e-26
 1.62000000e+01  5.44036960e+08  2.27912100e+12  2.40339360e-26
 1.63000000e+01  5.06581941e+08  2.25350400e+12  2.26336840e-26
 1.64000000e+01  4.69839447e+08  2.22788700e+12  2.12334320e-26
 1.65000000e+01  4.33809480e+08  2.20227000e+12  1.98331800e-26
 1.66000000e+01  4.07640362e+08  2.17828200e+12  1.88419980e-26
 1.67000000e+01  3.81943539e+08  2.15429400e+12  1.78508160e-26
 1.68000000e+01  3.56719011e+08  2.13030600e+12  1.68596340e-26
 1.69000000e+01  3.31966778e+08  2.10631800e+12  1.58684520e-26
 1.70000000e+01  3.07686841e+08  2.08233000e+12  1.48772700e-26
 1.71000000e+01  2.90703176e+08  2.05887600e+12  1.42161980e-26
 1.72000000e+01  2.74027498e+08  2.03542200e+12  1.35551260e-26
 1.73000000e+01  2.57659806e+08  2.01196800e+12  1.28940540e-26
 1.74000000e+01  2.41600101e+08  1.98851400e+12  1.22329820e-26
 1.75000000e+01  2.25848383e+08  1.96506000e+12  1.15719100e-26
 1.76000000e+01  2.14186570e+08  1.94289900e+12  1.10995632e-26
 1.77000000e+01  2.02732686e+08  1.92073800e+12  1.06272164e-26
 1.78000000e+01  1.91486732e+08  1.89857700e+12  1.01548696e-26
 1.79000000e+01  1.80448708e+08  1.87641600e+12  9.68252280e-27
 1.80000000e+01  1.69618614e+08  1.85425500e+12  9.21017600e-27
 1.81000000e+01  1.61524523e+08  1.83415200e+12  8.86680220e-27
 1.82000000e+01  1.53567549e+08  1.81404900e+12  8.52342840e-27
 1.83000000e+01  1.45747693e+08  1.79394600e+12  8.18005460e-27
 1.84000000e+01  1.38064956e+08  1.77384300e+12  7.83668080e-27
 1.85000000e+01  1.30519336e+08  1.75374000e+12  7.49330700e-27
 1.86000000e+01  1.24956005e+08  1.73730000e+12  7.24179440e-27
 1.87000000e+01  1.19474809e+08  1.72086000e+12  6.99028180e-27
 1.88000000e+01  1.14075748e+08  1.70442000e+12  6.73876920e-27
 1.89000000e+01  1.08758822e+08  1.68798000e+12  6.48725660e-27
 1.90000000e+01  1.03524031e+08  1.67154000e+12  6.23574400e-27
 1.91000000e+01  9.92116247e+07  1.65317700e+12  6.04236680e-27
 1.92000000e+01  9.49697554e+07  1.63481400e+12  5.84898960e-27
 1.93000000e+01  9.07984227e+07  1.61645100e+12  5.65561240e-27
 1.94000000e+01  8.66976267e+07  1.59808800e+12  5.46223520e-27
 1.95000000e+01  8.26673674e+07  1.57972500e+12  5.26885800e-27
 1.96000000e+01  7.93796040e+07  1.56261600e+12  5.11470440e-27
 1.97000000e+01  7.61442301e+07  1.54550700e+12  4.96055080e-27
 1.98000000e+01  7.29612458e+07  1.52839800e+12  4.80639720e-27
 1.99000000e+01  6.98306509e+07  1.51128900e+12  4.65224360e-27
 2.00000000e+01  6.67524456e+07  1.49418000e+12  4.49809000e-27
 2.01000000e+01  6.44494555e+07  1.47923700e+12  4.38677510e-27
 2.02000000e+01  6.21795068e+07  1.46429400e+12  4.27546020e-27
 2.03000000e+01  5.99425993e+07  1.44935100e+12  4.16414530e-27
 2.04000000e+01  5.77387331e+07  1.43440800e+12  4.05283040e-27
 2.05000000e+01  5.55679083e+07  1.41946500e+12  3.94151550e-27
 2.06000000e+01  5.34429067e+07  1.40485800e+12  3.83020060e-27
 2.07000000e+01  5.13502035e+07  1.39025100e+12  3.71888570e-27
 2.08000000e+01  4.92897986e+07  1.37564400e+12  3.60757080e-27
 2.09000000e+01  4.72616920e+07  1.36103700e+12  3.49625590e-27
 2.10000000e+01  4.52658839e+07  1.34643000e+12  3.38494100e-27
 2.11000000e+01  4.38346995e+07  1.33330200e+12  3.31019350e-27
 2.12000000e+01  4.24230074e+07  1.32017400e+12  3.23544600e-27
 2.13000000e+01  4.10308076e+07  1.30704600e+12  3.16069850e-27
 2.14000000e+01  3.96580999e+07  1.29391800e+12  3.08595100e-27
 2.15000000e+01  3.83048845e+07  1.28079000e+12  3.01120350e-27
 2.16000000e+01  3.69574246e+07  1.26719100e+12  2.93645600e-27
 2.17000000e+01  3.56301563e+07  1.25359200e+12  2.86170850e-27
 2.18000000e+01  3.43230795e+07  1.23999300e+12  2.78696100e-27
 2.19000000e+01  3.30361944e+07  1.22639400e+12  2.71221350e-27
 2.20000000e+01  3.17695007e+07  1.21279500e+12  2.63746600e-27
 2.21000000e+01  3.07657706e+07  1.19910000e+12  2.58330850e-27
 2.22000000e+01  2.97767734e+07  1.18540500e+12  2.52915100e-27
 2.23000000e+01  2.88025090e+07  1.17171000e+12  2.47499350e-27
 2.24000000e+01  2.78429775e+07  1.15801500e+12  2.42083600e-27
 2.25000000e+01  2.68981788e+07  1.14432000e+12  2.36667850e-27
 2.26000000e+01  2.60093174e+07  1.13241900e+12  2.31252100e-27
 2.27000000e+01  2.51332589e+07  1.12051800e+12  2.25836350e-27
 2.28000000e+01  2.42700033e+07  1.10861700e+12  2.20420600e-27
 2.29000000e+01  2.34195507e+07  1.09671600e+12  2.15004850e-27
 2.30000000e+01  2.25819009e+07  1.08481500e+12  2.09589100e-27
 2.31000000e+01  2.19489720e+07  1.07436000e+12  2.05697130e-27
 2.32000000e+01  2.13241259e+07  1.06390500e+12  2.01805160e-27
 2.33000000e+01  2.07073626e+07  1.05345000e+12  1.97913190e-27
 2.34000000e+01  2.00986820e+07  1.04299500e+12  1.94021220e-27
 2.35000000e+01  1.94980842e+07  1.03254000e+12  1.90129250e-27
 2.36000000e+01  1.88943600e+07  1.02147900e+12  1.86237280e-27
 2.37000000e+01  1.82991869e+07  1.01041800e+12  1.82345310e-27
 2.38000000e+01  1.77125652e+07  9.99357000e+11  1.78453340e-27
 2.39000000e+01  1.71344947e+07  9.88296000e+11  1.74561370e-27
 2.40000000e+01  1.65649755e+07  9.77235000e+11  1.70669400e-27
 2.41000000e+01  1.60735471e+07  9.66231000e+11  1.67492220e-27
 2.42000000e+01  1.55890636e+07  9.55227000e+11  1.64315040e-27
 2.43000000e+01  1.51115248e+07  9.44223000e+11  1.61137860e-27
 2.44000000e+01  1.46409308e+07  9.33219000e+11  1.57960680e-27
 2.45000000e+01  1.41772816e+07  9.22215000e+11  1.54783500e-27
 2.46000000e+01  1.37374717e+07  9.12333000e+11  1.51606320e-27
 2.47000000e+01  1.33038985e+07  9.02451000e+11  1.48429140e-27
 2.48000000e+01  1.28765620e+07  8.92569000e+11  1.45251960e-27
 2.49000000e+01  1.24554621e+07  8.82687000e+11  1.42074780e-27
 2.50000000e+01  1.20405989e+07  8.72805000e+11  1.38897600e-27
 2.51000000e+01  1.17006509e+07  8.63010000e+11  1.36507990e-27
 2.52000000e+01  1.13653523e+07  8.53215000e+11  1.34118380e-27
 2.53000000e+01  1.10347031e+07  8.43420000e+11  1.31728770e-27
 2.54000000e+01  1.07087034e+07  8.33625000e+11  1.29339160e-27
 2.55000000e+01  1.03873530e+07  8.23830000e+11  1.26949550e-27
 2.56000000e+01  1.00812666e+07  8.14893000e+11  1.24559940e-27
 2.57000000e+01  9.77942233e+06  8.05956000e+11  1.22170330e-27
 2.58000000e+01  9.48182020e+06  7.97019000e+11  1.19780720e-27
 2.59000000e+01  9.18846022e+06  7.88082000e+11  1.17391110e-27
 2.60000000e+01  8.89934237e+06  7.79145000e+11  1.15001500e-27
 2.61000000e+01  8.67256519e+06  7.71438000e+11  1.13190616e-27
 2.62000000e+01  8.44856033e+06  7.63731000e+11  1.11379732e-27
 2.63000000e+01  8.22732778e+06  7.56024000e+11  1.09568848e-27
 2.64000000e+01  8.00886754e+06  7.48317000e+11  1.07757964e-27
 2.65000000e+01  7.79317961e+06  7.40610000e+11  1.05947080e-27
 2.66000000e+01  7.57861949e+06  7.32744000e+11  1.04136196e-27
 2.67000000e+01  7.36688887e+06  7.24878000e+11  1.02325312e-27
 2.68000000e+01  7.15798776e+06  7.17012000e+11  1.00514428e-27
 2.69000000e+01  6.95191616e+06  7.09146000e+11  9.87035440e-28
 2.70000000e+01  6.74867407e+06  7.01280000e+11  9.68926600e-28
 2.71000000e+01  6.57649943e+06  6.93492000e+11  9.54810550e-28
 2.72000000e+01  6.40650854e+06  6.85704000e+11  9.40694500e-28
 2.73000000e+01  6.23870143e+06  6.77916000e+11  9.26578450e-28
 2.74000000e+01  6.07307807e+06  6.70128000e+11  9.12462400e-28
 2.75000000e+01  5.90963847e+06  6.62340000e+11  8.98346350e-28
 2.76000000e+01  5.75452137e+06  6.55251000e+11  8.84230300e-28
 2.77000000e+01  5.60139203e+06  6.48162000e+11  8.70114250e-28
 2.78000000e+01  5.45025045e+06  6.41073000e+11  8.55998200e-28
 2.79000000e+01  5.30109663e+06  6.33984000e+11  8.41882150e-28
 2.80000000e+01  5.15393058e+06  6.26895000e+11  8.27766100e-28
 2.81000000e+01  5.01138979e+06  6.18900000e+11  8.15270220e-28
 2.82000000e+01  4.87083349e+06  6.10905000e+11  8.02774340e-28
 2.83000000e+01  4.73226170e+06  6.02910000e+11  7.90278460e-28
 2.84000000e+01  4.59567442e+06  5.94915000e+11  7.77782580e-28
 2.85000000e+01  4.46107163e+06  5.86920000e+11  7.65286700e-28
 2.86000000e+01  4.33729081e+06  5.80107000e+11  7.52790820e-28
 2.87000000e+01  4.21520111e+06  5.73294000e+11  7.40294940e-28
 2.88000000e+01  4.09480251e+06  5.66481000e+11  7.27799060e-28
 2.89000000e+01  3.97609501e+06  5.59668000e+11  7.15303180e-28
 2.90000000e+01  3.85907863e+06  5.52855000e+11  7.02807300e-28
 2.91000000e+01  3.76720751e+06  5.46762000e+11  6.93721410e-28
 2.92000000e+01  3.67643607e+06  5.40669000e+11  6.84635520e-28
 2.93000000e+01  3.58676431e+06  5.34576000e+11  6.75549630e-28
 2.94000000e+01  3.49819222e+06  5.28483000e+11  6.66463740e-28
 2.95000000e+01  3.41071981e+06  5.22390000e+11  6.57377850e-28
 2.96000000e+01  3.31808853e+06  5.15325000e+11  6.48291960e-28
 2.97000000e+01  3.22673236e+06  5.08260000e+11  6.39206070e-28
 2.98000000e+01  3.13665129e+06  5.01195000e+11  6.30120180e-28
 2.99000000e+01  3.04784533e+06  4.94130000e+11  6.21034290e-28
 3.00000000e+01  2.96031447e+06  4.87065000e+11  6.11948400e-28
 3.01000000e+01  2.89049836e+06  4.80789000e+11  6.05315900e-28
 3.02000000e+01  2.82150909e+06  4.74513000e+11  5.98683400e-28
 3.03000000e+01  2.75334667e+06  4.68237000e+11  5.92050900e-28
 3.04000000e+01  2.68601110e+06  4.61961000e+11  5.85418400e-28
 3.05000000e+01  2.61950238e+06  4.55685000e+11  5.78785900e-28
 3.06000000e+01  2.55497976e+06  4.49613000e+11  5.72153400e-28
 3.07000000e+01  2.49125712e+06  4.43541000e+11  5.65520900e-28
 3.08000000e+01  2.42833445e+06  4.37469000e+11  5.58888400e-28
 3.09000000e+01  2.36621175e+06  4.31397000e+11  5.52255900e-28
 3.10000000e+01  2.30488903e+06  4.25325000e+11  5.45623400e-28
 3.11000000e+01  2.24568317e+06  4.19499000e+11  5.38990900e-28
 3.12000000e+01  2.18724488e+06  4.13673000e+11  5.32358400e-28
 3.13000000e+01  2.12957415e+06  4.07847000e+11  5.25725900e-28
 3.14000000e+01  2.07267099e+06  4.02021000e+11  5.19093400e-28
 3.15000000e+01  2.01653539e+06  3.96195000e+11  5.12460900e-28
 3.16000000e+01  1.96042884e+06  3.90222000e+11  5.05828400e-28
 3.17000000e+01  1.90510921e+06  3.84249000e+11  4.99195900e-28
 3.18000000e+01  1.85057652e+06  3.78276000e+11  4.92563400e-28
 3.19000000e+01  1.79683076e+06  3.72303000e+11  4.85930900e-28
 3.20000000e+01  1.74387193e+06  3.66330000e+11  4.79298400e-28
 3.21000000e+01  1.69529804e+06  3.59910000e+11  4.74259485e-28
 3.22000000e+01  1.64736675e+06  3.53490000e+11  4.69220570e-28
 3.23000000e+01  1.60007806e+06  3.47070000e+11  4.64181655e-28
 3.24000000e+01  1.55343196e+06  3.40650000e+11  4.59142740e-28
 3.25000000e+01  1.50742846e+06  3.34230000e+11  4.54103825e-28
 3.26000000e+01  1.46663292e+06  3.28833600e+11  4.49064910e-28
 3.27000000e+01  1.42637752e+06  3.23437200e+11  4.44025995e-28
 3.28000000e+01  1.38666227e+06  3.18040800e+11  4.38987080e-28
 3.29000000e+01  1.34748715e+06  3.12644400e+11  4.33948165e-28
 3.30000000e+01  1.30885217e+06  3.07248000e+11  4.28909250e-28
 3.31000000e+01  1.27228805e+06  3.02215200e+11  4.23870335e-28
 3.32000000e+01  1.23622768e+06  2.97182400e+11  4.18831420e-28
 3.33000000e+01  1.20067105e+06  2.92149600e+11  4.13792505e-28
 3.34000000e+01  1.16561817e+06  2.87116800e+11  4.08753590e-28
 3.35000000e+01  1.13106903e+06  2.82084000e+11  4.03714675e-28
 3.36000000e+01  1.09406698e+06  2.76304500e+11  3.98675760e-28
 3.37000000e+01  1.05764342e+06  2.70525000e+11  3.93636845e-28
 3.38000000e+01  1.02179834e+06  2.64745500e+11  3.88597930e-28
 3.39000000e+01  9.86531746e+05  2.58966000e+11  3.83559015e-28
 3.40000000e+01  9.51843642e+05  2.53186500e+11  3.78520100e-28
 3.41000000e+01  9.24630583e+05  2.48150400e+11  3.75160540e-28
 3.42000000e+01  8.97753603e+05  2.43114300e+11  3.71800980e-28
 3.43000000e+01  8.71212704e+05  2.38078200e+11  3.68441420e-28
 3.44000000e+01  8.45007885e+05  2.33042100e+11  3.65081860e-28
 3.45000000e+01  8.19139146e+05  2.28006000e+11  3.61722300e-28
 3.46000000e+01  7.93162293e+05  2.22845100e+11  3.58362740e-28
 3.47000000e+01  7.67529848e+05  2.17684200e+11  3.55003180e-28
 3.48000000e+01  7.42241812e+05  2.12523300e+11  3.51643620e-28
 3.49000000e+01  7.17298184e+05  2.07362400e+11  3.48284060e-28
 3.50000000e+01  6.92698964e+05  2.02201500e+11  3.44924500e-28
 3.51000000e+01  6.67083455e+05  1.96639500e+11  3.41564940e-28
 3.52000000e+01  6.41839121e+05  1.91077500e+11  3.38205380e-28
 3.53000000e+01  6.16965962e+05  1.85515500e+11  3.34845820e-28
 3.54000000e+01  5.92463980e+05  1.79953500e+11  3.31486260e-28
 3.55000000e+01  5.68333173e+05  1.74391500e+11  3.28126700e-28
 3.56000000e+01  5.47711711e+05  1.69802400e+11  3.24767140e-28
 3.57000000e+01  5.27396499e+05  1.65213300e+11  3.21407580e-28
 3.58000000e+01  5.07387538e+05  1.60624200e+11  3.18048020e-28
 3.59000000e+01  4.87684826e+05  1.56035100e+11  3.14688460e-28
 3.60000000e+01  4.68288364e+05  1.51446000e+11  3.11328900e-28
 3.61000000e+01  4.49294239e+05  1.46553000e+11  3.08673975e-28
 3.62000000e+01  4.30558158e+05  1.41660000e+11  3.06019050e-28
 3.63000000e+01  4.12080120e+05  1.36767000e+11  3.03364125e-28
 3.64000000e+01  3.93860127e+05  1.31874000e+11  3.00709200e-28
 3.65000000e+01  3.75898178e+05  1.26981000e+11  2.98054275e-28
 3.66000000e+01  3.56688300e+05  1.21574700e+11  2.95399350e-28
 3.67000000e+01  3.37763536e+05  1.16168400e+11  2.92744425e-28
 3.68000000e+01  3.19123887e+05  1.10762100e+11  2.90089500e-28
 3.69000000e+01  3.00769351e+05  1.05355800e+11  2.87434575e-28
 3.70000000e+01  2.82699929e+05  9.99495000e+10  2.84779650e-28
 3.71000000e+01  2.65710005e+05  9.48267000e+10  2.82124725e-28
 3.72000000e+01  2.48990244e+05  8.97039000e+10  2.79469800e-28
 3.73000000e+01  2.32540646e+05  8.45811000e+10  2.76814875e-28
 3.74000000e+01  2.16361211e+05  7.94583000e+10  2.74159950e-28
 3.75000000e+01  2.00451939e+05  7.43355000e+10  2.71505025e-28
 3.76000000e+01  1.86299605e+05  6.97695000e+10  2.68850100e-28
 3.77000000e+01  1.72388071e+05  6.52035000e+10  2.66195175e-28
 3.78000000e+01  1.58717335e+05  6.06375000e+10  2.63540250e-28
 3.79000000e+01  1.45287398e+05  5.60715000e+10  2.60885325e-28
 3.80000000e+01  1.32098260e+05  5.15055000e+10  2.58230400e-28
 3.81000000e+01  1.20965673e+05  4.74698100e+10  2.56571570e-28
 3.82000000e+01  1.09966066e+05  4.34341200e+10  2.54912740e-28
 3.83000000e+01  9.90994392e+04  3.93984300e+10  2.53253910e-28
 3.84000000e+01  8.83657920e+04  3.53627400e+10  2.51595080e-28
 3.85000000e+01  7.77651245e+04  3.13270500e+10  2.49936250e-28
 3.86000000e+01  6.91867263e+04  2.80575300e+10  2.48277420e-28
 3.87000000e+01  6.07160619e+04  2.47880100e+10  2.46618590e-28
 3.88000000e+01  5.23531313e+04  2.15184900e+10  2.44959760e-28
 3.89000000e+01  4.40979345e+04  1.82489700e+10  2.43300930e-28
 3.90000000e+01  3.59504715e+04  1.49794500e+10  2.41642100e-28
 3.91000000e+01  3.10917136e+04  1.30445040e+10  2.39983270e-28
 3.92000000e+01  2.62967140e+04  1.11095580e+10  2.38324440e-28
 3.93000000e+01  2.15654728e+04  9.17461200e+09  2.36665610e-28
 3.94000000e+01  1.68979898e+04  7.23966600e+09  2.35006780e-28
 3.95000000e+01  1.22942652e+04  5.30472000e+09  2.33347950e-28
 3.96000000e+01  1.02341519e+04  4.44744000e+09  2.31689120e-28
 3.97000000e+01  8.20228684e+03  3.59016000e+09  2.30030290e-28
 3.98000000e+01  6.19866995e+03  2.73288000e+09  2.28371460e-28
 3.99000000e+01  4.22330125e+03  1.87560000e+09  2.26712630e-28
 4.00000000e+01  2.27618075e+03  1.01832000e+09  2.25053800e-28
 4.01000000e+01  1.80897499e+03  8.14656000e+08  2.23574455e-28
 4.02000000e+01  1.34775404e+03  6.10992000e+08  2.22095110e-28
 4.03000000e+01  8.92517890e+02  4.07328000e+08  2.20615765e-28
 4.04000000e+01  4.43266544e+02  2.03664000e+08  2.19136420e-28
 4.05000000e+01  0.00000000e+00  0.00000000e+00  2.17657075e-28
 4.06000000e+01  0.00000000e+00  0.00000000e+00  2.16177730e-28
 4.07000000e+01  0.00000000e+00  0.00000000e+00  2.14698385e-28
 4.08000000e+01  0.00000000e+00  0.00000000e+00  2.13219040e-28
 4.09000000e+01  0.00000000e+00  0.00000000e+00  2.11739695e-28
 4.10000000e+01  0.00000000e+00  0.00000000e+00  2.10260350e-28
 4.11000000e+01  0.00000000e+00  0.00000000e+00  2.08781005e-28
 4.12000000e+01  0.00000000e+00  0.00000000e+00  2.07301660e-28
 4.13000000e+01  0.00000000e+00  0.00000000e+00  2.05822315e-28
 4.14000000e+01  0.00000000e+00  0.00000000e+00  2.04342970e-28
 4.15000000e+01  0.00000000e+00  0.00000000e+00  2.02863625e-28
 4.16000000e+01  0.00000000e+00  0.00000000e+00  2.01384280e-28
 4.17000000e+01  0.00000000e+00  0.00000000e+00  1.99904935e-28
 4.18000000e+01  0.00000000e+00  0.00000000e+00  1.98425590e-28
 4.19000000e+01  0.00000000e+00  0.00000000e+00  1.96946245e-28
 4.20000000e+01  0.00000000e+00  0.00000000e+00  1.95466900e-28
 4.21000000e+01  0.00000000e+00  0.00000000e+00  1.94360320e-28
 4.22000000e+01  0.00000000e+00  0.00000000e+00  1.93253740e-28
 4.23000000e+01  0.00000000e+00  0.00000000e+00  1.92147160e-28
 4.24000000e+01  0.00000000e+00  0.00000000e+00  1.91040580e-28
 4.25000000e+01  0.00000000e+00  0.00000000e+00  1.89934000e-28
 4.26000000e+01  0.00000000e+00  0.00000000e+00  1.88827420e-28
 4.27000000e+01  0.00000000e+00  0.00000000e+00  1.87720840e-28
 4.28000000e+01  0.00000000e+00  0.00000000e+00  1.86614260e-28
 4.29000000e+01  0.00000000e+00  0.00000000e+00  1.85507680e-28
 4.30000000e+01  0.00000000e+00  0.00000000e+00  1.84401100e-28
 4.31000000e+01  0.00000000e+00  0.00000000e+00  1.83294520e-28
 4.32000000e+01  0.00000000e+00  0.00000000e+00  1.82187940e-28
 4.33000000e+01  0.00000000e+00  0.00000000e+00  1.81081360e-28
 4.34000000e+01  0.00000000e+00  0.00000000e+00  1.79974780e-28
 4.35000000e+01  0.00000000e+00  0.00000000e+00  1.78868200e-28
 4.36000000e+01  0.00000000e+00  0.00000000e+00  1.77761620e-28
 4.37000000e+01  0.00000000e+00  0.00000000e+00  1.76655040e-28
 4.38000000e+01  0.00000000e+00  0.00000000e+00  1.75548460e-28
 4.39000000e+01  0.00000000e+00  0.00000000e+00  1.74441880e-28
 4.40000000e+01  0.00000000e+00  0.00000000e+00  1.73335300e-28
 4.41000000e+01  0.00000000e+00  0.00000000e+00  1.72441315e-28
 4.42000000e+01  0.00000000e+00  0.00000000e+00  1.71547330e-28
 4.43000000e+01  0.00000000e+00  0.00000000e+00  1.70653345e-28
 4.44000000e+01  0.00000000e+00  0.00000000e+00  1.69759360e-28
 4.45000000e+01  0.00000000e+00  0.00000000e+00  1.68865375e-28
 4.46000000e+01  0.00000000e+00  0.00000000e+00  1.67971390e-28
 4.47000000e+01  0.00000000e+00  0.00000000e+00  1.67077405e-28
 4.48000000e+01  0.00000000e+00  0.00000000e+00  1.66183420e-28
 4.49000000e+01  0.00000000e+00  0.00000000e+00  1.65289435e-28
 4.50000000e+01  0.00000000e+00  0.00000000e+00  1.64395450e-28
 4.51000000e+01  0.00000000e+00  0.00000000e+00  1.63501465e-28
 4.52000000e+01  0.00000000e+00  0.00000000e+00  1.62607480e-28
 4.53000000e+01  0.00000000e+00  0.00000000e+00  1.61713495e-28
 4.54000000e+01  0.00000000e+00  0.00000000e+00  1.60819510e-28
 4.55000000e+01  0.00000000e+00  0.00000000e+00  1.59925525e-28
 4.56000000e+01  0.00000000e+00  0.00000000e+00  1.59031540e-28
 4.57000000e+01  0.00000000e+00  0.00000000e+00  1.58137555e-28
 4.58000000e+01  0.00000000e+00  0.00000000e+00  1.57243570e-28
 4.59000000e+01  0.00000000e+00  0.00000000e+00  1.56349585e-28
 4.60000000e+01  0.00000000e+00  0.00000000e+00  1.55455600e-28
 4.61000000e+01  0.00000000e+00  0.00000000e+00  1.54835485e-28
 4.62000000e+01  0.00000000e+00  0.00000000e+00  1.54215370e-28
 4.63000000e+01  0.00000000e+00  0.00000000e+00  1.53595255e-28
 4.64000000e+01  0.00000000e+00  0.00000000e+00  1.52975140e-28
 4.65000000e+01  0.00000000e+00  0.00000000e+00  1.52355025e-28
 4.66000000e+01  0.00000000e+00  0.00000000e+00  1.51734910e-28
 4.67000000e+01  0.00000000e+00  0.00000000e+00  1.51114795e-28
 4.68000000e+01  0.00000000e+00  0.00000000e+00  1.50494680e-28
 4.69000000e+01  0.00000000e+00  0.00000000e+00  1.49874565e-28
 4.70000000e+01  0.00000000e+00  0.00000000e+00  1.49254450e-28
 4.71000000e+01  0.00000000e+00  0.00000000e+00  1.48634335e-28
 4.72000000e+01  0.00000000e+00  0.00000000e+00  1.48014220e-28
 4.73000000e+01  0.00000000e+00  0.00000000e+00  1.47394105e-28
 4.74000000e+01  0.00000000e+00  0.00000000e+00  1.46773990e-28
 4.75000000e+01  0.00000000e+00  0.00000000e+00  1.46153875e-28
 4.76000000e+01  0.00000000e+00  0.00000000e+00  1.45533760e-28
 4.77000000e+01  0.00000000e+00  0.00000000e+00  1.44913645e-28
 4.78000000e+01  0.00000000e+00  0.00000000e+00  1.44293530e-28
 4.79000000e+01  0.00000000e+00  0.00000000e+00  1.43673415e-28
 4.80000000e+01  0.00000000e+00  0.00000000e+00  1.43053300e-28
 4.81000000e+01  0.00000000e+00  0.00000000e+00  1.42414940e-28
 4.82000000e+01  0.00000000e+00  0.00000000e+00  1.41776580e-28
 4.83000000e+01  0.00000000e+00  0.00000000e+00  1.41138220e-28
 4.84000000e+01  0.00000000e+00  0.00000000e+00  1.40499860e-28
 4.85000000e+01  0.00000000e+00  0.00000000e+00  1.39861500e-28
 4.86000000e+01  0.00000000e+00  0.00000000e+00  1.39223140e-28
 4.87000000e+01  0.00000000e+00  0.00000000e+00  1.38584780e-28
 4.88000000e+01  0.00000000e+00  0.00000000e+00  1.37946420e-28
 4.89000000e+01  0.00000000e+00  0.00000000e+00  1.37308060e-28
 4.90000000e+01  0.00000000e+00  0.00000000e+00  1.36669700e-28
 4.91000000e+01  0.00000000e+00  0.00000000e+00  1.36031340e-28
 4.92000000e+01  0.00000000e+00  0.00000000e+00  1.35392980e-28
 4.93000000e+01  0.00000000e+00  0.00000000e+00  1.34754620e-28
 4.94000000e+01  0.00000000e+00  0.00000000e+00  1.34116260e-28
 4.95000000e+01  0.00000000e+00  0.00000000e+00  1.33477900e-28
 4.96000000e+01  0.00000000e+00  0.00000000e+00  1.32839540e-28
 4.97000000e+01  0.00000000e+00  0.00000000e+00  1.32201180e-28
 4.98000000e+01  0.00000000e+00  0.00000000e+00  1.31562820e-28
 4.99000000e+01  0.00000000e+00  0.00000000e+00  1.30924460e-28
 5.00000000e+01  0.00000000e+00  0.00000000e+00  1.30286100e-28
