# energy(MeV) dYield(atoms/MeV/s) photonFlux(photons/MeV/uA/s) crossSection(mb)
# 501 4
# 501 4
 0.00000000e+00  0.00000000e+00  5.89530000e+13  0.00000000e+00
 1.00000000e-01  0.00000000e+00  6.02151000e+13  0.00000000e+00
 2.00000000e-01  0.00000000e+00  6.14772000e+13  0.00000000e+00
 3.00000000e-01  0.00000000e+00  6.27393000e+13  0.00000000e+00
 4.00000000e-01  0.00000000e+00  6.40014000e+13  0.00000000e+00
 5.00000000e-01  0.00000000e+00  6.52635000e+13  0.00000000e+00
 6.00000000e-01  0.00000000e+00  6.38106000e+13  0.00000000e+00
 7.00000000e-01  0.00000000e+00  6.23577000e+13  0.00000000e+00
 8.00000000e-01  0.00000000e+00  6.09048000e+13  0.00000000e+00
 9.00000000e-01  0.00000000e+00  5.94519000e+13  0.00000000e+00
 1.00000000e+00  0.00000000e+00  5.79990000e+13  0.00000000e+00
 1.10000000e+00  0.00000000e+00  5.40351000e+13  0.00000000e+00
 1.20000000e+00  0.00000000e+00  5.00712000e+13  0.00000000e+00
 1.30000000e+00  0.00000000e+00  4.61073000e+13  0.00000000e+00
 1.40000000e+00  0.00000000e+00  4.21434000e+13  0.00000000e+00
 1.50000000e+00  0.00000000e+00  3.81795000e+13  0.00000000e+00
 1.60000000e+00  0.00000000e+00  3.61724400e+13  0.00000000e+00
 1.70000000e+00  0.00000000e+00  3.41653800e+13  0.00000000e+00
 1.80000000e+00  0.00000000e+00  3.21583200e+13  0.00000000e+00
 1.90000000e+00  0.00000000e+00  3.01512600e+13  0.00000000e+00
 2.00000000e+00  0.00000000e+00  2.81442000e+13  0.00000000e+00
 2.10000000e+00  0.00000000e+00  2.68848600e+13  0.00000000e+00
 2.20000000e+00  0.00000000e+00  2.56255200e+13  0.00000000e+00
 2.30000000e+00  0.00000000e+00  2.43661800e+13  0.00000000e+00
 2.40000000e+00  0.00000000e+00  2.31068400e+13  0.00000000e+00
 2.50000000e+00  0.00000000e+00  2.18475000e+13  0.00000000e+00
 2.60000000e+00  0.00000000e+00  2.10066900e+13  0.00000000e+00
 2.70000000e+00  0.00000000e+00  2.01658800e+13  0.00000000e+00
 2.80000000e+00  0.00000000e+00  1.93250700e+13  0.00000000e+00
 2.90000000e+00  0.00000000e+00  1.84842600e+13  0.00000000e+00
 3.00000000e+00  0.00000000e+00  1.76434500e+13  0.00000000e+00
 3.10000000e+00  0.00000000e+00  1.70487600e+13  0.00000000e+00
 3.20000000e+00  0.00000000e+00  1.64540700e+13  0.00000000e+00
 3.30000000e+00  0.00000000e+00  1.58593800e+13  0.00000000e+00
 3.40000000e+00  0.00000000e+00  1.52646900e+13  0.00000000e+00
 3.50000000e+00  0.00000000e+00  1.46700000e+13  0.00000000e+00
 3.60000000e+00  0.00000000e+00  1.42239300e+13  0.00000000e+00
 3.70000000e+00  0.00000000e+00  1.37778600e+13  0.00000000e+00
 3.80000000e+00  0.00000000e+00  1.33317900e+13  0.00000000e+00
 3.90000000e+00  0.00000000e+00  1.28857200e+13  0.00000000e+00
 4.00000000e+00  0.00000000e+00  1.24396500e+13  0.00000000e+00
 4.10000000e+00  0.00000000e+00  1.20996600e+13  0.00000000e+00
 4.20000000e+00  0.00000000e+00  1.17596700e+13  0.00000000e+00
 4.30000000e+00  0.00000000e+00  1.14196800e+13  0.00000000e+00
 4.40000000e+00  0.00000000e+00  1.10796900e+13  0.00000000e+00
 4.50000000e+00  0.00000000e+00  1.07397000e+13  0.00000000e+00
 4.60000000e+00  0.00000000e+00  1.04658300e+13  0.00000000e+00
 4.70000000e+00  0.00000000e+00  1.01919600e+13  0.00000000e+00
 4.80000000e+00  0.00000000e+00  9.91809000e+12  0.00000000e+00
 4.90000000e+00  0.00000000e+00  9.64422000e+12  0.00000000e+00
 5.00000000e+00  0.00000000e+00  9.37035000e+12  0.00000000e+00
 5.10000000e+00  0.00000000e+00  9.14829000e+12  0.00000000e+00
 5.20000000e+00  0.00000000e+00  8.92623000e+12  0.00000000e+00
 5.30000000e+00  0.00000000e+00  8.70417000e+12  0.00000000e+00
 5.40000000e+00  0.00000000e+00  8.48211000e+12  0.00000000e+00
 5.50000000e+00  0.00000000e+00  8.26005000e+12  0.00000000e+00
 5.60000000e+00  0.00000000e+00  8.07753000e+12  0.00000000e+00
 5.70000000e+00  0.00000000e+00  7.89501000e+12  0.00000000e+00
 5.80000000e+00  0.00000000e+00  7.71249000e+12  0.00000000e+00
 5.90000000e+00  0.00000000e+00  7.52997000e+12  0.00000000e+00
 6.00000000e+00  0.00000000e+00  7.34745000e+12  0.00000000e+00
 6.10000000e+00  0.00000000e+00  7.19127000e+12  0.00000000e+00
 6.20000000e+00  0.00000000e+00  7.03509000e+12  0.00000000e+00
 6.30000000e+00  0.00000000e+00  6.87891000e+12  0.00000000e+00
 6.40000000e+00  0.00000000e+00  6.72273000e+12  0.00000000e+00
 6.50000000e+00  0.00000000e+00  6.56655000e+12  0.00000000e+00
 6.60000000e+00  8.13910826e+08  6.44019000e+12  1.27245380e-26
 6.70000000e+00  8.61138081e+08  6.31383000e+12  1.37323160e-26
 6.80000000e+00  9.05835801e+08  6.18747000e+12  1.47400940e-26
 6.90000000e+00  9.48003987e+08  6.06111000e+12  1.57478720e-26
 7.00000000e+00  9.87642639e+08  5.93475000e+12  1.67556500e-26
 7.10000000e+00  1.03219099e+09  5.82642000e+12  1.78370140e-26
 7.20000000e+00  1.07441239e+09  5.71809000e+12  1.89183780e-26
 7.30000000e+00  1.11430684e+09  5.60976000e+12  1.99997420e-26
 7.40000000e+00  1.15187434e+09  5.50143000e+12  2.10811060e-26
 7.50000000e+00  1.18711490e+09  5.39310000e+12  2.21624700e-26
 7.60000000e+00  1.24535283e+09  5.29593000e+12  2.36763120e-26
 7.70000000e+00  1.30066877e+09  5.19876000e+12  2.51901540e-26
 7.80000000e+00  1.35306272e+09  5.10159000e+12  2.67039960e-26
 7.90000000e+00  1.40253468e+09  5.00442000e+12  2.82178380e-26
 8.00000000e+00  1.44908465e+09  4.90725000e+12  2.97316800e-26
 8.10000000e+00  1.52912041e+09  4.82334000e+12  3.19196180e-26
 8.20000000e+00  1.60550934e+09  4.73943000e+12  3.41075560e-26
 8.30000000e+00  1.67825145e+09  4.65552000e+12  3.62954940e-26
 8.40000000e+00  1.74734673e+09  4.57161000e+12  3.84834320e-26
 8.50000000e+00  1.81279519e+09  4.48770000e+12  4.06713700e-26
 8.60000000e+00  1.92340814e+09  4.41369000e+12  4.38766540e-26
 8.70000000e+00  2.02930890e+09  4.33968000e+12  4.70819380e-26
 8.80000000e+00  2.13049746e+09  4.26567000e+12  5.02872220e-26
 8.90000000e+00  2.22697383e+09  4.19166000e+12  5.34925060e-26
 9.00000000e+00  2.31873801e+09  4.11765000e+12  5.66977900e-26
 9.10000000e+00  2.47355365e+09  4.05462000e+12  6.14235700e-26
 9.20000000e+00  2.62245249e+09  3.99159000e+12  6.61493500e-26
 9.30000000e+00  2.76543453e+09  3.92856000e+12  7.08751300e-26
 9.40000000e+00  2.90249976e+09  3.86553000e+12  7.56009100e-26
 9.50000000e+00  3.03364820e+09  3.80250000e+12  8.03266900e-26
 9.60000000e+00  3.24791158e+09  3.74553000e+12  8.73081520e-26
 9.70000000e+00  3.45427438e+09  3.68856000e+12  9.42896140e-26
 9.80000000e+00  3.65273661e+09  3.63159000e+12  1.01271076e-25
 9.90000000e+00  3.84329827e+09  3.57462000e+12  1.08252538e-25
 1.00000000e+01  4.02595935e+09  3.51765000e+12  1.15234000e-25
 1.01000000e+01  4.32085159e+09  3.46578000e+12  1.25525580e-25
 1.02000000e+01  4.60513997e+09  3.41391000e+12  1.35817160e-25
 1.03000000e+01  4.87882447e+09  3.36204000e+12  1.46108740e-25
 1.04000000e+01  5.14190511e+09  3.31017000e+12  1.56400320e-25
 1.05000000e+01  5.39438187e+09  3.25830000e+12  1.66691900e-25
 1.06000000e+01  5.78567269e+09  3.21381300e+12  1.81257980e-25
 1.07000000e+01  6.16409163e+09  3.16932600e+12  1.95824060e-25
 1.08000000e+01  6.52963869e+09  3.12483900e+12  2.10390140e-25
 1.09000000e+01  6.88231387e+09  3.08035200e+12  2.24956220e-25
 1.10000000e+01  7.22211718e+09  3.03586500e+12  2.39522300e-25
 1.11000000e+01  7.59749326e+09  2.99339100e+12  2.55546980e-25
 1.12000000e+01  7.95934928e+09  2.95091700e+12  2.71571660e-25
 1.13000000e+01  8.30768524e+09  2.90844300e+12  2.87596340e-25
 1.14000000e+01  8.64250114e+09  2.86596900e+12  3.03621020e-25
 1.15000000e+01  8.96379698e+09  2.82349500e+12  3.19645700e-25
 1.16000000e+01  8.60873913e+09  2.78443500e+12  3.11290840e-25
 1.17000000e+01  8.26016371e+09  2.74537500e+12  3.02935980e-25
 1.18000000e+01  7.91807071e+09  2.70631500e+12  2.94581120e-25
 1.19000000e+01  7.58246014e+09  2.66725500e+12  2.86226260e-25
 1.20000000e+01  7.25333199e+09  2.62819500e+12  2.77871400e-25
 1.21000000e+01  6.75950806e+09  2.59587900e+12  2.62176960e-25
 1.22000000e+01  6.27575878e+09  2.56356300e+12  2.46482520e-25
 1.23000000e+01  5.80208413e+09  2.53124700e+12  2.30788080e-25
 1.24000000e+01  5.33848413e+09  2.49893100e+12  2.15093640e-25
 1.25000000e+01  4.88495876e+09  2.46661500e+12  1.99399200e-25
 1.26000000e+01  4.53455480e+09  2.43753900e+12  1.87303960e-25
 1.27000000e+01  4.19113662e+09  2.40846300e+12  1.75208720e-25
 1.28000000e+01  3.85470422e+09  2.37938700e+12  1.63113480e-25
 1.29000000e+01  3.52525762e+09  2.35031100e+12  1.51018240e-25
 1.30000000e+01  3.20279680e+09  2.32123500e+12  1.38923000e-25
 1.31000000e+01  2.97453493e+09  2.29039800e+12  1.30759122e-25
 1.32000000e+01  2.75127381e+09  2.25956100e+12  1.22595244e-25
 1.33000000e+01  2.53301344e+09  2.22872400e+12  1.14431366e-25
 1.34000000e+01  2.31975381e+09  2.19788700e+12  1.06267488e-25
 1.35000000e+01  2.11149493e+09  2.16705000e+12  9.81036100e-26
 1.36000000e+01  1.98819158e+09  2.13981600e+12  9.35504060e-26
 1.37000000e+01  1.86735139e+09  2.11258200e+12  8.89972020e-26
 1.38000000e+01  1.74897438e+09  2.08534800e+12  8.44439980e-26
 1.39000000e+01  1.63306054e+09  2.05811400e+12  7.98907940e-26
 1.40000000e+01  1.51960988e+09  2.03088000e+12  7.53375900e-26
 1.41000000e+01  1.44506581e+09  2.00926500e+12  7.24126240e-26
 1.42000000e+01  1.37177761e+09  1.98765000e+12  6.94876580e-26
 1.43000000e+01  1.29974527e+09  1.96603500e+12  6.65626920e-26
 1.44000000e+01  1.22896879e+09  1.94442000e+12  6.36377260e-26
 1.45000000e+01  1.15944817e+09  1.92280500e+12  6.07127600e-26
 1.46000000e+01  1.09707037e+09  1.89955500e+12  5.81495680e-26
 1.47000000e+01  1.03587635e+09  1.87630500e+12  5.55863760e-26
 1.48000000e+01  9.75866107e+08  1.85305500e+12  5.30231840e-26
 1.49000000e+01  9.17039641e+08  1.82980500e+12  5.04599920e-26
 1.50000000e+01  8.59396952e+08  1.80655500e+12  4.78968000e-26
 1.51000000e+01  8.10015270e+08  1.78832400e+12  4.56048340e-26
 1.52000000e+01  7.61463601e+08  1.77009300e+12  4.33128680e-26
 1.53000000e+01  7.13741945e+08  1.75186200e+12  4.10209020e-26
 1.54000000e+01  6.66850302e+08  1.73363100e+12  3.87289360e-26
 1.55000000e+01  6.20788671e+08  1.71540000e+12  3.64369700e-26
 1.56000000e+01  5.81809223e+08  1.69714200e+12  3.45164640e-26
 1.57000000e+01  5.43526298e+08  1.67888400e+12  3.25959580e-26
 1.58000000e+01  5.05939895e+08  1.66062600e+12  3.06754520e-26
 1.59000000e+01  4.69050014e+08  1.64236800e+12  2.87549460e-26
 1.60000000e+01  4.32856655e+08  1.62411000e+12  2.68344400e-26
 1.61000000e+01  4.05019408e+08  1.60332600e+12  2.54341880e-26
 1.62000000e+01  3.77760259e+08  1.58254200e+12  2.40339360e-26
 1.63000000e+01  3.51079208e+08  1.56175800e+12  2.26336840e-26
 1.64000000e+01  3.24976254e+08  1.54097400e+12  2.12334320e-26
 1.65000000e+01  2.99451399e+08  1.52019000e+12  1.98331800e-26
 1.66000000e+01  2.81762044e+08  1.50563400e+12  1.88419980e-26
 1.67000000e+01  2.64359279e+08  1.49107800e+12  1.78508160e-26
 1.68000000e+01  2.47243104e+08  1.47652200e+12  1.68596340e-26
 1.69000000e+01  2.30413519e+08  1.46196600e+12  1.58684520e-26
 1.70000000e+01  2.13870525e+08  1.44741000e+12  1.48772700e-26
 1.71000000e+01  2.02103118e+08  1.43137500e+12  1.42161980e-26
 1.72000000e+01  1.90546274e+08  1.41534000e+12  1.35551260e-26
 1.73000000e+01  1.79199995e+08  1.39930500e+12  1.28940540e-26
 1.74000000e+01  1.68064279e+08  1.38327000e+12  1.22329820e-26
 1.75000000e+01  1.57139127e+08  1.36723500e+12  1.15719100e-26
 1.76000000e+01  1.49077964e+08  1.35229500e+12  1.10995632e-26
 1.77000000e+01  1.41156978e+08  1.33735500e+12  1.06272164e-26
 1.78000000e+01  1.33376169e+08  1.32241500e+12  1.01548696e-26
 1.79000000e+01  1.25735538e+08  1.30747500e+12  9.68252280e-27
 1.80000000e+01  1.18235084e+08  1.29253500e+12  9.21017600e-27
 1.81000000e+01  1.12864053e+08  1.28160000e+12  8.86680220e-27
 1.82000000e+01  1.07567607e+08  1.27066500e+12  8.52342840e-27
 1.83000000e+01  1.02345746e+08  1.25973000e+12  8.18005460e-27
 1.84000000e+01  9.71984705e+07  1.24879500e+12  7.83668080e-27
 1.85000000e+01  9.21257799e+07  1.23786000e+12  7.49330700e-27
 1.86000000e+01  8.80979755e+07  1.22485200e+12  7.24179440e-27
 1.87000000e+01  8.41351596e+07  1.21184400e+12  6.99028180e-27
 1.88000000e+01  8.02373321e+07  1.19883600e+12  6.73876920e-27
 1.89000000e+01  7.64044932e+07  1.18582800e+12  6.48725660e-27
 1.90000000e+01  7.26366427e+07  1.17282000e+12  6.23574400e-27
 1.91000000e+01  6.95919338e+07  1.15962000e+12  6.04236680e-27
 1.92000000e+01  6.65979292e+07  1.14642000e+12  5.84898960e-27
 1.93000000e+01  6.36546289e+07  1.13322000e+12  5.65561240e-27
 1.94000000e+01  6.07620330e+07  1.12002000e+12  5.46223520e-27
 1.95000000e+01  5.79201415e+07  1.10682000e+12  5.26885800e-27
 1.96000000e+01  5.56919994e+07  1.09631700e+12  5.11470440e-27
 1.97000000e+01  5.34960185e+07  1.08581400e+12  4.96055080e-27
 1.98000000e+01  5.13321989e+07  1.07531100e+12  4.80639720e-27
 1.99000000e+01  4.92005406e+07  1.06480800e+12  4.65224360e-27
 2.00000000e+01  4.71010435e+07  1.05430500e+12  4.49809000e-27
 2.01000000e+01  4.54091959e+07  1.04222700e+12  4.38677510e-27
 2.02000000e+01  4.37440546e+07  1.03014900e+12  4.27546020e-27
 2.03000000e+01  4.21056197e+07  1.01807100e+12  4.16414530e-27
 2.04000000e+01  4.04938911e+07  1.00599300e+12  4.05283040e-27
 2.05000000e+01  3.89088689e+07  9.93915000e+11  3.94151550e-27
 2.06000000e+01  3.74213102e+07  9.83697000e+11  3.83020060e-27
 2.07000000e+01  3.59563451e+07  9.73479000e+11  3.71888570e-27
 2.08000000e+01  3.45139736e+07  9.63261000e+11  3.60757080e-27
 2.09000000e+01  3.30941957e+07  9.53043000e+11  3.49625590e-27
 2.10000000e+01  3.16970113e+07  9.42825000e+11  3.38494100e-27
 2.11000000e+01  3.07958604e+07  9.36705000e+11  3.31019350e-27
 2.12000000e+01  2.99037963e+07  9.30585000e+11  3.23544600e-27
 2.13000000e+01  2.90208191e+07  9.24465000e+11  3.16069850e-27
 2.14000000e+01  2.81469287e+07  9.18345000e+11  3.08595100e-27
 2.15000000e+01  2.72821253e+07  9.12225000e+11  3.01120350e-27
 2.16000000e+01  2.63803865e+07  9.04527000e+11  2.93645600e-27
 2.17000000e+01  2.54900777e+07  8.96829000e+11  2.86170850e-27
 2.18000000e+01  2.46111986e+07  8.89131000e+11  2.78696100e-27
 2.19000000e+01  2.37437495e+07  8.81433000e+11  2.71221350e-27
 2.20000000e+01  2.28877302e+07  8.73735000e+11  2.63746600e-27
 2.21000000e+01  2.22167812e+07  8.65902000e+11  2.58330850e-27
 2.22000000e+01  2.15542588e+07  8.58069000e+11  2.52915100e-27
 2.23000000e+01  2.09001631e+07  8.50236000e+11  2.47499350e-27
 2.24000000e+01  2.02544939e+07  8.42403000e+11  2.42083600e-27
 2.25000000e+01  1.96172514e+07  8.34570000e+11  2.36667850e-27
 2.26000000e+01  1.89881598e+07  8.26725000e+11  2.31252100e-27
 2.27000000e+01  1.83675078e+07  8.18880000e+11  2.25836350e-27
 2.28000000e+01  1.77552953e+07  8.11035000e+11  2.20420600e-27
 2.29000000e+01  1.71515223e+07  8.03190000e+11  2.15004850e-27
 2.30000000e+01  1.65561888e+07  7.95345000e+11  2.09589100e-27
 2.31000000e+01  1.60765862e+07  7.86918000e+11  2.05697130e-27
 2.32000000e+01  1.56034985e+07  7.78491000e+11  2.01805160e-27
 2.33000000e+01  1.51369258e+07  7.70064000e+11  1.97913190e-27
 2.34000000e+01  1.46768679e+07  7.61637000e+11  1.94021220e-27
 2.35000000e+01  1.42233250e+07  7.53210000e+11  1.90129250e-27
 2.36000000e+01  1.37640889e+07  7.44123000e+11  1.86237280e-27
 2.37000000e+01  1.33118780e+07  7.35036000e+11  1.82345310e-27
 2.38000000e+01  1.28666923e+07  7.25949000e+11  1.78453340e-27
 2.39000000e+01  1.24285317e+07  7.16862000e+11  1.74561370e-27
 2.40000000e+01  1.19973962e+07  7.07775000e+11  1.70669400e-27
 2.41000000e+01  1.16473417e+07  7.00158000e+11  1.67492220e-27
 2.42000000e+01  1.13020944e+07  6.92541000e+11  1.64315040e-27
 2.43000000e+01  1.09616542e+07  6.84924000e+11  1.61137860e-27
 2.44000000e+01  1.06260213e+07  6.77307000e+11  1.57960680e-27
 2.45000000e+01  1.02951955e+07  6.69690000e+11  1.54783500e-27
 2.46000000e+01  1.00065347e+07  6.64554000e+11  1.51606320e-27
 2.47000000e+01  9.72111523e+06  6.59418000e+11  1.48429140e-27
 2.48000000e+01  9.43893718e+06  6.54282000e+11  1.45251960e-27
 2.49000000e+01  9.16000055e+06  6.49146000e+11  1.42074780e-27
 2.50000000e+01  8.88430531e+06  6.44010000e+11  1.38897600e-27
 2.51000000e+01  8.64872807e+06  6.37908000e+11  1.36507990e-27
 2.52000000e+01  8.41604728e+06  6.31806000e+11  1.34118380e-27
 2.53000000e+01  8.18626294e+06  6.25704000e+11  1.31728770e-27
 2.54000000e+01  7.95937504e+06  6.19602000e+11  1.29339160e-27
 2.55000000e+01  7.73538359e+06  6.13500000e+11  1.26949550e-27
 2.56000000e+01  7.51054009e+06  6.07095000e+11  1.24559940e-27
 2.57000000e+01  7.28873685e+06  6.00690000e+11  1.22170330e-27
 2.58000000e+01  7.06997389e+06  5.94285000e+11  1.19780720e-27
 2.59000000e+01  6.85425120e+06  5.87880000e+11  1.17391110e-27
 2.60000000e+01  6.64156878e+06  5.81475000e+11  1.15001500e-27
 2.61000000e+01  6.46956784e+06  5.75478000e+11  1.13190616e-27
 2.62000000e+01  6.29972410e+06  5.69481000e+11  1.11379732e-27
 2.63000000e+01  6.13203756e+06  5.63484000e+11  1.09568848e-27
 2.64000000e+01  5.96650823e+06  5.57487000e+11  1.07757964e-27
 2.65000000e+01  5.80313609e+06  5.51490000e+11  1.05947080e-27
 2.66000000e+01  5.63549829e+06  5.44872000e+11  1.04136196e-27
 2.67000000e+01  5.47024106e+06  5.38254000e+11  1.02325312e-27
 2.68000000e+01  5.30736443e+06  5.31636000e+11  1.00514428e-27
 2.69000000e+01  5.14686837e+06  5.25018000e+11  9.87035440e-28
 2.70000000e+01  4.98875290e+06  5.18400000e+11  9.68926600e-28
 2.71000000e+01  4.86628639e+06  5.13150000e+11  9.54810550e-28
 2.72000000e+01  4.74529198e+06  5.07900000e+11  9.40694500e-28
 2.73000000e+01  4.62576967e+06  5.02650000e+11  9.26578450e-28
 2.74000000e+01  4.50771947e+06  4.97400000e+11  9.12462400e-28
 2.75000000e+01  4.39114137e+06  4.92150000e+11  8.98346350e-28
 2.76000000e+01  4.28141006e+06  4.87512000e+11  8.84230300e-28
 2.77000000e+01  4.17297925e+06  4.82874000e+11  8.70114250e-28
 2.78000000e+01  4.06584894e+06  4.78236000e+11  8.55998200e-28
 2.79000000e+01  3.96001912e+06  4.73598000e+11  8.41882150e-28
 2.80000000e+01  3.85548981e+06  4.68960000e+11  8.27766100e-28
 2.81000000e+01  3.75404836e+06  4.63620000e+11  8.15270220e-28
 2.82000000e+01  3.65393240e+06  4.58280000e+11  8.02774340e-28
 2.83000000e+01  3.55514192e+06  4.52940000e+11  7.90278460e-28
 2.84000000e+01  3.45767693e+06  4.47600000e+11  7.77782580e-28
 2.85000000e+01  3.36153741e+06  4.42260000e+11  7.65286700e-28
 2.86000000e+01  3.27448421e+06  4.37958000e+11  7.52790820e-28
 2.87000000e+01  3.18849883e+06  4.33656000e+11  7.40294940e-28
 2.88000000e+01  3.10358129e+06  4.29354000e+11  7.27799060e-28
 2.89000000e+01  3.01973159e+06  4.25052000e+11  7.15303180e-28
 2.90000000e+01  2.93694971e+06  4.20750000e+11  7.02807300e-28
 2.91000000e+01  2.86929858e+06  4.16442000e+11  6.93721410e-28
 2.92000000e+01  2.80242497e+06  4.12134000e+11  6.84635520e-28
 2.93000000e+01  2.73632887e+06  4.07826000e+11  6.75549630e-28
 2.94000000e+01  2.67101028e+06  4.03518000e+11  6.66463740e-28
 2.95000000e+01  2.60646922e+06  3.99210000e+11  6.57377850e-28
 2.96000000e+01  2.53944118e+06  3.94395000e+11  6.48291960e-28
 2.97000000e+01  2.47328216e+06  3.89580000e+11  6.39206070e-28
 2.98000000e+01  2.40799217e+06  3.84765000e+11  6.30120180e-28
 2.99000000e+01  2.34357119e+06  3.79950000e+11  6.21034290e-28
 3.00000000e+01  2.28001924e+06  3.75135000e+11  6.11948400e-28
 3.01000000e+01  2.22634187e+06  3.70317000e+11  6.05315900e-28
 3.02000000e+01  2.17329926e+06  3.65499000e+11  5.98683400e-28
 3.03000000e+01  2.12089141e+06  3.60681000e+11  5.92050900e-28
 3.04000000e+01  2.06911832e+06  3.55863000e+11  5.85418400e-28
 3.05000000e+01  2.01797999e+06  3.51045000e+11  5.78785900e-28
 3.06000000e+01  1.97047685e+06  3.46755000e+11  5.72153400e-28
 3.07000000e+01  1.92353891e+06  3.42465000e+11  5.65520900e-28
 3.08000000e+01  1.87716616e+06  3.38175000e+11  5.58888400e-28
 3.09000000e+01  1.83135861e+06  3.33885000e+11  5.52255900e-28
 3.10000000e+01  1.78611626e+06  3.29595000e+11  5.45623400e-28
 3.11000000e+01  1.74071160e+06  3.25169100e+11  5.38990900e-28
 3.12000000e+01  1.69589005e+06  3.20743200e+11  5.32358400e-28
 3.13000000e+01  1.65165159e+06  3.16317300e+11  5.25725900e-28
 3.14000000e+01  1.60799624e+06  3.11891400e+11  5.19093400e-28
 3.15000000e+01  1.56492399e+06  3.07465500e+11  5.12460900e-28
 3.16000000e+01  1.52120198e+06  3.02794200e+11  5.05828400e-28
 3.17000000e+01  1.47809541e+06  2.98122900e+11  4.99195900e-28
 3.18000000e+01  1.43560427e+06  2.93451600e+11  4.92563400e-28
 3.19000000e+01  1.39372857e+06  2.88780300e+11  4.85930900e-28
 3.20000000e+01  1.35246829e+06  2.84109000e+11  4.79298400e-28
 3.21000000e+01  1.32190148e+06  2.80638300e+11  4.74259485e-28
 3.22000000e+01  1.29168205e+06  2.77167600e+11  4.69220570e-28
 3.23000000e+01  1.26181002e+06  2.73696900e+11  4.64181655e-28
 3.24000000e+01  1.23228538e+06  2.70226200e+11  4.59142740e-28
 3.25000000e+01  1.20310814e+06  2.66755500e+11  4.54103825e-28
 3.26000000e+01  1.17056926e+06  2.62453200e+11  4.49064910e-28
 3.27000000e+01  1.13846101e+06  2.58150900e+11  4.44025995e-28
 3.28000000e+01  1.10678339e+06  2.53848600e+11  4.38987080e-28
 3.29000000e+01  1.07553640e+06  2.49546300e+11  4.33948165e-28
 3.30000000e+01  1.04472004e+06  2.45244000e+11  4.28909250e-28
 3.31000000e+01  1.01593827e+06  2.41322700e+11  4.23870335e-28
 3.32000000e+01  9.87548996e+05  2.37401400e+11  4.18831420e-28
 3.33000000e+01  9.59552216e+05  2.33480100e+11  4.13792505e-28
 3.34000000e+01  9.31947930e+05  2.29558800e+11  4.08753590e-28
 3.35000000e+01  9.04736137e+05  2.25637500e+11  4.03714675e-28
 3.36000000e+01  8.78728170e+05  2.21921100e+11  3.98675760e-28
 3.37000000e+01  8.53092188e+05  2.18204700e+11  3.93636845e-28
 3.38000000e+01  8.27828191e+05  2.14488300e+11  3.88597930e-28
 3.39000000e+01  8.02936179e+05  2.10771900e+11  3.83559015e-28
 3.40000000e+01  7.78416153e+05  2.07055500e+11  3.78520100e-28
 3.41000000e+01  7.54939999e+05  2.02609200e+11  3.75160540e-28
 3.42000000e+01  7.31760565e+05  1.98162900e+11  3.71800980e-28
 3.43000000e+01  7.08877852e+05  1.93716600e+11  3.68441420e-28
 3.44000000e+01  6.86291859e+05  1.89270300e+11  3.65081860e-28
 3.45000000e+01  6.64002586e+05  1.84824000e+11  3.61722300e-28
 3.46000000e+01  6.44386903e+05  1.81045500e+11  3.58362740e-28
 3.47000000e+01  6.25023376e+05  1.77267000e+11  3.55003180e-28
 3.48000000e+01  6.05912004e+05  1.73488500e+11  3.51643620e-28
 3.49000000e+01  5.87052787e+05  1.69710000e+11  3.48284060e-28
 3.50000000e+01  5.68445725e+05  1.65931500e+11  3.44924500e-28
 3.51000000e+01  5.49956478e+05  1.62113400e+11  3.41564940e-28
 3.52000000e+01  5.31722030e+05  1.58295300e+11  3.38205380e-28
 3.53000000e+01  5.13742379e+05  1.54477200e+11  3.34845820e-28
 3.54000000e+01  4.96017527e+05  1.50659100e+11  3.31486260e-28
 3.55000000e+01  4.78547472e+05  1.46841000e+11  3.28126700e-28
 3.56000000e+01  4.60982884e+05  1.42914600e+11  3.24767140e-28
 3.57000000e+01  4.43680322e+05  1.38988200e+11  3.21407580e-28
 3.58000000e+01  4.26639785e+05  1.35061800e+11  3.18048020e-28
 3.59000000e+01  4.09861273e+05  1.31135400e+11  3.14688460e-28
 3.60000000e+01  3.93344786e+05  1.27209000e+11  3.11328900e-28
 3.61000000e+01  3.78684289e+05  1.23521100e+11  3.08673975e-28
 3.62000000e+01  3.64218282e+05  1.19833200e+11  3.06019050e-28
 3.63000000e+01  3.49946765e+05  1.16145300e+11  3.03364125e-28
 3.64000000e+01  3.35869738e+05  1.12457400e+11  3.00709200e-28
 3.65000000e+01  3.21987201e+05  1.08769500e+11  2.98054275e-28
 3.66000000e+01  3.06743893e+05  1.04551500e+11  2.95399350e-28
 3.67000000e+01  2.91723031e+05  1.00333500e+11  2.92744425e-28
 3.68000000e+01  2.76924615e+05  9.61155000e+10  2.90089500e-28
 3.69000000e+01  2.62348646e+05  9.18975000e+10  2.87434575e-28
 3.70000000e+01  2.47995122e+05  8.76795000e+10  2.84779650e-28
 3.71000000e+01  2.32551840e+05  8.29932000e+10  2.82124725e-28
 3.72000000e+01  2.17355702e+05  7.83069000e+10  2.79469800e-28
 3.73000000e+01  2.02406707e+05  7.36206000e+10  2.76814875e-28
 3.74000000e+01  1.87704854e+05  6.89343000e+10  2.74159950e-28
 3.75000000e+01  1.73250145e+05  6.42480000e+10  2.71505025e-28
 3.76000000e+01  1.60786497e+05  6.02148000e+10  2.68850100e-28
 3.77000000e+01  1.48535549e+05  5.61816000e+10  2.66195175e-28
 3.78000000e+01  1.36497301e+05  5.21484000e+10  2.63540250e-28
 3.79000000e+01  1.24671753e+05  4.81152000e+10  2.60885325e-28
 3.80000000e+01  1.13058906e+05  4.40820000e+10  2.58230400e-28
 3.81000000e+01  1.03814344e+05  4.07392200e+10  2.56571570e-28
 3.82000000e+01  9.46799291e+04  3.73964400e+10  2.54912740e-28
 3.83000000e+01  8.56556622e+04  3.40536600e+10  2.53253910e-28
 3.84000000e+01  7.67415430e+04  3.07108800e+10  2.51595080e-28
 3.85000000e+01  6.79375717e+04  2.73681000e+10  2.49936250e-28
 3.86000000e+01  6.06496001e+04  2.45954400e+10  2.48277420e-28
 3.87000000e+01  5.34529904e+04  2.18227800e+10  2.46618590e-28
 3.88000000e+01  4.63477425e+04  1.90501200e+10  2.44959760e-28
 3.89000000e+01  3.93338564e+04  1.62774600e+10  2.43300930e-28
 3.90000000e+01  3.24113321e+04  1.35048000e+10  2.41642100e-28
 3.91000000e+01  2.80464523e+04  1.17668670e+10  2.39983270e-28
 3.92000000e+01  2.37388391e+04  1.00289340e+10  2.38324440e-28
 3.93000000e+01  1.94884924e+04  8.29100100e+09  2.36665610e-28
 3.94000000e+01  1.52954123e+04  6.55306800e+09  2.35006780e-28
 3.95000000e+01  1.11595988e+04  4.81513500e+09  2.33347950e-28
 3.96000000e+01  9.42980231e+03  4.09789500e+09  2.31689120e-28
 3.97000000e+01  7.72363962e+03  3.38065500e+09  2.30030290e-28
 3.98000000e+01  6.04111067e+03  2.66341500e+09  2.28371460e-28
 3.99000000e+01  4.38221546e+03  1.94617500e+09  2.26712630e-28
 4.00000000e+01  2.74695399e+03  1.22893500e+09  2.25053800e-28
 4.01000000e+01  2.18311796e+03  9.83148000e+08  2.23574455e-28
 4.02000000e+01  1.62650455e+03  7.37361000e+08  2.22095110e-28
 4.03000000e+01  1.07711375e+03  4.91574000e+08  2.20615765e-28
 4.04000000e+01  5.34945567e+02  2.45787000e+08  2.19136420e-28
 4.05000000e+01  0.00000000e+00  0.00000000e+00  2.17657075e-28
 4.06000000e+01  0.00000000e+00  0.00000000e+00  2.16177730e-28
 4.07000000e+01  0.00000000e+00  0.00000000e+00  2.14698385e-28
 4.08000000e+01  0.00000000e+00  0.00000000e+00  2.13219040e-28
 4.09000000e+01  0.00000000e+00  0.00000000e+00  2.11739695e-28
 4.10000000e+01  0.00000000e+00  0.00000000e+00  2.10260350e-28
 4.11000000e+01  0.00000000e+00  0.00000000e+00  2.08781005e-28
 4.12000000e+01  0.00000000e+00  0.00000000e+00  2.07301660e-28
 4.13000000e+01  0.00000000e+00  0.00000000e+00  2.05822315e-28
 4.14000000e+01  0.00000000e+00  0.00000000e+00  2.04342970e-28
 4.15000000e+01  0.00000000e+00  0.00000000e+00  2.02863625e-28
 4.16000000e+01  0.00000000e+00  0.00000000e+00  2.01384280e-28
 4.17000000e+01  0.00000000e+00  0.00000000e+00  1.99904935e-28
 4.18000000e+01  0.00000000e+00  0.00000000e+00  1.98425590e-28
 4.19000000e+01  0.00000000e+00  0.00000000e+00  1.96946245e-28
 4.20000000e+01  0.00000000e+00  0.00000000e+00  1.95466900e-28
 4.21000000e+01  0.00000000e+00  0.00000000e+00  1.94360320e-28
 4.22000000e+01  0.00000000e+00  0.00000000e+00  1.93253740e-28
 4.23000000e+01  0.00000000e+00  0.00000000e+00  1.92147160e-28
 4.24000000e+01  0.00000000e+00  0.00000000e+00  1.91040580e-28
 4.25000000e+01  0.00000000e+00  0.00000000e+00  1.89934000e-28
 4.26000000e+01  0.00000000e+00  0.00000000e+00  1.88827420e-28
 4.27000000e+01  0.00000000e+00  0.00000000e+00  1.87720840e-28
 4.28000000e+01  0.00000000e+00  0.00000000e+00  1.86614260e-28
 4.29000000e+01  0.00000000e+00  0.00000000e+00  1.85507680e-28
 4.30000000e+01  0.00000000e+00  0.00000000e+00  1.84401100e-28
 4.31000000e+01  0.00000000e+00  0.00000000e+00  1.83294520e-28
 4.32000000e+01  0.00000000e+00  0.00000000e+00  1.82187940e-28
 4.33000000e+01  0.00000000e+00  0.00000000e+00  1.81081360e-28
 4.34000000e+01  0.00000000e+00  0.00000000e+00  1.79974780e-28
 4.35000000e+01  0.00000000e+00  0.00000000e+00  1.78868200e-28
 4.36000000e+01  0.00000000e+00  0.00000000e+00  1.77761620e-28
 4.37000000e+01  0.00000000e+00  0.00000000e+00  1.76655040e-28
 4.38000000e+01  0.00000000e+00  0.00000000e+00  1.75548460e-28
 4.39000000e+01  0.00000000e+00  0.00000000e+00  1.74441880e-28
 4.40000000e+01  0.00000000e+00  0.00000000e+00  1.73335300e-28
 4.41000000e+01  0.00000000e+00  0.00000000e+00  1.72441315e-28
 4.42000000e+01  0.00000000e+00  0.00000000e+00  1.71547330e-28
 4.43000000e+01  0.00000000e+00  0.00000000e+00  1.70653345e-28
 4.44000000e+01  0.00000000e+00  0.00000000e+00  1.69759360e-28
 4.45000000e+01  0.00000000e+00  0.00000000e+00  1.68865375e-28
 4.46000000e+01  0.00000000e+00  0.00000000e+00  1.67971390e-28
 4.47000000e+01  0.00000000e+00  0.00000000e+00  1.67077405e-28
 4.48000000e+01  0.00000000e+00  0.00000000e+00  1.66183420e-28
 4.49000000e+01  0.00000000e+00  0.00000000e+00  1.65289435e-28
 4.50000000e+01  0.00000000e+00  0.00000000e+00  1.64395450e-28
 4.51000000e+01  0.00000000e+00  0.00000000e+00  1.63501465e-28
 4.52000000e+01  0.00000000e+00  0.00000000e+00  1.62607480e-28
 4.53000000e+01  0.00000000e+00  0.00000000e+00  1.61713495e-28
 4.54000000e+01  0.00000000e+00  0.00000000e+00  1.60819510e-28
 4.55000000e+01  0.00000000e+00  0.00000000e+00  1.59925525e-28
 4.56000000e+01  0.00000000e+00  0.00000000e+00  1.59031540e-28
 4.57000000e+01  0.00000000e+00  0.00000000e+00  1.58137555e-28
 4.58000000e+01  0.00000000e+00  0.00000000e+00  1.57243570e-28
 4.59000000e+01  0.00000000e+00  0.00000000e+00  1.56349585e-28
 4.60000000e+01  0.00000000e+00  0.00000000e+00  1.55455600e-28
 4.61000000e+01  0.00000000e+00  0.00000000e+00  1.54835485e-28
 4.62000000e+01  0.00000000e+00  0.00000000e+00  1.54215370e-28
 4.63000000e+01  0.00000000e+00  0.00000000e+00  1.53595255e-28
 4.64000000e+01  0.00000000e+00  0.00000000e+00  1.52975140e-28
 4.65000000e+01  0.00000000e+00  0.00000000e+00  1.52355025e-28
 4.66000000e+01  0.00000000e+00  0.00000000e+00  1.51734910e-28
 4.67000000e+01  0.00000000e+00  0.00000000e+00  1.51114795e-28
 4.68000000e+01  0.00000000e+00  0.00000000e+00  1.50494680e-28
 4.69000000e+01  0.00000000e+00  0.00000000e+00  1.49874565e-28
 4.70000000e+01  0.00000000e+00  0.00000000e+00  1.49254450e-28
 4.71000000e+01  0.00000000e+00  0.00000000e+00  1.48634335e-28
 4.72000000e+01  0.00000000e+00  0.00000000e+00  1.48014220e-28
 4.73000000e+01  0.00000000e+00  0.00000000e+00  1.47394105e-28
 4.74000000e+01  0.00000000e+00  0.00000000e+00  1.46773990e-28
 4.75000000e+01  0.00000000e+00  0.00000000e+00  1.46153875e-28
 4.76000000e+01  0.00000000e+00  0.00000000e+00  1.45533760e-28
 4.77000000e+01  0.00000000e+00  0.00000000e+00  1.44913645e-28
 4.78000000e+01  0.00000000e+00  0.00000000e+00  1.44293530e-28
 4.79000000e+01  0.00000000e+00  0.00000000e+00  1.43673415e-28
 4.80000000e+01  0.00000000e+00  0.00000000e+00  1.43053300e-28
 4.81000000e+01  0.00000000e+00  0.00000000e+00  1.42414940e-28
 4.82000000e+01  0.00000000e+00  0.00000000e+00  1.41776580e-28
 4.83000000e+01  0.00000000e+00  0.00000000e+00  1.41138220e-28
 4.84000000e+01  0.00000000e+00  0.00000000e+00  1.40499860e-28
 4.85000000e+01  0.00000000e+00  0.00000000e+00  1.39861500e-28
 4.86000000e+01  0.00000000e+00  0.00000000e+00  1.39223140e-28
 4.87000000e+01  0.00000000e+00  0.00000000e+00  1.38584780e-28
 4.88000000e+01  0.00000000e+00  0.00000000e+00  1.37946420e-28
 4.89000000e+01  0.00000000e+00  0.00000000e+00  1.37308060e-28
 4.90000000e+01  0.00000000e+00  0.00000000e+00  1.36669700e-28
 4.91000000e+01  0.00000000e+00  0.00000000e+00  1.36031340e-28
 4.92000000e+01  0.00000000e+00  0.00000000e+00  1.35392980e-28
 4.93000000e+01  0.00000000e+00  0.00000000e+00  1.34754620e-28
 4.94000000e+01  0.00000000e+00  0.00000000e+00  1.34116260e-28
 4.95000000e+01  0.00000000e+00  0.00000000e+00  1.33477900e-28
 4.96000000e+01  0.00000000e+00  0.00000000e+00  1.32839540e-28
 4.97000000e+01  0.00000000e+00  0.00000000e+00  1.32201180e-28
 4.98000000e+01  0.00000000e+00  0.00000000e+00  1.31562820e-28
 4.99000000e+01  0.00000000e+00  0.00000000e+00  1.30924460e-28
 5.00000000e+01  0.00000000e+00  0.00000000e+00  1.30286100e-28
